SCALE 16
Edgefactor 16.0
MPI-Nodes 1
Num-ST-CON=100
Filename graphs/symmetric/hugetrace-00000.mtx.alt
Seed1 1810225829
Seed2 844406485
ST-CON-RUN RED-V BLUE-V DEPTH MN-FOUND TIME(Sec) TEPS
0 2113212 41018 670 1 0.281305 4.71814e+06
1 832214 108312 623 1 0.258437 5.18219e+06
2 1513171 2406743 395 1 0.160012 3.42215e+06
3 35883 3396409 149 1 0.0716981 1.29418e+06
4 765344 2223951 855 1 0.436284 5.75022e+06
5 980352 3226181 747 1 0.324068 5.78173e+06
6 2467653 34428 278 1 0.119131 2.88202e+06
7 3950881 4272948 330 1 0.136189 2.75822e+06
8 44747 1538758 1509 1 0.756861 6.65515e+06
9 1254018 3664804 764 1 0.330909 5.4046e+06
10 941979 2774031 1031 1 0.469299 5.48512e+06
11 503861 3543839 811 1 0.338659 5.12765e+06
12 1269192 3766258 602 1 0.248014 5.29025e+06
13 1063750 2432704 787 1 0.410836 6.04228e+06
14 446156 4006060 780 1 0.323583 5.53188e+06
15 1177202 1261719 836 1 0.440056 6.05656e+06
16 1620629 4172698 584 1 0.245088 4.6551e+06
17 1870884 2849858 95 1 0.0530844 716255
18 3132685 4122263 956 1 0.452597 5.74142e+06
19 1765575 2883930 1501 1 0.851588 6.30709e+06
20 3913947 1709821 1303 1 0.679034 6.49724e+06
21 587348 2025094 416 1 0.168894 4.01793e+06
22 4327399 1857485 778 1 0.398844 6.50063e+06
23 4030271 1175469 1070 1 0.58505 6.57162e+06
24 2680568 4253072 372 1 0.151999 4.03508e+06
25 3215708 1648240 885 1 0.458387 6.24312e+06
26 1250056 3255246 828 1 0.391634 5.73451e+06
27 419568 1638882 119 1 0.0615779 1.04617e+06
28 2148339 1869964 1715 1 0.969106 6.40106e+06
29 721469 4185574 131 1 0.0657839 1.16545e+06
30 3047130 3520897 906 1 0.396101 6.13679e+06
31 2665397 2077046 769 1 0.408676 6.40252e+06
32 3852377 2397469 133 1 0.0664252 933440
33 2215393 2991051 636 1 0.25489 4.96339e+06
34 2158832 2884536 196 1 0.0888999 1.80941e+06
35 3044434 3969053 702 1 0.303029 5.89044e+06
36 3229806 3536461 674 1 0.309167 5.11687e+06
37 416053 1767111 269 1 0.114991 2.64752e+06
38 3777736 3430717 703 1 0.311335 5.4108e+06
39 2687592 4201245 1439 1 0.768393 6.68884e+06
40 1617560 2773362 692 1 0.305657 5.59837e+06
41 2958768 2453727 1084 1 0.554611 6.12506e+06
42 464553 4241083 545 1 0.21492 4.57697e+06
43 3231174 2266982 850 1 0.406416 5.7271e+06
44 553477 4493681 676 1 0.333711 5.81634e+06
45 2517405 650593 601 1 0.295361 5.50899e+06
46 923241 3902019 313 1 0.132589 3.26077e+06
47 525526 2190020 1325 1 0.646423 6.77841e+06
48 3654098 3625974 1105 1 0.604585 7.25923e+06
49 1923009 1372632 180 1 0.0827586 1.66273e+06
50 2838004 324405 315 1 0.132652 2.29955e+06
51 895058 539730 903 1 0.476219 6.64259e+06
52 2916781 727989 1311 1 0.690125 6.2919e+06
53 40335 1277237 927 1 0.514378 6.55259e+06
54 735140 2055084 902 1 0.471264 5.88295e+06
55 508831 2413600 678 1 0.324049 5.57273e+06
56 4157723 1429868 496 1 0.197697 4.37167e+06
57 1039315 453393 506 1 0.228474 4.95867e+06
58 2969286 864277 972 1 0.515055 6.92838e+06
59 2401304 1446078 459 1 0.181743 3.897e+06
60 3170839 3537717 607 1 0.238624 5.36712e+06
61 3686393 901662 1253 1 0.706273 6.77481e+06
62 2818370 4185926 363 1 0.149163 3.15499e+06
63 1405250 120952 541 1 0.241749 4.87245e+06
64 3982573 2533021 1319 1 0.707818 6.30617e+06
65 3142119 808096 640 1 0.301806 5.31322e+06
66 366410 1831609 1124 1 0.599338 5.78093e+06
67 4093570 3850821 371 1 0.1528 3.89298e+06
68 4517544 1601915 268 1 0.114745 2.36635e+06
69 18734 400903 404 1 0.168506 4.4072e+06
70 1133008 379870 1211 1 0.634324 6.60194e+06
71 11994 870389 1298 1 0.732288 6.90403e+06
72 561442 2431033 893 1 0.419082 5.55709e+06
73 1288486 3424648 934 1 0.490145 6.26663e+06
74 2528297 2321970 483 1 0.190955 3.59377e+06
75 2748087 265178 570 1 0.264433 5.05905e+06
76 2981018 1399138 832 1 0.450047 6.35098e+06
77 3936647 278308 1276 1 0.694505 6.87274e+06
78 1972790 4029098 381 1 0.154029 2.23313e+06
79 3146200 1543923 334 1 0.139565 3.78415e+06
80 596868 1766769 875 1 0.450351 5.54265e+06
81 99788 3289198 711 1 0.342692 5.57833e+06
82 1184575 3602829 442 1 0.179351 4.65343e+06
83 3632432 1990739 1226 1 0.654352 6.61553e+06
84 2268238 3443443 450 1 0.181626 4.42343e+06
85 2005671 4220605 119 1 0.0619329 972198
86 2043109 2483747 668 1 0.313449 5.37033e+06
87 2959832 1083773 429 1 0.173093 3.52177e+06
88 1697067 3103969 911 1 0.499498 6.36039e+06
89 4327563 1501045 550 1 0.248656 5.02213e+06
90 2749932 2954744 1011 1 0.473809 5.75723e+06
91 338521 3742164 310 1 0.131055 3.3074e+06
92 4115428 4139652 474 1 0.202568 4.71109e+06
93 2900739 3868725 650 1 0.30153 5.33665e+06
94 3724283 300707 1265 1 0.621964 6.7652e+06
95 3171116 277624 1205 1 0.632978 6.41795e+06
96 810314 4114139 436 1 0.174985 3.55906e+06
97 863969 2295178 992 1 0.471762 6.01902e+06
98 2345822 1539692 585 1 0.295024 5.60258e+06
99 310009 4331000 212 1 0.0960945 1.86404e+06
max-ST-CON-level 1715
min_time 0.0530844 s
max_time 0.969106 s
mean_time 0.350256 s
stddev_time 0.208885
min_CONPS                   1.03188 
max_CONPS                   18.8379 
mean_CONPS                  4.52588 
stddev_CONPS                3.72966 
mean_ST, mean_time, stddev_ST: 4.52588, 0.350256, 3.72966 
-----ST_CON_VISITED_NODES-----
min_visited, max_visited, mean_visited, stddev_visited: 25316, 4.13765e+06, 1.34317e+06, 1.02015e+06
