SCALE 16
Edgefactor 16.0
MPI-Nodes 1
Num-ST-CON=100
Filename graphs/symmetric/hugetrace-00000.mtx.alt
Seed1 76304673
Seed2 644531928
ST-CON-RUN RED-V BLUE-V DEPTH MN-FOUND TIME(Sec) TEPS
0 2113212 41018 670 1 0.27817 4.77131e+06
1 832214 108312 623 1 0.255579 5.24013e+06
2 1513171 2406743 395 1 0.158 3.46573e+06
3 35883 3396409 149 1 0.07157 1.29649e+06
4 765344 2223951 855 1 0.436118 5.75241e+06
5 980352 3226181 747 1 0.323954 5.78377e+06
6 2467653 34428 278 1 0.118381 2.90029e+06
7 3950881 4272948 330 1 0.135745 2.76724e+06
8 44747 1538758 1509 1 0.757182 6.65233e+06
9 1254018 3664804 764 1 0.328783 5.43955e+06
10 941979 2774031 1031 1 0.467426 5.50711e+06
11 503861 3543839 811 1 0.337841 5.14006e+06
12 1269192 3766258 602 1 0.246634 5.31986e+06
13 1063750 2432704 787 1 0.410055 6.05379e+06
14 446156 4006060 780 1 0.320802 5.57984e+06
15 1177202 1261719 836 1 0.438554 6.07729e+06
16 1620629 4172698 584 1 0.243434 4.68673e+06
17 1870884 2849858 95 1 0.0528684 719182
18 3132685 4122263 956 1 0.450752 5.76492e+06
19 1765575 2883930 1501 1 0.849687 6.32119e+06
20 3913947 1709821 1303 1 0.677779 6.50927e+06
21 587348 2025094 416 1 0.166793 4.06856e+06
22 4327399 1857485 778 1 0.397394 6.52434e+06
23 4030271 1175469 1070 1 0.586174 6.55903e+06
24 2680568 4253072 372 1 0.150648 4.07127e+06
25 3215708 1648240 885 1 0.457146 6.26007e+06
26 1250056 3255246 828 1 0.389397 5.76745e+06
27 419568 1638882 119 1 0.0612888 1.05111e+06
28 2148339 1869964 1715 1 0.968891 6.40248e+06
29 721469 4185574 131 1 0.0657308 1.16641e+06
30 3047130 3520897 906 1 0.393847 6.17189e+06
31 2665397 2077046 769 1 0.408477 6.40565e+06
32 3852377 2397469 133 1 0.0661642 937154
33 2215393 2991051 636 1 0.252634 5.00771e+06
34 2158832 2884536 196 1 0.0881436 1.82494e+06
35 3044434 3969053 702 1 0.301605 5.91826e+06
36 3229806 3536461 674 1 0.307989 5.13645e+06
37 416053 1767111 269 1 0.114649 2.65542e+06
38 3777736 3430717 703 1 0.31117 5.41368e+06
39 2687592 4201245 1439 1 0.767963 6.69258e+06
40 1617560 2773362 692 1 0.303578 5.63671e+06
41 2958768 2453727 1084 1 0.553722 6.1349e+06
42 464553 4241083 545 1 0.212701 4.62473e+06
43 3231174 2266982 850 1 0.404016 5.76112e+06
44 553477 4493681 676 1 0.333567 5.81885e+06
45 2517405 650593 601 1 0.294408 5.52683e+06
46 923241 3902019 313 1 0.131285 3.29317e+06
47 525526 2190020 1325 1 0.64421 6.80169e+06
48 3654098 3625974 1105 1 0.604278 7.26291e+06
49 1923009 1372632 180 1 0.0825807 1.66631e+06
50 2838004 324405 315 1 0.131389 2.32163e+06
51 895058 539730 903 1 0.476254 6.64209e+06
52 2916781 727989 1311 1 0.688241 6.30912e+06
53 40335 1277237 927 1 0.514327 6.55325e+06
54 735140 2055084 902 1 0.469915 5.89984e+06
55 508831 2413600 678 1 0.323649 5.57962e+06
56 4157723 1429868 496 1 0.194705 4.43884e+06
57 1039315 453393 506 1 0.228457 4.95905e+06
58 2969286 864277 972 1 0.51492 6.9302e+06
59 2401304 1446078 459 1 0.181262 3.90733e+06
60 3170839 3537717 607 1 0.237364 5.39564e+06
61 3686393 901662 1253 1 0.707618 6.76193e+06
62 2818370 4185926 363 1 0.147453 3.19159e+06
63 1405250 120952 541 1 0.239419 4.91987e+06
64 3982573 2533021 1319 1 0.707552 6.30854e+06
65 3142119 808096 640 1 0.299982 5.34552e+06
66 366410 1831609 1124 1 0.599237 5.78191e+06
67 4093570 3850821 371 1 0.15096 3.94046e+06
68 4517544 1601915 268 1 0.11405 2.38076e+06
69 18734 400903 404 1 0.168076 4.41845e+06
70 1133008 379870 1211 1 0.632285 6.62324e+06
71 11994 870389 1298 1 0.732112 6.90569e+06
72 561442 2431033 893 1 0.417719 5.57522e+06
73 1288486 3424648 934 1 0.490639 6.26032e+06
74 2528297 2321970 483 1 0.189604 3.61938e+06
75 2748087 265178 570 1 0.262501 5.09629e+06
76 2981018 1399138 832 1 0.44937 6.36055e+06
77 3936647 278308 1276 1 0.693898 6.87875e+06
78 1972790 4029098 381 1 0.152675 2.25294e+06
79 3146200 1543923 334 1 0.13905 3.79816e+06
80 596868 1766769 875 1 0.449608 5.5518e+06
81 99788 3289198 711 1 0.341542 5.59712e+06
82 1184575 3602829 442 1 0.178463 4.67658e+06
83 3632432 1990739 1226 1 0.653968 6.61942e+06
84 2268238 3443443 450 1 0.179941 4.46486e+06
85 2005671 4220605 119 1 0.0619487 971949
86 2043109 2483747 668 1 0.312971 5.37853e+06
87 2959832 1083773 429 1 0.170723 3.57064e+06
88 1697067 3103969 911 1 0.498802 6.36926e+06
89 4327563 1501045 550 1 0.247035 5.05509e+06
90 2749932 2954744 1011 1 0.471067 5.79075e+06
91 338521 3742164 310 1 0.129959 3.33528e+06
92 4115428 4139652 474 1 0.201967 4.72513e+06
93 2900739 3868725 650 1 0.299688 5.36946e+06
94 3724283 300707 1265 1 0.619601 6.79101e+06
95 3171116 277624 1205 1 0.631677 6.43117e+06
96 810314 4114139 436 1 0.173872 3.58183e+06
97 863969 2295178 992 1 0.469383 6.04952e+06
98 2345822 1539692 585 1 0.293161 5.63819e+06
99 310009 4331000 212 1 0.0951216 1.8831e+06
max-ST-CON-level 1715
min_time 0.0528684 s
max_time 0.968891 s
mean_time 0.349149 s
stddev_time 0.208993
min_CONPS                   1.03211 
max_CONPS                   18.9149 
mean_CONPS                  4.54942 
stddev_CONPS                3.74612 
mean_ST, mean_time, stddev_ST: 4.54942, 0.349149, 3.74612 
-----ST_CON_VISITED_NODES-----
min_visited, max_visited, mean_visited, stddev_visited: 25316, 4.13765e+06, 1.34317e+06, 1.02015e+06
