SCALE 16
Edgefactor 16.0
MPI-Nodes 1
Num-ST-CON=100
Filename graphs/symmetric/hugetric-00000.mtx.alt
Seed1 452963408
Seed2 205525250
ST-CON-RUN RED-V BLUE-V DEPTH MN-FOUND TIME(Sec) TEPS
0 2682481 52067 691 1 0.391592 5.07345e+06
1 1056400 137490 241 1 0.121952 2.21715e+06
2 1920797 3055084 797 1 0.46089 6.19699e+06
3 45549 4311351 417 1 0.193754 3.75535e+06
4 971516 2823051 726 1 0.386719 5.07186e+06
5 1244445 4095266 618 1 0.342221 5.07928e+06
6 3132403 43703 864 1 0.522613 6.71889e+06
7 5015190 5424017 855 1 0.517557 6.62633e+06
8 56802 1953277 832 1 0.49553 6.52456e+06
9 1591832 4652048 965 1 0.518926 5.68693e+06
10 1195734 3521313 789 1 0.46775 5.5961e+06
11 639594 4498497 899 1 0.550136 7.18511e+06
12 1611093 4780832 642 1 0.360105 5.19564e+06
13 1350309 3088039 263 1 0.131166 2.45111e+06
14 566344 5085233 908 1 0.516538 5.96087e+06
15 1494323 1601608 461 1 0.226178 4.15108e+06
16 2057202 5296761 1129 1 0.666129 5.76887e+06
17 2374873 3617567 735 1 0.324109 4.14753e+06
18 3976585 5232739 1073 1 0.666043 7.24378e+06
19 2241195 3660818 1091 1 0.656235 5.82486e+06
20 4968307 2170421 1034 1 0.60726 6.81295e+06
21 745571 2570624 177 1 0.0963484 1.43407e+06
22 5493136 2357864 838 1 0.484582 5.53297e+06
23 5115966 1492122 947 1 0.521426 5.84874e+06
24 3402673 5398787 736 1 0.438691 6.36825e+06
25 4081972 2092252 1007 1 0.627439 6.97377e+06
26 1586802 4132162 964 1 0.519407 5.72774e+06
27 532593 2080373 413 1 0.200611 3.9637e+06
28 2727070 2373704 878 1 0.53196 5.9532e+06
29 915822 5313105 1214 1 0.741384 6.36772e+06
30 3867981 4469374 510 1 0.27316 4.57433e+06
31 3383415 2636571 1221 1 0.668978 5.70239e+06
32 4890150 3043312 147 1 0.0844423 1.07289e+06
33 2812188 3796795 275 1 0.136885 2.51667e+06
34 2740389 3661587 754 1 0.443798 5.79865e+06
35 3864559 5038257 501 1 0.267736 4.43513e+06
36 4099868 4489132 717 1 0.414574 6.08582e+06
37 528131 2243144 1056 1 0.653636 6.97076e+06
38 4795402 4354901 646 1 0.376193 6.01123e+06
39 3411590 5332998 581 1 0.30926 4.70411e+06
40 2053306 3520465 961 1 0.55327 6.31643e+06
41 3755817 3114725 666 1 0.352378 4.94259e+06
42 589697 5383568 509 1 0.231185 3.91999e+06
43 4101605 2877673 468 1 0.237728 4.22117e+06
44 702576 5704212 243 1 0.12317 2.22234e+06
45 3195557 825854 1057 1 0.615194 6.39679e+06
46 1171949 4953165 951 1 0.528928 5.64634e+06
47 667095 2779979 320 1 0.155655 3.16816e+06
48 4638458 4602758 798 1 0.447103 5.40162e+06
49 2441039 1742398 1032 1 0.592782 6.21351e+06
50 3602520 411795 346 1 0.165779 3.3717e+06
51 1136173 685126 699 1 0.397735 5.16605e+06
52 3702518 924098 1203 1 0.720144 6.81768e+06
53 51200 1621305 547 1 0.275117 4.62854e+06
54 933176 2608693 956 1 0.584421 6.5259e+06
55 645903 3063788 1081 1 0.671076 7.13104e+06
56 5277752 1815053 479 1 0.228038 4.31327e+06
57 1319291 575531 793 1 0.450487 5.65853e+06
58 3769167 1097101 864 1 0.494271 6.01213e+06
59 3048180 1835630 156 1 0.0876896 1.00568e+06
60 4025016 4490725 715 1 0.39851 5.57263e+06
61 4679453 1144556 961 1 0.555404 6.11726e+06
62 3577597 5313553 718 1 0.421501 5.95667e+06
63 1783803 153534 1053 1 0.634808 7.05674e+06
64 5055419 3215379 748 1 0.379506 4.99082e+06
65 3988559 1025785 231 1 0.119159 1.98486e+06
66 465116 2325017 720 1 0.398173 5.08573e+06
67 5196318 4888176 1225 1 0.697765 6.41873e+06
68 5734504 2033448 266 1 0.133219 2.32247e+06
69 23781 508901 367 1 0.175317 3.48832e+06
70 1438224 482202 432 1 0.201679 3.58083e+06
71 15225 1104859 322 1 0.156278 3.02809e+06
72 712687 3085918 918 1 0.547683 7.0678e+06
73 1635585 4347198 824 1 0.477607 6.37213e+06
74 3209383 2947475 714 1 0.419543 6.08836e+06
75 3488381 336614 1016 1 0.607777 6.1305e+06
76 3784060 1776045 1236 1 0.759808 6.74272e+06
77 4997122 353280 972 1 0.559594 5.58491e+06
78 2504230 5114478 1066 1 0.62621 6.75919e+06
79 3993739 1959834 788 1 0.471156 6.09799e+06
80 757656 2242711 937 1 0.553315 6.40139e+06
81 126670 4175260 196 1 0.104789 1.53469e+06
82 1503682 4573377 619 1 0.325018 4.59136e+06
83 4610955 2527014 384 1 0.181437 2.97603e+06
84 2879268 4371055 1464 1 0.863963 6.89045e+06
85 2545969 5357573 482 1 0.251832 4.3067e+06
86 2593492 3152831 162 1 0.0906421 1.26205e+06
87 3757166 1375726 1298 1 0.790266 6.66826e+06
88 2154232 3940133 595 1 0.307669 4.39418e+06
89 5493345 1905404 585 1 0.330123 4.99832e+06
90 3490722 3750708 641 1 0.283923 4.03482e+06
91 429714 4750248 586 1 0.32595 5.1554e+06
92 5224063 5254813 489 1 0.223856 3.82262e+06
93 3682155 4910902 694 1 0.31206 4.35997e+06
94 4727550 381713 1076 1 0.653831 6.93343e+06
95 4025368 352412 687 1 0.321311 4.05045e+06
96 1028600 5222427 782 1 0.389564 4.82935e+06
97 1096709 2913465 811 1 0.475045 6.24021e+06
98 2977751 1954462 960 1 0.591288 7.18985e+06
99 393521 5497707 597 1 0.296952 4.59104e+06
max-ST-CON-level 1464
min_time 0.0844423 s
max_time 0.863963 s
mean_time 0.412396 s
stddev_time 0.190767
min_CONPS                   1.15746 
max_CONPS                   11.8424 
mean_CONPS                  3.36663 
stddev_CONPS                2.43958 
mean_ST, mean_time, stddev_ST: 3.36663, 0.412396, 2.43958 
-----ST_CON_VISITED_NODES-----
min_visited, max_visited, mean_visited, stddev_visited: 58816, 3.96986e+06, 1.58372e+06, 993797
