SCALE 16
Edgefactor 16.0
MPI-Nodes 1
Num-ST-CON=100
Filename graphs/dense/com-amazon.txt
Seed1 1816901579
Seed2 1807756970
ST-CON-RUN RED-V BLUE-V DEPTH MN-FOUND TIME(Sec) TEPS
0 99491 500427 7 1 0.00590497 2.77427e+06
1 4289 14459 8 1 0.00325869 5.13336e+06
2 91496 96607 7 1 0.00228152 3.95963e+06
3 295007 218968 7 1 0.00350873 1.35086e+07
4 472327 45413 7 1 0.00305018 7.53168e+06
5 60236 290629 7 1 0.00334965 1.01276e+07
6 151731 277591 5 1 0.00193507 3.71821e+06
7 53337 31702 3 1 0.0015339 870328
8 140734 167266 5 1 0.00189629 1.82777e+06
9 211074 33271 9 1 0.00379764 2.1947e+07
10 467912 481678 5 1 0.00184566 853353
11 70217 211217 6 1 0.00279493 7.2263e+06
12 481818 393223 5 1 0.00189101 3.80221e+06
13 384437 411663 5 1 0.00189588 3.59621e+06
14 149444 504572 5 1 0.00226178 5.86397e+06
15 50159 371079 7 1 0.00302682 1.06881e+07
16 364284 179449 7 1 0.00289824 5.9129e+06
17 318647 447375 5 1 0.00185406 1.07008e+06
18 258088 462505 6 1 0.00207402 3.77865e+06
19 363961 35949 10 1 0.00276664 2.20701e+06
20 386123 33190 6 1 0.00237928 6.21785e+06
21 49739 491844 4 1 0.00191008 875881
22 451628 184070 5 1 0.00186876 825682
23 321301 517770 5 1 0.00186975 881934
24 353720 319307 5 1 0.0021828 5.08475e+06
25 386286 546668 6 1 0.00274714 1.02874e+07
26 66168 159934 4 1 0.00166087 526832
27 300955 267311 7 1 0.00335563 2.42485e+07
28 62826 511122 6 1 0.00270486 7.72608e+06
29 229895 242751 7 1 0.0021932 3.28288e+06
30 107004 135057 7 1 0.00333206 2.11659e+07
31 348700 125301 5 1 0.00188936 4.09344e+06
32 4822 509537 6 1 0.00203725 3.40999e+06
33 87886 506293 5 1 0.00248902 5.08995e+06
34 60830 454863 6 1 0.00238788 4.76615e+06
35 497055 141374 4 1 0.00155703 351310
36 354977 240473 5 1 0.00187228 3.0519e+06
37 379073 410318 4 1 0.00165927 457431
38 440707 122837 8 1 0.00266351 3.62116e+06
39 336935 148301 7 1 0.00361286 1.91294e+07
40 167997 195345 7 1 0.00292547 9.71811e+06
41 375640 181391 9 1 0.00318662 5.6756e+06
42 540071 126867 7 1 0.00323754 1.28962e+07
43 135451 131025 5 1 0.00188987 4.76912e+06
44 1433 225880 6 1 0.00203639 2.64831e+06
45 302257 409176 9 1 0.00360742 1.10996e+07
46 328533 329267 5 1 0.00185655 2.21755e+06
47 356380 485473 7 1 0.00287454 6.80038e+06
48 470625 463512 4 1 0.00169991 3.72784e+06
49 235846 405639 6 1 0.00236711 4.35088e+06
50 376127 104114 5 1 0.00187338 1.76739e+06
51 71355 387186 6 1 0.00268304 6.28616e+06
52 434256 248348 7 1 0.00288957 7.7527e+06
53 271167 332162 5 1 0.00212208 4.21096e+06
54 239777 323920 7 1 0.00295526 1.39186e+07
55 244253 433027 7 1 0.00304631 4.29339e+06
56 517359 180136 6 1 0.00276356 1.21995e+07
57 40470 46314 8 1 0.00349499 1.76533e+07
58 346783 37430 5 1 0.00186865 3.26813e+06
59 445237 225973 4 1 0.0016999 2.69781e+06
60 379106 423885 6 1 0.00278007 1.39403e+07
61 103287 473141 10 1 0.00473838 2.52396e+07
62 37061 135999 6 1 0.00317785 2.40958e+07
63 12948 235307 4 1 0.00168165 1.59307e+06
64 406040 407867 6 1 0.00202439 2.45111e+06
65 385689 331579 6 1 0.00234296 3.73801e+06
66 4115 546163 6 1 0.00206168 4.27031e+06
67 510830 67637 4 1 0.00173823 3.73944e+06
68 183958 291378 11 1 0.00425987 1.58589e+07
69 331635 309574 12 1 0.00524409 3.17523e+07
70 450255 185958 8 1 0.0034601 2.03653e+07
71 478924 351520 9 1 0.00316281 4.66041e+06
72 150838 501053 5 1 0.00188543 4.1964e+06
73 340700 47790 6 1 0.00269156 8.29334e+06
74 492816 73483 8 1 0.00341696 1.39712e+07
75 508454 271072 6 1 0.00269893 9.17142e+06
76 389164 456830 10 1 0.00376682 1.21838e+07
77 223554 540687 10 1 0.00411048 1.74868e+07
78 286617 351768 4 1 0.00166778 1.37188e+06
79 357579 344682 4 1 0.00169827 1.10407e+06
80 344845 235875 5 1 0.00186053 3.00184e+06
81 422783 197383 8 1 0.00350473 2.11292e+07
82 410141 478367 7 1 0.0025078 3.77263e+06
83 502258 96925 6 1 0.00203233 2.40857e+06
84 293342 136498 4 1 0.00167613 1.35073e+06
85 507021 14467 6 1 0.0024405 2.44295e+06
86 271017 345663 5 1 0.00185671 2.40102e+06
87 537219 123468 9 1 0.00249292 1.51469e+06
88 261816 261872 5 1 0.00184883 1.74164e+06
89 164098 36393 8 1 0.00347289 1.68577e+07
90 38782 6765 4 1 0.00171177 4.00871e+06
91 87031 176632 6 1 0.00234849 4.17374e+06
92 152693 458164 4 1 0.0016714 1.06019e+06
93 245685 150703 4 1 0.00168868 1.09909e+06
94 288545 399367 6 1 0.00206654 4.00864e+06
95 170940 401632 11 1 0.0062235 6.92965e+07
96 103324 222130 6 1 0.00236407 4.55951e+06
97 172878 285454 4 1 0.00166922 534982
98 422933 464230 5 1 0.00186566 2.3284e+06
99 107793 236264 7 1 0.0025269 4.43509e+06
max-ST-CON-level 12
min_time 0.0015339 s
max_time 0.0062235 s
mean_time 0.00257715 s
stddev_time 0.000908325
min_CONPS                   160.681 
max_CONPS                   651.931 
mean_CONPS                  427.38 
stddev_CONPS                121.287 
mean_ST, mean_time, stddev_ST: 427.38, 0.00257715, 121.287 
-----ST_CON_VISITED_NODES-----
min_visited, max_visited, mean_visited, stddev_visited: 176, 137978, 7233.53, 15486.5
