SCALE 16
Edgefactor 16.0
MPI-Nodes 1
Num-ST-CON=100
Filename graphs/streets/roadNet-PA.mtx.txt.alt
Seed1 898134454
Seed2 1929510179
ST-CON-RUN RED-V BLUE-V DEPTH MN-FOUND TIME(Sec) TEPS
0 502420 9752 74 1 0.0236038 2.75663e+06
1 197860 25751 329 1 0.150638 9.35308e+06
2 359759 572208 46 1 0.0114643 3.7669e+06
3 8531 807503 92 1 0.0283018 7.62297e+06
4 181962 528749 157 1 0.0578938 9.25916e+06
5 233080 767031 303 1 0.138385 9.89045e+06
6 586689 8185 94 1 0.0212222 5.77673e+06
7 939330 1015902 169 1 0.0621107 9.07536e+06
8 10638 365843 145 1 0.0498775 7.26304e+06
9 298145 871314 221 1 0.0852553 1.02587e+07
10 223957 659531 214 1 0.0927157 1.17861e+07
11 119794 842555 210 1 0.0864355 9.6243e+06
12 301753 895435 78 1 0.0240863 6.84282e+06
13 252908 578380 158 1 0.0642214 9.53793e+06
14 106074 952449 203 1 0.0873844 1.15348e+07
15 279882 299976 182 1 0.0724874 9.78347e+06
16 385307 992067 232 1 0.0979652 1.07186e+07
17 444806 677559 209 1 0.0881634 9.78036e+06
18 744802 980076 261 1 0.116386 1.10326e+07
19 419769 685660 205 1 0.0820478 1.03777e+07
20 930549 406513 132 1 0.0476942 8.39512e+06
21 139643 481470 217 1 0.0863684 1.29467e+07
22 1028848 441620 126 1 0.0386878 7.42894e+06
23 958205 279470 118 1 0.0415772 7.90837e+06
24 637310 1011176 68 1 0.0169906 6.31237e+06
25 764541 391872 133 1 0.0543069 9.74759e+06
26 297203 773941 62 1 0.014824 5.26437e+06
27 99753 389647 228 1 0.0996581 1.13506e+07
28 510772 444587 213 1 0.0535555 8.31239e+06
29 171530 995128 143 1 0.0520214 8.51526e+06
30 724461 837100 184 1 0.0735699 1.01278e+07
31 633703 493821 123 1 0.0411568 7.80223e+06
32 915910 570003 180 1 0.0713988 9.08711e+06
33 526714 711128 167 1 0.0661716 9.37597e+06
34 513266 685804 50 1 0.0123498 4.54665e+06
35 723820 943650 95 1 0.0255439 6.69705e+06
36 767893 840801 44 1 0.0110991 3.38297e+06
37 98917 420134 333 1 0.149764 9.18577e+06
38 898164 815660 44 1 0.0110366 2.6549e+06
39 638980 998854 304 1 0.12623 1.0603e+07
40 384578 659372 88 1 0.0297624 8.04637e+06
41 703453 583378 196 1 0.0713802 1.07296e+07
42 110448 1008326 191 1 0.0711671 8.95054e+06
43 768218 538979 228 1 0.100963 1.02737e+07
44 131590 1068382 69 1 0.0169833 6.50745e+06
45 598518 154680 76 1 0.0178972 5.75474e+06
46 219502 927713 211 1 0.0859148 1.0082e+07
47 124944 520681 27 1 0.00765852 1.04511e+06
48 868769 862082 190 1 0.0636125 8.09304e+06
49 457199 326346 135 1 0.0401577 7.10738e+06
50 674741 77128 247 1 0.110372 1.07148e+07
51 212801 128322 89 1 0.0248845 6.55293e+06
52 693470 173080 70 1 0.0164542 4.78199e+06
53 9589 303665 157 1 0.0610282 8.05544e+06
54 174781 488600 141 1 0.0502089 7.93011e+06
55 120975 573838 141 1 0.0558182 8.88146e+06
56 988507 339954 174 1 0.0611406 9.1895e+06
57 247099 107795 141 1 0.0530827 8.00175e+06
58 705953 205483 259 1 0.101187 1.03567e+07
59 570915 343808 129 1 0.0460564 7.48576e+06
60 753873 841099 70 1 0.016519 5.8952e+06
61 876447 214372 211 1 0.0757596 9.7429e+06
62 670073 995212 269 1 0.117956 1.00433e+07
63 334101 28756 138 1 0.0545133 9.14627e+06
64 946865 602231 175 1 0.0666747 1.0162e+07
65 747045 192126 78 1 0.0185063 6.10667e+06
66 87114 435468 81 1 0.0221228 6.04589e+06
67 973254 915540 147 1 0.0452927 7.71406e+06
68 1074055 380858 218 1 0.0932245 1.03373e+07
69 4454 95315 253 1 0.105485 9.48198e+06
70 269375 90315 126 1 0.0463925 9.78574e+06
71 2851 206936 180 1 0.0653154 9.25217e+06
72 133484 577983 97 1 0.0294395 7.18572e+06
73 306340 814217 121 1 0.0444153 7.81244e+06
74 601108 552053 199 1 0.0779819 1.04788e+07
75 653363 63046 229 1 0.10239 1.13132e+07
76 708743 332648 156 1 0.0550669 8.1532e+06
77 935946 66168 265 1 0.111171 8.90284e+06
78 469034 957926 142 1 0.0465346 7.5269e+06
79 748015 367071 234 1 0.0998676 9.78453e+06
80 141906 420053 69 1 0.016266 5.45649e+06
81 23724 782013 219 1 0.0974309 1.22851e+07
82 281635 856580 139 1 0.04896 8.38941e+06
83 863618 473302 235 1 0.0954433 9.99815e+06
84 539278 818685 111 1 0.0412536 7.22194e+06
85 476852 1003457 257 1 0.112996 9.55117e+06
86 485753 590516 85 1 0.0249064 6.21452e+06
87 703706 257669 44 1 0.0111349 2.19139e+06
88 403481 737975 110 1 0.0410455 8.15675e+06
89 1028887 356876 190 1 0.0814513 1.24729e+07
90 653802 702496 149 1 0.0524669 7.8633e+06
91 80484 889707 182 1 0.0768319 1.40276e+07
92 978451 984210 25 1 0.00725798 693443
93 689656 919797 138 1 0.0442416 7.6304e+06
94 885456 71493 204 1 0.0902993 1.31825e+07
95 753939 66005 303 1 0.139309 9.98022e+06
96 192653 978145 253 1 0.104538 1.0555e+07
97 205410 545683 277 1 0.115786 1.10419e+07
98 557724 366064 52 1 0.0127884 3.91207e+06
99 73705 1029704 57 1 0.0138186 4.04854e+06
max-ST-CON-level 333
min_time 0.00725798 s
max_time 0.150638 s
mean_time 0.0614323 s
stddev_time 0.0362358
min_CONPS                   6.63843 
max_CONPS                   137.779 
mean_CONPS                  28.0928 
stddev_CONPS                26.519 
mean_ST, mean_time, stddev_ST: 28.0928, 0.0614323, 26.519 
-----ST_CON_VISITED_NODES-----
min_visited, max_visited, mean_visited, stddev_visited: 3504, 990727, 414464, 294629
