SCALE 16
Edgefactor 16.0
MPI-Nodes 1
Num-ST-CON=100
Filename graphs/streets/belgium_osm.mtx.txt.alt
Seed1 1911758707
Seed2 2139186556
ST-CON-RUN RED-V BLUE-V DEPTH MN-FOUND TIME(Sec) TEPS
0 663784 12884 158 1 0.0460992 1.6035e+06
1 261408 34022 503 1 0.118708 6.85728e+06
2 475304 755986 198 1 0.0459529 3.11584e+06
3 11271 1066851 357 1 0.0803014 2.80973e+06
4 240403 698569 150 1 0.0350015 1.47125e+06
5 307940 1013381 210 1 0.0482617 2.27595e+06
6 775118 10814 96 1 0.0233627 920442
7 1241018 1342183 122 1 0.0290506 1.29636e+06
8 14055 483342 333 1 0.101634 4.94784e+06
9 393901 1151157 389 1 0.128774 4.72506e+06
10 295886 871355 230 1 0.0538024 4.22454e+06
11 158268 1113161 111 1 0.026477 1.04933e+06
12 398668 1183025 284 1 0.0702957 4.42752e+06
13 334136 764140 299 1 0.0832039 4.40936e+06
14 140143 1258350 616 1 0.172368 5.62738e+06
15 369772 396320 579 1 0.184205 5.31143e+06
16 509058 1310693 369 1 0.121782 5.24868e+06
17 587666 895173 280 1 0.0676929 4.56141e+06
18 984013 1294850 438 1 0.156625 5.29848e+06
19 554587 905876 237 1 0.0548703 2.97571e+06
20 1229416 537074 379 1 0.101749 5.04347e+06
21 184493 636105 203 1 0.0475956 3.02049e+06
22 1359286 583457 202 1 0.0464684 1.60729e+06
23 1265955 369228 164 1 0.038335 1.92852e+06
24 841997 1335939 587 1 0.13391 5.37559e+06
25 1010091 517731 469 1 0.153147 5.35043e+06
26 392657 1022511 148 1 0.0348536 2.17062e+06
27 131791 514792 525 1 0.177832 5.7788e+06
28 674818 587377 140 1 0.0334196 1.61037e+06
29 226622 1314737 167 1 0.0389894 2.45562e+06
30 957139 1105954 532 1 0.14433 6.25843e+06
31 837232 652424 224 1 0.0519807 3.06123e+06
32 1210076 753073 454 1 0.138146 5.23383e+06
33 695881 939524 452 1 0.132117 5.89178e+06
34 678114 906066 391 1 0.11941 4.82901e+06
35 956292 1246725 595 1 0.132983 3.0644e+06
36 1014520 1110843 458 1 0.14849 5.29443e+06
37 130687 555070 301 1 0.0765101 3.62551e+06
38 1186631 1077628 228 1 0.0537009 3.78968e+06
39 844204 1319660 241 1 0.057397 4.20918e+06
40 508094 871145 340 1 0.0942847 4.9781e+06
41 929383 770744 373 1 0.0853524 4.52234e+06
42 145921 1332173 620 1 0.154898 6.23898e+06
43 1014949 712085 429 1 0.140205 5.00202e+06
44 173853 1411517 628 1 0.205032 5.18966e+06
45 790746 204359 329 1 0.0864397 5.05183e+06
46 290000 1225669 414 1 0.141948 5.56734e+06
47 165073 687911 200 1 0.0463709 2.32713e+06
48 1147794 1138960 516 1 0.117504 3.65914e+06
49 604039 431159 188 1 0.0435616 1.94495e+06
50 891450 101899 335 1 0.0769658 3.52345e+06
51 281148 169535 581 1 0.167168 5.67838e+06
52 916194 228669 238 1 0.0558333 4.44632e+06
53 12669 401195 287 1 0.0733254 4.55222e+06
54 230916 645525 327 1 0.109981 5.12734e+06
55 159829 758140 691 1 0.156826 5.87962e+06
56 1305989 449138 372 1 0.128452 5.45477e+06
57 326461 142416 651 1 0.170692 5.67559e+06
58 932687 271479 212 1 0.0484829 983212
59 754277 454230 283 1 0.0655891 4.16915e+06
60 995997 1111238 112 1 0.0269974 954870
61 1157939 283222 315 1 0.076879 4.23859e+06
62 885283 1314848 447 1 0.141222 5.44047e+06
63 441405 37992 241 1 0.0563095 4.61332e+06
64 1250972 795651 172 1 0.0400923 1.90927e+06
65 986976 253832 727 1 0.23806 4.78215e+06
66 115093 575329 361 1 0.114974 5.31043e+06
67 1285838 1209588 89 1 0.0217036 161218
68 1419013 503180 298 1 0.0842649 4.38462e+06
69 5884 125928 244 1 0.0589934 5.24589e+06
70 355891 119321 235 1 0.0543718 2.89878e+06
71 3767 273399 251 1 0.0673517 5.10434e+06
72 176355 763616 104 1 0.0252247 1.16168e+06
73 404728 1075722 220 1 0.0514081 3.59671e+06
74 794167 729358 125 1 0.029827 1.47826e+06
75 863206 83295 68 1 0.0173991 674000
76 936372 439485 344 1 0.0796786 4.49427e+06
77 1236547 87419 212 1 0.0496223 3.45389e+06
78 619676 1265586 337 1 0.103775 5.06662e+06
79 988258 484964 199 1 0.0465113 2.58939e+06
80 187483 554962 250 1 0.0578906 2.57538e+06
81 31344 1033175 122 1 0.0290599 1.118e+06
82 372088 1131690 284 1 0.0662941 3.4793e+06
83 1140989 625314 341 1 0.0889153 5.37117e+06
84 712480 1081625 178 1 0.0417817 2.44183e+06
85 630004 1325741 301 1 0.073691 4.70115e+06
86 641764 780174 364 1 0.105711 5.00127e+06
87 929717 340425 212 1 0.0483557 391412
88 533068 974993 455 1 0.10532 5.56553e+06
89 1359338 471495 155 1 0.0366826 1.97541e+06
90 863785 928119 400 1 0.101375 4.8452e+06
91 106333 1175457 332 1 0.0773685 4.83873e+06
92 1292704 1300313 584 1 0.170642 5.53822e+06
93 911156 1215211 380 1 0.12005 4.94003e+06
94 1169840 94455 243 1 0.0595249 4.43751e+06
95 996084 87205 319 1 0.0760243 4.28742e+06
96 254529 1292299 384 1 0.105699 5.64052e+06
97 271382 720942 110 1 0.02663 1.14927e+06
98 736850 483635 264 1 0.0687874 4.3599e+06
99 97377 1360417 256 1 0.0721757 5.20947e+06
max-ST-CON-level 727
min_time 0.0173991 s
max_time 0.23806 s
mean_time 0.0859539 s
stddev_time 0.0480262
min_CONPS                   4.20062 
max_CONPS                   57.4742 
mean_CONPS                  16.3241 
stddev_CONPS                10.3433 
mean_ST, mean_time, stddev_ST: 16.3241, 0.0859539, 10.3433 
-----ST_CON_VISITED_NODES-----
min_visited, max_visited, mean_visited, stddev_visited: 3294, 1.05304e+06, 364091, 287674
