SCALE 16
Edgefactor 16.0
MPI-Nodes 1
Num-ST-CON=100
Filename graphs/dense/soc-Slashdot0811.txt
Seed1 88913741
Seed2 330745408
ST-CON-RUN RED-V BLUE-V DEPTH MN-FOUND TIME(Sec) TEPS
0 35628 691 2 1 0.000603701 1.40633e+06
1 14030 1826 1 1 0.000408977 202945
2 25511 40577 2 1 0.00056829 193563
3 604 57262 2 1 0.000557407 1.7689e+06
4 12903 37495 2 1 0.000556798 1.06143e+06
5 16528 54392 2 1 0.000559054 1.63312e+06
6 41604 580 2 1 0.000560178 3.82914e+06
7 66611 72041 3 1 0.000715375 2.43089e+06
8 754 25943 2 1 0.000561152 637973
9 21142 61787 2 1 0.000560124 2.75832e+06
10 15881 46769 2 1 0.000557356 383956
11 8495 59748 2 1 0.000558158 976426
12 21398 63498 2 1 0.00055952 1.02945e+06
13 17934 41014 2 1 0.00055993 576858
14 7522 67541 2 1 0.000559842 301871
15 19847 21272 2 1 0.000560934 329807
16 27323 70350 3 1 0.000735342 2.422e+07
17 31542 48048 2 1 0.000561279 1.43601e+06
18 52816 69500 2 1 0.000561312 254760
19 29767 48622 3 1 0.000757561 2.11112e+07
20 65988 28827 3 1 0.000720188 2.91591e+06
21 9902 34142 2 1 0.000560176 2.92765e+06
22 72959 31316 3 1 0.00132443 3.12074e+07
23 67949 19818 3 1 0.000729376 1.20569e+07
24 45193 71705 2 1 0.000562237 535361
25 54216 27789 2 1 0.000560882 654327
26 21075 54882 3 1 0.000731588 1.63767e+07
27 7073 27631 2 1 0.000560784 255000
28 36220 31527 2 1 0.000565056 2.19447e+06
29 12163 70567 2 1 0.000558271 338545
30 51374 59361 2 1 0.000559752 857522
31 44938 35018 2 1 0.000560227 1.81712e+06
32 64950 40420 3 1 0.000724181 6.49976e+06
33 37351 50428 2 1 0.000559738 1.67042e+06
34 36397 48632 2 1 0.000561148 356412
35 51328 66917 3 1 0.000725245 9.53884e+06
36 54453 59624 2 1 0.000563865 423860
37 7014 29793 2 1 0.000560946 2.95037e+06
38 63691 57841 3 1 0.000727494 1.38709e+07
39 45312 70832 2 1 0.000559657 696856
40 27271 46758 2 1 0.000563883 670352
41 49884 41369 2 1 0.00055863 694556
42 7832 71503 2 1 0.000562804 1.21925e+07
43 54476 38220 2 1 0.000560879 909287
44 9331 75762 2 1 0.000560412 1.89147e+06
45 42442 10968 2 1 0.00058587 1.44913e+06
46 15565 65787 2 1 0.000561681 2.34119e+06
47 8860 36923 2 1 0.000560099 2.9102e+06
48 61607 61133 2 1 0.000561291 188850
49 32421 23142 2 1 0.000562264 1.88524e+06
50 47848 5469 2 1 0.000566362 277208
51 15090 9099 2 1 0.000569552 1.80581e+07
52 49176 12273 2 1 0.000562456 437368
53 680 21533 2 1 0.000558936 1.50643e+06
54 12394 34648 2 1 0.000563259 520187
55 8578 40692 2 1 0.000562276 6.79026e+06
56 70098 24107 2 1 0.00056424 850702
57 17522 7644 2 1 0.000561435 3.46077e+06
58 50061 14571 2 1 0.000562367 1.2074e+06
59 40485 24380 2 1 0.000560929 896727
60 53459 59645 3 1 0.000720487 4.37898e+06
61 62151 15201 2 1 0.000557424 999239
62 47517 70573 3 1 0.000729341 1.95601e+07
63 23692 2039 2 1 0.000559237 2.47659e+06
64 67145 42706 2 1 0.000563066 232655
65 52975 13624 2 1 0.000572314 1.62778e+07
66 6177 30880 2 1 0.000589077 1.06438e+07
67 69016 64924 3 1 0.000719617 2.63474e+06
68 76164 27007 2 1 0.000560199 3.07391e+06
69 315 6759 2 1 0.000562054 163685
70 19102 6404 2 1 0.000564922 2.22332e+06
71 202 14674 2 1 0.00059037 8.51839e+06
72 9465 40986 2 1 0.000564634 1.11701e+07
73 21723 57738 3 1 0.000769762 1.046e+08
74 42626 39147 2 1 0.000570436 1.0939e+06
75 46332 4470 2 1 0.000568698 3.11061e+06
76 50259 23589 2 1 0.000571692 601722
77 66371 4692 2 1 0.00057071 2.36372e+06
78 33260 67929 3 1 0.000734445 1.31011e+07
79 53044 26030 3 1 0.000758046 3.63566e+06
80 10063 29787 2 1 0.000565507 1.92217e+06
81 1682 55455 2 1 0.000568357 728415
82 19971 60743 2 1 0.000567077 424986
83 61242 33563 2 1 0.000564693 309903
84 38242 58055 2 1 0.0005661 664194
85 33815 71158 3 1 0.00072177 2.67121e+06
86 34446 41875 2 1 0.000568883 569537
87 49902 18272 3 1 0.000724961 4.01263e+06
88 28612 52332 2 1 0.000566897 248722
89 72961 25307 3 1 0.000726852 1.21524e+07
90 46363 49816 3 1 0.000733894 8.55982e+06
91 5707 63092 2 1 0.000563991 2.16493e+06
92 69385 69793 2 1 0.000567755 493171
93 48905 65225 3 1 0.000729768 5.99643e+06
94 62790 5069 2 1 0.000568373 1.98285e+06
95 53464 4680 2 1 0.000574801 1.52644e+07
96 13661 69363 2 1 0.000564191 1.87702e+06
97 14566 38696 2 1 0.00059244 7.05726e+06
98 39550 25958 2 1 0.000569178 729122
99 5226 73019 2 1 0.000574425 1.69631e+07
max-ST-CON-level 3
min_time 0.000408977 s
max_time 0.00132443 s
mean_time 0.000604436 s
stddev_time 0.000101056
min_CONPS                   755.042 
max_CONPS                   2445.13 
mean_CONPS                  1686.08 
stddev_CONPS                203.294 
mean_ST, mean_time, stddev_ST: 1686.08, 0.000604436, 203.294 
-----ST_CON_VISITED_NODES-----
min_visited, max_visited, mean_visited, stddev_visited: 3, 2548, 111.3, 353.546
