SCALE 16
Edgefactor 16.0
MPI-Nodes 1
Num-ST-CON=100
Filename graphs/streets/luxembourg_osm.mtx.txt.alt
Seed1 179431880
Seed2 1049228643
ST-CON-RUN RED-V BLUE-V DEPTH MN-FOUND TIME(Sec) TEPS
0 52779 1024 233 1 0.0376461 1.0149e+06
1 20785 2705 221 1 0.0352743 1.31302e+06
2 37792 60110 205 1 0.0331039 426717
3 896 84827 246 1 0.0396326 1.11994e+06
4 19115 55544 130 1 0.0213676 916573
5 24485 80576 141 1 0.0231212 909553
6 61631 859 288 1 0.0466188 1.28897e+06
7 98676 106720 414 1 0.0667181 1.18301e+06
8 1117 38431 328 1 0.0528234 1.18031e+06
9 31320 91531 373 1 0.0598073 1.00775e+06
10 23526 69283 339 1 0.0546574 1.15046e+06
11 12584 88510 230 1 0.0370401 232397
12 31699 94065 270 1 0.043966 1.35412e+06
13 26568 60758 36 1 0.00596842 111755
14 11143 100054 154 1 0.0250811 243052
15 29401 31512 328 1 0.0533605 1.23676e+06
16 40476 104216 314 1 0.0508168 396700
17 46726 71177 428 1 0.0690971 1.17704e+06
18 78241 102956 245 1 0.0398552 409231
19 44096 72028 398 1 0.0643534 1.19324e+06
20 97753 42704 374 1 0.060948 1.1276e+06
21 14669 50578 445 1 0.0717516 784596
22 108080 46392 373 1 0.0607729 1.02811e+06
23 100659 29358 331 1 0.0538355 925225
24 66949 106223 266 1 0.0437289 1.16571e+06
25 80314 41166 87 1 0.0141232 122281
26 31221 81302 91 1 0.0148035 136792
27 10479 40932 61 1 0.0105905 387236
28 53656 46703 295 1 0.0485591 1.21808e+06
29 18019 104537 172 1 0.0283768 987426
30 76104 87937 138 1 0.0229079 889998
31 66570 51875 181 1 0.0295726 353537
32 96216 59878 467 1 0.0765304 1.17212e+06
33 55331 74703 131 1 0.0218652 488950
34 53918 72043 226 1 0.037143 1.1141e+06
35 76037 99130 166 1 0.0273286 677715
36 80666 88325 196 1 0.0323484 418567
37 10391 44134 152 1 0.0250135 223240
38 94351 85684 120 1 0.0200206 587146
39 67124 104929 84 1 0.0142236 214362
40 40399 69266 356 1 0.0583706 1.118e+06
41 73897 61283 286 1 0.0470518 599999
42 11602 105924 313 1 0.0512103 1.1104e+06
43 80701 56619 94 1 0.015841 396567
44 13823 112233 254 1 0.041684 500312
45 62874 16249 311 1 0.0507354 872015
46 23058 97455 93 1 0.0158354 543151
47 13125 54697 414 1 0.0678534 1.0296e+06
48 91263 90561 521 1 0.0851481 1.06506e+06
49 48028 34282 309 1 0.0503891 541784
50 70881 8102 186 1 0.0308201 576799
51 22354 13480 404 1 0.066401 1.35736e+06
52 72848 18182 215 1 0.0354629 532529
53 1007 31899 228 1 0.0375873 965247
54 18360 51327 217 1 0.0361497 1.18593e+06
55 12708 60281 233 1 0.03819 561875
56 103842 35712 199 1 0.0334997 1.01601e+06
57 25957 11323 77 1 0.013209 191461
58 74160 21586 226 1 0.037297 1.00592e+06
59 59974 36116 106 1 0.0172924 122944
60 79194 88357 294 1 0.0486483 1.06604e+06
61 92070 22519 506 1 0.0832599 1.07976e+06
62 70390 104546 148 1 0.0248698 680584
63 35097 3020 405 1 0.0666272 1.51004e+06
64 99467 63264 241 1 0.0399695 1.36894e+06
65 78476 20182 166 1 0.0277135 822308
66 9151 45745 307 1 0.0507164 1.0487e+06
67 102240 96177 321 1 0.0523941 680592
68 112829 40009 79 1 0.0136548 745523
69 467 10012 62 1 0.0108209 592282
70 28297 9487 243 1 0.0403355 1.17685e+06
71 299 21738 501 1 0.08201 1.18874e+06
72 14022 60716 297 1 0.0491118 453129
73 32180 85533 355 1 0.0583036 921813
74 63146 57993 211 1 0.0352848 909315
75 68635 6623 113 1 0.0191426 396967
76 74453 34944 347 1 0.0571973 1.4985e+06
77 98320 6950 253 1 0.0417501 887615
78 49271 100629 167 1 0.0279737 784165
79 78578 38560 259 1 0.0426694 1.16582e+06
80 14907 44126 126 1 0.0212494 427164
81 2492 82150 219 1 0.0363666 1.03639e+06
82 29585 89983 110 1 0.0186439 770062
83 90722 49720 379 1 0.0623793 1.06001e+06
84 56651 86002 95 1 0.0163199 553128
85 50093 105412 265 1 0.0436647 707894
86 51028 62033 257 1 0.0431046 420744
87 73924 27068 106 1 0.0179773 870653
88 42385 77524 282 1 0.0467996 1.41576e+06
89 108084 37489 334 1 0.0550434 1.47122e+06
90 68681 73797 241 1 0.0401526 1.0556e+06
91 8454 93463 307 1 0.0505745 910399
92 102786 103391 437 1 0.0719514 1.0592e+06
93 72448 96624 273 1 0.0456752 999273
94 93016 7510 436 1 0.0718149 1.20884e+06
95 79201 6933 184 1 0.0305851 736012
96 20238 102753 283 1 0.0470444 960114
97 21578 57323 142 1 0.0238764 273450
98 58588 38455 241 1 0.0398588 528416
99 7742 108170 196 1 0.0324925 1.13337e+06
max-ST-CON-level 521
min_time 0.00596842 s
max_time 0.0851481 s
mean_time 0.0409281 s
stddev_time 0.0183668
min_CONPS                   11.7442 
max_CONPS                   167.548 
mean_CONPS                  32.3173 
stddev_CONPS                22.509 
mean_ST, mean_time, stddev_ST: 32.3173, 0.0409281, 22.509 
-----ST_CON_VISITED_NODES-----
min_visited, max_visited, mean_visited, stddev_visited: 628, 95962, 36489.4, 25676.5
