SCALE 16
Edgefactor 16.0
MPI-Nodes 1
Num-ST-CON=100
Filename graphs/dense/amazon0312.txt
Seed1 336060175
Seed2 345242083
ST-CON-RUN RED-V BLUE-V DEPTH MN-FOUND TIME(Sec) TEPS
0 184554 3582 3 1 0.00371718 791997
1 72680 9459 4 1 0.00181689 2.17459e+06
2 132150 210189 4 1 0.00256258 7.09362e+06
3 3133 296619 4 1 0.00182412 5.13946e+06
4 66840 194225 2 1 0.00143867 91056.2
5 85617 281753 3 1 0.00159876 324627
6 215508 3006 3 1 0.00164899 4.43422e+06
7 345043 373171 3 1 0.00160997 1.68078e+06
8 3907 134385 4 1 0.00169691 1.79915e+06
9 109517 320059 4 1 0.00183374 5.54931e+06
10 82266 242265 3 1 0.00162088 1.01735e+06
11 44003 309495 2 1 0.00143564 75924.2
12 110842 328920 4 1 0.00254203 9.83385e+06
13 92900 212456 3 1 0.00163472 2.50929e+06
14 38964 349862 4 1 0.00181292 3.44417e+06
15 102809 110190 3 1 0.00163088 3.37794e+06
16 141535 364415 4 1 0.00181218 3.08357e+06
17 163390 248887 3 1 0.00161092 276239
18 273588 360011 5 1 0.003804 5.51144e+07
19 154193 251863 5 1 0.00313537 2.20666e+07
20 341818 149324 4 1 0.00175214 2.13053e+06
21 51295 176858 3 1 0.00157646 1.42725e+06
22 377926 162220 3 1 0.00159704 3.30299e+06
23 351977 102657 4 1 0.00176815 5.17774e+06
24 234103 371435 4 1 0.00175252 2.84846e+06
25 280838 143946 5 1 0.00255868 7.88101e+06
26 109171 284291 4 1 0.0017766 4.50636e+06
27 36642 143129 3 1 0.00158715 1.59342e+06
28 187621 163310 3 1 0.00149089 3.1431e+06
29 63008 365540 3 1 0.00160313 3.22681e+06
30 266116 307491 3 1 0.0015798 1.09001e+06
31 232778 181395 4 1 0.00210172 8.5492e+06
32 336441 209379 4 1 0.00175315 1.24291e+06
33 193477 261218 4 1 0.00177807 1.09388e+06
34 188538 251916 4 1 0.00208499 7.99667e+06
35 265880 346630 4 1 0.00240467 8.84529e+06
36 282069 308851 3 1 0.00157398 853250
37 36335 154327 4 1 0.00179972 6.71605e+06
38 329922 299616 3 1 0.00158664 3.69083e+06
39 234716 366908 4 1 0.00240992 9.53183e+06
40 141266 242207 3 1 0.00158096 773582
41 258399 214292 3 1 0.00158805 1.71783e+06
42 40571 370388 4 1 0.00167208 4.38316e+06
43 282189 197983 3 1 0.00158531 331795
44 48337 392448 4 1 0.0017625 5.70212e+06
45 219853 56818 3 1 0.00157981 1.58563e+06
46 80629 340776 3 1 0.0015905 442628
47 45895 191261 3 1 0.00229862 1.38131e+07
48 319124 316668 3 1 0.00161211 1.28155e+06
49 167942 119876 2 1 0.00140954 104289
50 247852 28331 4 1 0.00176475 2.56466e+06
51 78168 47136 3 1 0.00158504 950136
52 254732 63577 3 1 0.00158496 373511
53 3522 111545 4 1 0.00241411 1.05409e+07
54 64202 179477 3 1 0.0016069 2.6324e+06
55 44437 210787 3 1 0.00158982 3.36892e+06
56 363108 124875 4 1 0.00177058 5.11076e+06
57 90766 39596 3 1 0.0015932 2.63243e+06
58 259317 75480 3 1 0.00158648 1.35772e+06
59 209714 126290 3 1 0.00162533 1.3628e+06
60 276920 308960 3 1 0.00159213 735493
61 321945 78745 4 1 0.00178696 5.40694e+06
62 246137 365571 4 1 0.00180777 6.34924e+06
63 122725 10563 3 1 0.00159176 2.84842e+06
64 347811 221217 3 1 0.00160733 4.56285e+06
65 274411 70573 3 1 0.00158957 676283
66 31999 159960 3 1 0.00161986 4.61274e+06
67 357505 336305 3 1 0.0015762 924376
68 394532 139900 4 1 0.00178428 5.90882e+06
69 1636 35012 3 1 0.00160789 2.38263e+06
70 98949 33175 4 1 0.00176774 1.37577e+06
71 1047 76014 4 1 0.00177197 3.59317e+06
72 49032 212310 3 1 0.00158959 1.75265e+06
73 112527 299086 4 1 0.00178321 6.23201e+06
74 220804 202785 3 1 0.00159538 2.12364e+06
75 239999 23158 4 1 0.00180027 7.94436e+06
76 260342 122191 4 1 0.00181325 4.12905e+06
77 343800 24305 4 1 0.00183399 8.86592e+06
78 172290 351874 4 1 0.0017666 2.54386e+06
79 274768 134836 4 1 0.00181083 7.38668e+06
80 52126 154297 3 1 0.00159821 1.56175e+06
81 8714 287256 3 1 0.0013869 912825
82 103452 314647 3 1 0.00133291 9.46427e+06
83 317232 173857 4 1 0.00179265 2.86337e+06
84 198092 300727 3 1 0.00160351 3.21294e+06
85 175162 368599 4 1 0.00247642 1.69745e+07
86 178431 216914 3 1 0.00229157 1.44691e+07
87 258492 94649 3 1 0.00158461 1.96262e+06
88 148210 271080 3 1 0.00158792 1.96105e+06
89 377940 131091 4 1 0.00275 2.08746e+07
90 240160 258047 4 1 0.00182225 7.99344e+06
91 29564 326815 5 1 0.00257202 8.17256e+06
92 359414 361529 4 1 0.00244319 1.3723e+07
93 253331 337868 5 1 0.00260405 1.35746e+07
94 325254 26261 4 1 0.00178193 4.93848e+06
95 276944 24245 3 1 0.00161631 3.53645e+06
96 70767 359301 4 1 0.00180204 3.92499e+06
97 75453 200445 3 1 0.00159111 571300
98 204868 134466 3 1 0.00159601 1.1604e+06
99 27074 378240 4 1 0.00179568 7.00961e+06
max-ST-CON-level 5
min_time 0.00133291 s
max_time 0.003804 s
mean_time 0.00183249 s
stddev_time 0.00043327
min_CONPS                   262.881 
max_CONPS                   750.239 
mean_CONPS                  567.069 
stddev_CONPS                94.8489 
mean_ST, mean_time, stddev_ST: 567.069, 0.00183249, 94.8489 
-----ST_CON_VISITED_NODES-----
min_visited, max_visited, mean_visited, stddev_visited: 20, 31767, 1672.49, 3512.21
