SCALE 16
Edgefactor 16.0
MPI-Nodes 1
Num-ST-CON=100
Filename graphs/dense/as-skitter.txt
Seed1 1101236690
Seed2 420191655
ST-CON-RUN RED-V BLUE-V DEPTH MN-FOUND TIME(Sec) TEPS
0 781279 15164 2 1 0.0124806 112174
1 307679 40044 2 1 0.00840956 356856
2 559436 889800 3 1 0.00869451 591753
3 13266 1255691 2 1 0.00831062 172430
4 282956 822220 2 1 0.00842409 93185.2
5 362447 1192756 3 1 0.00938656 1.70406e+07
6 912320 12728 2 1 0.00840164 108074
7 1460686 1579758 4 1 0.00887663 1.27706e+06
8 16543 568896 2 1 0.00839311 262001
9 463625 1354920 3 1 0.0085808 683736
10 348260 1025591 2 1 0.00849418 186363
11 186283 1310198 3 1 0.00998723 1.57587e+08
12 469234 1392428 3 1 0.00936612 3.39468e+06
13 393280 899398 3 1 0.00868012 449878
14 164949 1481086 3 1 0.00952315 3.50719e+07
15 435225 466472 2 1 0.00840155 27971
16 599165 1542694 3 1 0.00866927 185137
17 691687 1053625 3 1 0.00863623 199392
18 1158189 1524048 3 1 0.00862942 298166
19 652753 1066222 3 1 0.00871831 4.96771e+06
20 1447031 632140 3 1 0.00874293 7.8667e+06
21 217149 748700 2 1 0.00832999 114526
22 1599889 686733 3 1 0.0087085 644772
23 1490037 434584 3 1 0.00940643 9.4412e+06
24 991036 1572409 3 1 0.00873634 507535
25 1188884 609373 3 1 0.00872619 826707
26 462160 1203502 2 1 0.00853049 48883.5
27 155119 605913 2 1 0.00840815 272474
28 794265 691347 2 1 0.00848687 46424.7
29 266735 1547454 3 1 0.00931325 6.91907e+06
30 1126559 1301716 3 1 0.00932365 2.29422e+07
31 985427 767907 3 1 0.00866357 486751
32 1424268 886372 3 1 0.00869712 2.65835e+06
33 819056 1105825 3 1 0.00856822 1.98956e+06
34 798145 1066446 3 1 0.00866637 568981
35 1125562 1467404 4 1 0.00998226 4.47427e+07
36 1194096 1307470 3 1 0.00866265 453903
37 153819 653321 2 1 0.00842739 95403.2
38 1396672 1268375 3 1 0.00869483 230137
39 993633 1553248 3 1 0.00923873 1.75273e+06
40 598030 1025344 3 1 0.00882593 1.00158e+07
41 1093890 907171 3 1 0.00875981 3.10475e+06
42 171750 1567977 3 1 0.0100895 1.64934e+08
43 1194602 838129 3 1 0.00840894 43525.1
44 204627 1661365 3 1 0.00868379 3.03416e+06
45 930713 240532 2 1 0.00844645 1.16747e+06
46 341333 1442621 3 1 0.00876431 8.17726e+06
47 194293 809675 2 1 0.00843833 122536
48 1350962 1340564 4 1 0.00902819 6.35033e+06
49 710958 507477 3 1 0.00872084 1.16193e+06
50 1049242 119936 2 1 0.00840676 144289
51 330913 199544 2 1 0.0084456 62044.2
52 1078367 269145 3 1 0.00874035 3.43247e+06
53 14912 472209 2 1 0.00843888 341277
54 271790 759788 2 1 0.00845759 873181
55 188120 892335 2 1 0.00850612 577114
56 1537158 528638 3 1 0.00865623 825994
57 384246 167624 2 1 0.00840346 48313.4
58 1097779 319533 3 1 0.00868739 3.22594e+06
59 887789 534631 2 1 0.00847833 69943
60 1172295 1307934 3 1 0.00866977 405547
61 1362902 333354 2 1 0.00842879 332788
62 1041984 1547585 3 1 0.008652 944637
63 519537 44717 2 1 0.00846114 155298
64 1472403 936487 3 1 0.00868305 74973.7
65 1161677 298762 3 1 0.00866819 200042
66 135466 677166 3 1 0.00946119 1.3454e+07
67 1513440 1423693 3 1 0.00865125 204710
68 1670188 592246 4 1 0.0103846 9.10198e+07
69 6926 148218 2 1 0.00909841 7.74388e+06
70 418886 140442 2 1 0.0084215 216470
71 4434 321792 2 1 0.00852783 113511
72 207571 898781 2 1 0.00849952 175422
73 476368 1266131 3 1 0.00944272 7.50515e+06
74 934740 858459 3 1 0.00871484 882977
75 1015999 98039 3 1 0.00941702 1.30723e+07
76 1102116 517277 3 1 0.00866409 619338
77 1455423 102893 3 1 0.00975303 2.33557e+07
78 729363 1489604 3 1 0.00871342 2.04799e+06
79 1163186 570806 3 1 0.00927984 5.04136e+06
80 220669 653194 2 1 0.00833323 65760.8
81 36892 1216054 2 1 0.0084586 562741
82 437951 1332007 3 1 0.00932888 6.7157e+06
83 1342951 735999 3 1 0.00869784 903787
84 838593 1273080 3 1 0.00872588 185425
85 741519 1560406 3 1 0.0087187 328031
86 755361 918269 2 1 0.00844236 42642.1
87 1094283 400683 3 1 0.00872774 7.08546e+06
88 627425 1147573 2 1 0.0084468 126320
89 1599950 554953 3 1 0.00925566 3.64706e+06
90 1016681 1092403 3 1 0.00870524 1.72161e+06
91 125155 1383521 3 1 0.00927098 4.34571e+06
92 1521521 1530477 3 1 0.00865395 2.66965e+06
93 1072436 1430312 3 1 0.00867823 1.23735e+06
94 1376910 111174 3 1 0.00930196 3.13579e+06
95 1172398 102641 2 1 0.00838857 1.29963e+06
96 299582 1521044 2 1 0.00861535 23562.6
97 319419 848553 3 1 0.00875991 5.30382e+06
98 867277 569241 3 1 0.00924264 7.30733e+06
99 114614 1601220 3 1 0.00987758 8.88748e+07
max-ST-CON-level 4
min_time 0.00831062 s
max_time 0.0124806 s
mean_time 0.00883987 s
stddev_time 0.000572803
min_CONPS                   80.1244 
max_CONPS                   120.328 
mean_CONPS                  113.524 
stddev_CONPS                6.29423 
mean_ST, mean_time, stddev_ST: 113.524, 0.00883987, 6.29423 
-----ST_CON_VISITED_NODES-----
min_visited, max_visited, mean_visited, stddev_visited: 11, 71222, 4969.97, 13430.8
