SCALE 16
Edgefactor 16.0
MPI-Nodes 1
Num-ST-CON=100
Filename graphs/symmetric/hugetric-00020.mtx.alt
Seed1 739377675
Seed2 1818188829
ST-CON-RUN RED-V BLUE-V DEPTH MN-FOUND TIME(Sec) TEPS
0 3280380 63673 773 1 0.509384 5.39917e+06
1 1291862 168135 1032 1 0.657492 6.14433e+06
2 2348925 3736034 1186 1 0.738073 5.9019e+06
3 55701 5272311 686 1 0.450614 6.06249e+06
4 1188058 3452282 1016 1 0.700456 7.24122e+06
5 1521820 5008062 782 1 0.52203 6.6226e+06
6 3830586 53444 1484 1 0.976003 7.70892e+06
7 6133029 6632979 1064 1 0.743784 7.8172e+06
8 69462 2388644 1009 1 0.673296 6.71176e+06
9 1946636 5688946 1067 1 0.71409 6.67679e+06
10 1462252 4306181 1278 1 0.872323 7.69661e+06
11 782153 5501169 1412 1 0.931835 7.77061e+06
12 1970191 5846434 1244 1 0.857022 6.59196e+06
13 1651280 3776333 818 1 0.521797 5.70409e+06
14 692577 6218683 780 1 0.518368 6.11153e+06
15 1827393 1958591 1162 1 0.798139 7.03089e+06
16 2515733 6477359 1454 1 1.01781 7.79609e+06
17 2904209 4423888 1579 1 1.10609 7.94971e+06
18 4862927 6399067 930 1 0.621273 5.87023e+06
19 2740736 4476779 1048 1 0.663481 5.6233e+06
20 6075695 2654188 636 1 0.404554 5.13802e+06
21 911752 3143592 1048 1 0.720208 6.87959e+06
22 6717504 2883409 615 1 0.326955 3.99213e+06
23 6256266 1824702 976 1 0.680416 7.39727e+06
24 4161097 6602125 1344 1 0.932006 6.4835e+06
25 4991804 2558595 694 1 0.45204 5.49172e+06
26 1940486 5053181 1371 1 0.902059 6.61393e+06
27 651303 2544068 941 1 0.644517 7.98367e+06
28 3334908 2902781 799 1 0.544942 6.59177e+06
29 1119950 6497346 949 1 0.642716 6.25192e+06
30 4730117 5465555 813 1 0.531864 5.66972e+06
31 4137546 3224238 729 1 0.452838 5.27115e+06
32 5980118 3721637 1319 1 0.827764 6.2787e+06
33 3438997 4643065 898 1 0.602294 6.59333e+06
34 3351196 4477720 644 1 0.342802 3.91995e+06
35 4725933 6161236 676 1 0.423771 5.02008e+06
36 5013690 5489717 1445 1 1.01503 7.93163e+06
37 645847 2743120 241 1 0.140324 1.91726e+06
38 5864252 5325567 613 1 0.394857 5.1496e+06
39 4172001 6521672 541 1 0.320874 4.01975e+06
40 2510969 4305143 1157 1 0.742816 6.45594e+06
41 4592953 3808967 696 1 0.415865 4.37528e+06
42 721135 6583514 1190 1 0.830552 6.90376e+06
43 5015814 3519079 461 1 0.285901 4.1139e+06
44 859173 6975627 76 1 0.0649168 403024
45 3907816 1009929 573 1 0.352197 4.33549e+06
46 1433165 6057179 355 1 0.195476 3.37087e+06
47 815784 3399610 816 1 0.544135 5.57017e+06
48 5672326 5628669 1115 1 0.768398 7.41704e+06
49 2985123 2130762 559 1 0.345134 4.35827e+06
50 4405488 503581 629 1 0.374931 4.51936e+06
51 1389416 837834 906 1 0.604177 5.94105e+06
52 4527774 1130071 766 1 0.491748 5.59699e+06
53 62613 1982679 1084 1 0.697003 6.01215e+06
54 1141173 3190146 1243 1 0.876028 7.42681e+06
55 789869 3746678 760 1 0.500668 5.82564e+06
56 6454113 2219611 683 1 0.427009 5.09018e+06
57 1613349 703811 435 1 0.259963 3.75307e+06
58 4609279 1341634 1183 1 0.771514 6.69782e+06
59 3727590 2244774 1182 1 0.74509 5.74287e+06
60 4922154 5491665 964 1 0.662563 8.31506e+06
61 5722458 1399667 804 1 0.499758 5.08275e+06
62 4375010 6497893 360 1 0.200963 3.2371e+06
63 2181396 187756 374 1 0.206069 3.27932e+06
64 6182224 3932057 842 1 0.572876 5.99817e+06
65 4877571 1254423 1030 1 0.597193 4.71683e+06
66 568786 2843241 819 1 0.523938 5.50063e+06
67 6354528 5977704 1103 1 0.747393 6.07367e+06
68 7012670 2486684 1178 1 0.803771 6.7395e+06
69 29082 622330 335 1 0.183328 2.28917e+06
70 1758791 589680 1036 1 0.69548 6.63558e+06
71 18619 1351121 537 1 0.295566 3.77911e+06
72 871538 3773740 1339 1 0.855052 6.20363e+06
73 2000141 5316147 690 1 0.453483 5.43728e+06
74 3924724 3604439 1197 1 0.822478 8.78399e+06
75 4265907 411642 1163 1 0.74506 6.21886e+06
76 4627491 2171909 329 1 0.18094 3.01108e+06
77 6110933 432023 696 1 0.449297 5.00907e+06
78 3062399 6254446 1220 1 0.849961 7.38974e+06
79 4883906 2396662 435 1 0.229858 3.45592e+06
80 926530 2742589 1002 1 0.659023 6.05812e+06
81 154903 5105885 422 1 0.223433 3.00809e+06
82 1838838 5592740 468 1 0.26904 3.78886e+06
83 5638693 3090262 1075 1 0.737808 7.63422e+06
84 3521030 5345322 224 1 0.133216 1.73862e+06
85 3113441 6551725 340 1 0.200844 3.52163e+06
86 3171557 3855568 874 1 0.572007 5.44418e+06
87 4594603 1682362 676 1 0.448906 5.54792e+06
88 2634390 4818351 81 1 0.0672139 465112
89 6717759 2330101 411 1 0.244117 3.76109e+06
90 4268771 4586706 545 1 0.316287 3.98885e+06
91 525493 5809033 790 1 0.50518 5.58215e+06
92 6388457 6426061 1037 1 0.726182 7.33322e+06
93 4502872 6005496 278 1 0.156753 2.36541e+06
94 5781275 466793 1056 1 0.722005 6.61807e+06
95 4922584 430962 1096 1 0.710488 6.37609e+06
96 1257865 6386457 1045 1 0.695331 6.38676e+06
97 1341155 3562848 997 1 0.677956 6.39545e+06
98 3641464 2390093 769 1 0.467417 4.96985e+06
99 481233 6723093 588 1 0.356848 4.42511e+06
max-ST-CON-level 1579
min_time 0.0649168 s
max_time 1.10609 s
mean_time 0.556548 s
stddev_time 0.240858
min_CONPS                   0.904087 
max_CONPS                   15.4043 
mean_CONPS                  2.51252 
stddev_CONPS                2.27674 
mean_ST, mean_time, stddev_ST: 2.51252, 0.556548, 2.27674 
-----ST_CON_VISITED_NODES-----
min_visited, max_visited, mean_visited, stddev_visited: 17440, 5.8635e+06, 2.30523e+06, 1.39566e+06
