SCALE 16
Edgefactor 16.0
MPI-Nodes 1
Num-ST-CON=100
Filename graphs/streets/luxembourg_osm.mtx.txt.alt
Seed1 1059118458
Seed2 528427879
ST-CON-RUN RED-V BLUE-V DEPTH MN-FOUND TIME(Sec) TEPS
0 52779 1024 233 1 0.0375682 1.017e+06
1 20785 2705 221 1 0.0352754 1.31298e+06
2 37792 60110 205 1 0.0329417 428819
3 896 84827 246 1 0.0394936 1.12388e+06
4 19115 55544 130 1 0.0214154 914527
5 24485 80576 141 1 0.0230859 910947
6 61631 859 288 1 0.0468112 1.28367e+06
7 98676 106720 414 1 0.0662236 1.19184e+06
8 1117 38431 328 1 0.0529826 1.17676e+06
9 31320 91531 373 1 0.0596434 1.01052e+06
10 23526 69283 339 1 0.0547998 1.14747e+06
11 12584 88510 230 1 0.0369628 232883
12 31699 94065 270 1 0.043983 1.35359e+06
13 26568 60758 36 1 0.00600417 111090
14 11143 100054 154 1 0.0252435 241488
15 29401 31512 328 1 0.0535926 1.2314e+06
16 40476 104216 314 1 0.0509754 395465
17 46726 71177 428 1 0.0689236 1.18e+06
18 78241 102956 245 1 0.039821 409583
19 44096 72028 398 1 0.0642096 1.19591e+06
20 97753 42704 374 1 0.0608794 1.12887e+06
21 14669 50578 445 1 0.0720054 781830
22 108080 46392 373 1 0.0607528 1.02845e+06
23 100659 29358 331 1 0.0535705 929802
24 66949 106223 266 1 0.0438929 1.16135e+06
25 80314 41166 87 1 0.0141412 122125
26 31221 81302 91 1 0.0148476 136386
27 10479 40932 61 1 0.0107262 382334
28 53656 46703 295 1 0.0484795 1.22008e+06
29 18019 104537 172 1 0.0285567 981207
30 76104 87937 138 1 0.0230569 884248
31 66570 51875 181 1 0.0298794 349906
32 96216 59878 467 1 0.0764064 1.17402e+06
33 55331 74703 131 1 0.0218522 489241
34 53918 72043 226 1 0.0374284 1.1056e+06
35 76037 99130 166 1 0.0274614 674437
36 80666 88325 196 1 0.0326554 414633
37 10391 44134 152 1 0.0251851 221718
38 94351 85684 120 1 0.0201666 582895
39 67124 104929 84 1 0.0142269 214312
40 40399 69266 356 1 0.0585194 1.11515e+06
41 73897 61283 286 1 0.0466309 605414
42 11602 105924 313 1 0.0522593 1.08811e+06
43 80701 56619 94 1 0.0159778 393172
44 13823 112233 254 1 0.0415888 501457
45 62874 16249 311 1 0.050742 871902
46 23058 97455 93 1 0.0158148 543858
47 13125 54697 414 1 0.0673993 1.03654e+06
48 91263 90561 521 1 0.0852551 1.06373e+06
49 48028 34282 309 1 0.0506336 539168
50 70881 8102 186 1 0.0308641 575976
51 22354 13480 404 1 0.0670595 1.34403e+06
52 72848 18182 215 1 0.0356456 529798
53 1007 31899 228 1 0.0378365 958889
54 18360 51327 217 1 0.0364863 1.17499e+06
55 12708 60281 233 1 0.038434 558308
56 103842 35712 199 1 0.0332424 1.02387e+06
57 25957 11323 77 1 0.0133347 189655
58 74160 21586 226 1 0.0378088 992309
59 59974 36116 106 1 0.0174758 121654
60 79194 88357 294 1 0.0486912 1.0651e+06
61 92070 22519 506 1 0.08289 1.08458e+06
62 70390 104546 148 1 0.0248223 681888
63 35097 3020 405 1 0.0668034 1.50606e+06
64 99467 63264 241 1 0.0405395 1.34969e+06
65 78476 20182 166 1 0.0279067 816613
66 9151 45745 307 1 0.0509136 1.04463e+06
67 102240 96177 321 1 0.0531291 671177
68 112829 40009 79 1 0.0137779 738867
69 467 10012 62 1 0.0109265 586556
70 28297 9487 243 1 0.0408688 1.1615e+06
71 299 21738 501 1 0.0822154 1.18578e+06
72 14022 60716 297 1 0.0492015 452304
73 32180 85533 355 1 0.0585628 917732
74 63146 57993 211 1 0.0353024 908861
75 68635 6623 113 1 0.0191072 397703
76 74453 34944 347 1 0.0579836 1.47818e+06
77 98320 6950 253 1 0.0420338 881623
78 49271 100629 167 1 0.0282022 777811
79 78578 38560 259 1 0.0431431 1.15302e+06
80 14907 44126 126 1 0.0213536 425080
81 2492 82150 219 1 0.0363521 1.0368e+06
82 29585 89983 110 1 0.0188054 763450
83 90722 49720 379 1 0.0625758 1.05669e+06
84 56651 86002 95 1 0.016361 551739
85 50093 105412 265 1 0.0440267 702074
86 51028 62033 257 1 0.0425186 426543
87 73924 27068 106 1 0.0180271 868191
88 42385 77524 282 1 0.0473203 1.40018e+06
89 108084 37489 334 1 0.0552343 1.46614e+06
90 68681 73797 241 1 0.0401629 1.05533e+06
91 8454 93463 307 1 0.0507289 907629
92 102786 103391 437 1 0.071921 1.05965e+06
93 72448 96624 273 1 0.045274 1.00813e+06
94 93016 7510 436 1 0.0722938 1.20084e+06
95 79201 6933 184 1 0.0308639 729364
96 20238 102753 283 1 0.0473786 953320
97 21578 57323 142 1 0.0241084 270819
98 58588 38455 241 1 0.0403723 521694
99 7742 108170 196 1 0.0327162 1.12562e+06
max-ST-CON-level 521
min_time 0.00600417 s
max_time 0.0852551 s
mean_time 0.0410455 s
stddev_time 0.0183615
min_CONPS                   11.7295 
max_CONPS                   166.551 
mean_CONPS                  32.1776 
stddev_CONPS                22.3458 
mean_ST, mean_time, stddev_ST: 32.1776, 0.0410455, 22.3458 
-----ST_CON_VISITED_NODES-----
min_visited, max_visited, mean_visited, stddev_visited: 628, 95962, 36489.4, 25676.6
