SCALE 16
Edgefactor 16.0
MPI-Nodes 1
Num-ST-CON=100
Filename graphs/dense/wiki-Talk.txt
Seed1 1813082260
Seed2 2128118559
ST-CON-RUN RED-V BLUE-V DEPTH MN-FOUND TIME(Sec) TEPS
0 1102726 21404 2 1 0.0172639 57750.5
1 434270 56520 2 1 0.0114176 110444
2 789610 1255898 2 1 0.0114653 42388.6
3 18724 1772330 2 1 0.011499 1.03817e+06
4 399375 1160513 2 1 0.0114344 25012.1
5 511572 1683501 2 1 0.0114224 17859.6
6 1287683 17965 8 0 0.0335998 1.38592e+08
7 2061668 2229730 2 1 0.011434 20465.3
8 23350 802962 2 1 0.0114263 374401
9 654377 1912386 2 1 0.0113882 31962.9
10 491548 1447558 2 1 0.0115392 290748
11 262927 1849263 2 1 0.0113975 59311.4
12 662296 1965327 2 1 0.011422 78707.7
13 555091 1269445 2 1 0.0116532 46510.8
14 232815 2090461 2 1 0.0114203 39928.8
15 614293 658396 2 1 0.0114086 71437.6
16 845684 2177417 2 1 0.0114216 3327.02
17 976274 1487126 2 1 0.011392 43451.4
18 1634713 2151099 2 1 0.0113772 36915.9
19 921321 1504906 2 1 0.011406 76275.8
20 2042395 892227 2 1 0.0114161 26716.6
21 306493 1056744 2 1 0.01146 218325
22 2258144 969282 2 1 0.0113902 17383.4
23 2103095 613388 2 1 0.0113873 47421.4
24 1398787 2219359 2 1 0.0113745 35693.9
25 1678036 860093 2 1 0.011409 13848.7
26 652310 1698668 3 1 0.0117343 422776
27 218941 855209 2 1 0.0114023 21399.2
28 1121056 975793 3 1 0.0126739 2.53371e+06
29 376480 2184136 2 1 0.0114581 61004.9
30 1590068 1837291 2 1 0.0117916 24424.3
31 1390870 1083854 2 1 0.011391 28794.8
32 2010266 1251059 2 1 0.0113748 16176.1
33 1156047 1560804 2 1 0.0114406 27446.2
34 1126532 1505222 2 1 0.011414 10863.9
35 1588661 2071150 2 1 0.0114015 13945.5
36 1685393 1845413 2 1 0.011364 39510.9
37 217106 922122 2 1 0.0113873 17563.4
38 1971316 1790233 2 1 0.011443 80398.5
39 1402452 2192314 2 1 0.0113864 65077.8
40 844083 1447209 3 1 0.0118068 1.21286e+06
41 1543959 1280415 2 1 0.0113961 34836.3
42 242415 2213102 2 1 0.0114677 27904.5
43 1686107 1182967 2 1 0.011503 36599
44 288818 2344914 3 1 0.0117839 458251
45 1313644 339496 2 1 0.011569 14175.9
46 481770 2036170 2 1 0.0114805 123688
47 274232 1142807 2 1 0.0113909 67861.5
48 1906799 1892123 2 1 0.011597 6294.75
49 1003474 716273 2 1 0.0113143 80340.8
50 1480941 169283 2 1 0.0115007 241116
51 467063 281644 2 1 0.0113274 43081.4
52 1522048 379882 2 1 0.0114243 8490.69
53 21047 666494 2 1 0.0114354 238995
54 383614 1072393 2 1 0.0114136 78853.2
55 265521 1259476 2 1 0.0113935 26681.9
56 2169603 746140 2 1 0.0114616 53832
57 542340 236592 2 1 0.0114285 44012.8
58 1549447 451001 2 1 0.0114768 56200.2
59 1253060 754599 2 1 0.0114123 22782.5
60 1654622 1846068 2 1 0.0114284 38588.1
61 1923651 470509 3 1 0.0129544 4.86166e+06
62 1470695 2184320 2 1 0.0114848 9403.75
63 733294 63115 2 1 0.0113999 83685.1
64 2078205 1321793 2 1 0.0114276 11463.5
65 1639636 421684 2 1 0.0114039 34286.4
66 191202 955779 2 1 0.0114238 95677.4
67 2136127 2009454 2 1 0.0114143 69561.9
68 2357367 835919 2 1 0.0114451 21493.9
69 9776 209201 2 1 0.0113956 54933.4
70 591232 198226 2 1 0.0114026 28677.6
71 6258 454190 2 1 0.0120477 4.55805e+06
72 292974 1268573 2 1 0.0114125 51960.6
73 672364 1787066 2 1 0.0114243 31949.5
74 1319328 1211661 2 1 0.0114303 18897.1
75 1434020 138376 2 1 0.0114435 155809
76 1555569 730105 2 1 0.0113966 23603.6
77 2054240 145228 2 1 0.0114473 53549.9
78 1029450 2102483 2 1 0.0113686 22430.2
79 1641765 805657 2 1 0.0114151 129127
80 311460 921944 2 1 0.0113951 26327.2
81 52072 1716385 2 1 0.0114812 267307
82 618140 1880045 2 1 0.0114482 4716.89
83 1895493 1038817 2 1 0.0114187 28111.7
84 1183623 1796874 2 1 0.0113747 14242.2
85 1046609 2202416 2 1 0.0114181 4554.19
86 1066145 1296081 2 1 0.0114798 14198.8
87 1544513 565540 2 1 0.0114174 64988.6
88 885572 1619728 2 1 0.0113692 21373.6
89 2258230 783282 2 1 0.0114548 50197.1
90 1434982 1541859 2 1 0.0113957 23868.7
91 176649 1952754 2 1 0.0114145 61500.9
92 2147532 2160173 2 1 0.0113997 17193.5
93 1513677 2018797 2 1 0.0114114 10691.1
94 1943423 156916 2 1 0.0114504 51439.1
95 1654767 144871 2 1 0.0114659 34624.3
96 422842 2146860 2 1 0.0114712 45854.1
97 450840 1197681 2 1 0.0114736 26408.5
98 1224108 803449 2 1 0.011472 25279
99 161770 2260023 3 1 0.0124645 1.70717e+06
max-ST-CON-level 8
min_time 0.0113143 s
max_time 0.0335998 s
mean_time 0.0117671 s
stddev_time 0.00229231
min_CONPS                   29.7621 
max_CONPS                   88.3837 
mean_CONPS                  86.2159 
stddev_CONPS                6.61902 
mean_ST, mean_time, stddev_ST: 86.2159, 0.0117671, 6.61902 
-----ST_CON_VISITED_NODES-----
min_visited, max_visited, mean_visited, stddev_visited: 4, 2.38896e+06, 24063.8, 238879
