SCALE 16
Edgefactor 16.0
MPI-Nodes 1
Num-ST-CON=100
Filename graphs/dense/com-amazon.txt
Seed1 2083820642
Seed2 28904045
ST-CON-RUN RED-V BLUE-V DEPTH MN-FOUND TIME(Sec) TEPS
0 99491 500427 7 1 0.00574025 2.85388e+06
1 4289 14459 8 1 0.00303988 5.49956e+06
2 91496 96607 7 1 0.00222235 4.06506e+06
3 295007 218968 7 1 0.00326855 1.45012e+07
4 472327 45413 7 1 0.00308736 7.44098e+06
5 60236 290629 7 1 0.00313229 1.08314e+07
6 151731 277591 5 1 0.00194107 3.71033e+06
7 53337 31702 3 1 0.0015405 866599
8 140734 167266 5 1 0.00190788 1.81667e+06
9 211074 33271 9 1 0.00396252 2.10338e+07
10 467912 481678 5 1 0.00179384 878002
11 70217 211217 6 1 0.00288928 6.99032e+06
12 481818 393223 5 1 0.00193507 3.71562e+06
13 384437 411663 5 1 0.00193897 3.5328e+06
14 149444 504572 5 1 0.00222994 5.94771e+06
15 50159 371079 7 1 0.00292468 1.10614e+07
16 364284 179449 7 1 0.00284296 6.02401e+06
17 318647 447375 5 1 0.00183467 1.08139e+06
18 258088 462505 6 1 0.00205803 3.80801e+06
19 363961 35949 10 1 0.00291246 2.09651e+06
20 386123 33190 6 1 0.0024004 6.16106e+06
21 49739 491844 4 1 0.0016778 997140
22 451628 184070 5 1 0.00183854 839253
23 321301 517770 5 1 0.0018356 898343
24 353720 319307 5 1 0.00218396 5.08206e+06
25 386286 546668 6 1 0.00276563 1.02186e+07
26 66168 159934 4 1 0.00167005 511960
27 300955 267311 7 1 0.00335928 2.42263e+07
28 62826 511122 6 1 0.00268899 7.76983e+06
29 229895 242751 7 1 0.00226861 3.17463e+06
30 107004 135057 7 1 0.00337383 2.09039e+07
31 348700 125301 5 1 0.0019195 4.01616e+06
32 4822 509537 6 1 0.00205267 3.38437e+06
33 87886 506293 5 1 0.00249794 5.081e+06
34 60830 454863 6 1 0.00237945 4.78556e+06
35 497055 141374 4 1 0.00157414 348126
36 354977 240473 5 1 0.00191298 2.98697e+06
37 379073 410318 4 1 0.00168395 450727
38 440707 122837 8 1 0.0027072 3.56679e+06
39 336935 148301 7 1 0.00367542 1.88038e+07
40 167997 195345 7 1 0.00291478 9.75306e+06
41 375640 181391 9 1 0.0031982 5.65505e+06
42 540071 126867 7 1 0.00324883 1.28514e+07
43 135451 131025 5 1 0.00190967 4.71966e+06
44 1433 225880 6 1 0.00203632 2.64938e+06
45 302257 409176 9 1 0.00359847 1.1125e+07
46 328533 329267 5 1 0.00187738 2.19295e+06
47 356380 485473 7 1 0.00286655 6.8197e+06
48 470625 463512 4 1 0.0017233 3.67725e+06
49 235846 405639 6 1 0.0023717 4.34246e+06
50 376127 104114 5 1 0.00186938 1.77117e+06
51 71355 387186 6 1 0.00268305 6.25482e+06
52 434256 248348 7 1 0.00294786 7.59941e+06
53 271167 332162 5 1 0.00189692 4.74033e+06
54 239777 323920 7 1 0.00297592 1.3822e+07
55 244253 433027 7 1 0.00283165 4.61886e+06
56 517359 180136 6 1 0.00278272 1.21155e+07
57 40470 46314 8 1 0.00347892 1.77354e+07
58 346783 37430 5 1 0.00189817 3.21731e+06
59 445237 225973 4 1 0.00171441 2.68022e+06
60 379106 423885 6 1 0.0027939 1.38713e+07
61 103287 473141 10 1 0.00479798 2.49261e+07
62 37061 135999 6 1 0.00319935 2.39352e+07
63 12948 235307 4 1 0.00193237 1.38638e+06
64 406040 407867 6 1 0.00204661 2.4245e+06
65 385689 331579 6 1 0.00235737 3.7088e+06
66 4115 546163 6 1 0.0020669 4.25953e+06
67 510830 67637 4 1 0.00172058 3.79814e+06
68 183958 291378 11 1 0.00429281 1.57372e+07
69 331635 309574 12 1 0.00529522 3.14457e+07
70 450255 185958 8 1 0.00350218 2.01215e+07
71 478924 351520 9 1 0.00320443 4.60237e+06
72 150838 501053 5 1 0.00189818 4.16821e+06
73 340700 47790 6 1 0.00272155 8.20194e+06
74 492816 73483 8 1 0.00347485 1.37384e+07
75 508454 271072 6 1 0.00271846 9.10149e+06
76 389164 456830 10 1 0.00379767 1.20848e+07
77 223554 540687 10 1 0.00386332 1.86055e+07
78 286617 351768 4 1 0.00168415 1.35855e+06
79 357579 344682 4 1 0.00168421 1.11328e+06
80 344845 235875 5 1 0.00188908 2.95541e+06
81 422783 197383 8 1 0.00353358 2.09566e+07
82 410141 478367 7 1 0.00252509 3.7468e+06
83 502258 96925 6 1 0.00204888 2.38911e+06
84 293342 136498 4 1 0.00168379 1.34459e+06
85 507021 14467 6 1 0.00206387 2.88875e+06
86 271017 345663 5 1 0.00187645 2.37576e+06
87 537219 123468 9 1 0.00251592 1.50084e+06
88 261816 261872 5 1 0.00187177 1.71816e+06
89 164098 36393 8 1 0.00353437 1.65645e+07
90 38782 6765 4 1 0.00173873 3.94656e+06
91 87031 176632 6 1 0.00238409 4.11143e+06
92 152693 458164 4 1 0.00159834 1.13931e+06
93 245685 150703 4 1 0.00168625 1.10067e+06
94 288545 399367 6 1 0.00206582 4.01002e+06
95 170940 401632 11 1 0.0063364 6.80618e+07
96 103324 222130 6 1 0.00239601 4.49956e+06
97 172878 285454 4 1 0.0016898 529649
98 422933 464230 5 1 0.00187709 2.31423e+06
99 107793 236264 7 1 0.00254408 4.40513e+06
max-ST-CON-level 12
min_time 0.0015405 s
max_time 0.0063364 s
mean_time 0.00257404 s
stddev_time 0.000907765
min_CONPS                   157.818 
max_CONPS                   649.138 
mean_CONPS                  427.695 
stddev_CONPS                120.79 
mean_ST, mean_time, stddev_ST: 427.695, 0.00257404, 120.79 
-----ST_CON_VISITED_NODES-----
min_visited, max_visited, mean_visited, stddev_visited: 177, 137978, 7233.6, 15486.5
