SCALE 16
Edgefactor 16.0
MPI-Nodes 1
Num-ST-CON=100
Filename graphs/streets/road_usa.mtx.txt.alt
Seed1 138233291
Seed2 1375359815
ST-CON-RUN RED-V BLUE-V DEPTH MN-FOUND TIME(Sec) TEPS
0 11028876 214074 575 1 1.04444 1.51504e+06
1 4343333 565284 638 1 1.08063 1.91833e+06
2 7897256 12560817 1359 1 2.30263 3.63221e+06
3 187273 17725891 736 1 1.24546 1.88155e+06
4 3994338 11606824 2293 1 3.93283 4.20975e+06
5 5116469 16837469 1544 1 2.6336 4.42867e+06
6 12878708 179683 1516 1 2.56997 4.00668e+06
7 20619687 22300556 1303 1 2.2335 4.09908e+06
8 233539 8030796 1953 1 3.35357 4.69841e+06
9 6544733 19126648 1673 1 2.86514 4.79876e+06
10 4916199 14477692 2929 1 5.00849 4.10053e+06
11 2629657 18495329 2834 1 4.78708 5.01365e+06
12 6623925 19656134 1031 1 1.7865 3.97435e+06
13 5551725 12696308 1383 1 2.37744 4.53387e+06
14 2328496 20907665 1048 1 1.73308 2.21653e+06
15 6143829 6584926 565 1 1.01043 2.70894e+06
16 8458077 21777351 2040 1 3.50296 5.63323e+06
17 9764163 14873434 2510 1 4.23183 3.97827e+06
18 16349515 21514127 510 1 0.81816 953836
19 9214554 15051257 3327 1 5.57917 3.62034e+06
20 20426928 8923572 2858 1 4.85332 4.12029e+06
21 3065378 10568984 1917 1 3.21777 4.1773e+06
22 22584736 9694232 1802 1 3.05235 4.12584e+06
23 21034022 6134783 1301 1 2.26113 4.6312e+06
24 13989910 22196824 829 1 1.4319 2.96752e+06
25 16782808 8602184 1277 1 2.19259 4.04231e+06
26 6524054 16989162 700 1 1.23941 3.29211e+06
27 2189730 8553342 1097 1 1.86251 3.57724e+06
28 11212202 9759360 217 1 0.402437 421984
29 3765356 21844549 2317 1 3.92788 2.83868e+06
30 15902998 18375593 731 1 1.25417 2.5229e+06
31 13910731 10840122 395 1 0.698013 1.47977e+06
32 20105589 12512415 1284 1 2.18604 3.58481e+06
33 11562159 15610321 2265 1 3.87736 4.66903e+06
34 11266964 15054419 573 1 0.928007 995151
35 15888929 20714522 651 1 1.13171 2.02719e+06
36 16856390 18456826 1273 1 2.18177 3.60874e+06
37 2171385 9222570 2099 1 3.56006 4.33268e+06
38 19716041 17904942 2292 1 3.91905 4.91642e+06
39 14026570 21926336 3578 1 5.93681 3.33377e+06
40 8442060 14474205 1218 1 2.07139 4.49307e+06
41 15441841 12806025 1575 1 2.69603 4.88375e+06
42 2424508 22134251 1290 1 2.20192 3.34061e+06
43 16863530 11831400 1479 1 2.52034 4.66679e+06
44 2888604 23452564 2059 1 3.53673 4.08529e+06
45 13138362 3395455 3002 1 5.11621 4.24536e+06
46 4818406 20364674 1671 1 2.87001 3.5479e+06
47 2742725 11429737 2248 1 3.88721 5.98585e+06
48 19070772 18923993 1288 1 2.21573 3.52688e+06
49 10036202 7163778 224 1 0.444143 1.53554e+06
50 14811570 1693076 1099 1 1.88135 3.74655e+06
51 4671317 2816859 2198 1 3.70109 2.79837e+06
52 15222706 3799381 1774 1 3.05699 4.32192e+06
53 210509 6665912 1482 1 2.55807 4.92746e+06
54 3836707 10725502 1676 1 2.87572 4.86588e+06
55 2655597 12596603 1729 1 2.96218 4.02855e+06
56 21699195 7462495 1015 1 1.7538 4.27823e+06
57 5424197 2366265 2847 1 4.86734 4.51176e+06
58 15496730 4510672 1164 1 1.99052 3.31874e+06
59 12532430 7547095 1118 1 1.94678 3.67139e+06
60 16548640 18463377 2134 1 3.66267 5.37716e+06
61 19239320 4705783 1985 1 3.41626 4.98585e+06
62 14709101 21846387 1456 1 2.4139 2.37497e+06
63 7334014 631250 942 1 1.61018 2.90553e+06
64 20785086 13219861 2302 1 3.97599 5.76388e+06
65 16398749 4217463 769 1 1.33853 1.85172e+06
66 1912301 9559184 2238 1 3.87465 5.75348e+06
67 21364383 20097473 1394 1 2.37574 3.93294e+06
68 23577106 8360412 664 1 1.14011 1.94244e+06
69 97776 2092320 2771 1 4.73393 4.46085e+06
70 5913182 1982549 1878 1 3.24128 4.75252e+06
71 62599 4542568 1758 1 3.00056 4.86651e+06
72 2930175 12687587 937 1 1.57751 1.78552e+06
73 6724621 17873271 2371 1 4.05837 5.01893e+06
74 13195209 12118385 1378 1 2.34437 3.84073e+06
75 14342291 1383970 1050 1 1.76901 3.08585e+06
76 15557961 7302115 2206 1 3.78915 5.49571e+06
77 20545399 1452494 643 1 1.07858 1.76998e+06
78 10296008 21027901 1072 1 1.82436 3.78723e+06
79 16420046 8057752 3148 1 5.32894 3.81775e+06
80 3115062 9220785 2493 1 4.17083 2.80823e+06
81 520797 17166357 1053 1 1.7843 3.15102e+06
82 6182308 18803197 1435 1 2.51381 5.22264e+06
83 18957696 10389685 2308 1 3.94713 5.05e+06
84 11837958 17971360 1498 1 2.60917 5.18501e+06
85 10467616 22027375 1599 1 2.70914 3.60173e+06
86 10663005 12962698 619 1 1.06099 1.97398e+06
87 15447389 5656224 1451 1 2.45006 3.56212e+06
88 8857010 16199646 722 1 1.24782 2.61218e+06
89 22585594 7833968 1279 1 2.16049 3.73622e+06
90 14351919 15420837 702 1 1.21844 2.21071e+06
91 1766747 19530389 2304 1 3.97394 5.75728e+06
92 21478457 21604883 2484 1 4.24348 5.74367e+06
93 15138983 20190912 2000 1 3.42122 4.98589e+06
94 19437067 1569393 2247 1 3.83632 5.89197e+06
95 16550086 1448925 1998 1 3.37607 4.37172e+06
96 4229036 21471731 494 1 0.854568 1.65754e+06
97 4509061 11978555 559 1 0.986929 1.96163e+06
98 12242865 8035667 2175 1 3.71309 4.38912e+06
99 1617943 22603527 2944 1 4.94432 4.22955e+06
max-ST-CON-level 3578
min_time 0.402437 s
max_time 5.93681 s
mean_time 2.71141 s
stddev_time 1.29295
min_CONPS                   0.168441 
max_CONPS                   2.48486 
mean_CONPS                  0.506374 
stddev_CONPS                0.377402 
mean_ST, mean_time, stddev_ST: 0.506374, 2.71141, 0.377402 
-----ST_CON_VISITED_NODES-----
min_visited, max_visited, mean_visited, stddev_visited: 146506, 2.01894e+07, 9.32009e+06, 5.82878e+06
