SCALE 16
Edgefactor 16.0
MPI-Nodes 1
Num-ST-CON=100
Filename graphs/dense/wiki-Talk.txt
Seed1 1856819831
Seed2 1947728986
ST-CON-RUN RED-V BLUE-V DEPTH MN-FOUND TIME(Sec) TEPS
0 1102726 21404 2 1 0.0172015 33717.9
1 434270 56520 2 1 0.0113998 110177
2 789610 1255898 2 1 0.0112853 31545.3
3 18724 1772330 2 1 0.011389 1.04583e+06
4 399375 1160513 2 1 0.0113142 33144.1
5 511572 1683501 2 1 0.0113613 17955.6
6 1287683 17965 8 0 0.0336474 1.38396e+08
7 2061668 2229730 2 1 0.0111841 12875.4
8 23350 802962 2 1 0.0113505 376899
9 654377 1912386 2 1 0.011305 86687.2
10 491548 1447558 2 1 0.0114406 293253
11 262927 1849263 2 1 0.0112953 59847.8
12 662296 1965327 2 1 0.0113218 23317.9
13 555091 1269445 2 1 0.0113143 33762.5
14 232815 2090461 2 1 0.0113953 41947
15 614293 658396 2 1 0.0113281 71944.7
16 845684 2177417 2 1 0.0115982 3621.25
17 976274 1487126 2 1 0.0113081 38202.7
18 1634713 2151099 2 1 0.0112997 37169.1
19 921321 1504906 2 1 0.0113588 63650.9
20 2042395 892227 2 1 0.0113348 26908.3
21 306493 1056744 2 1 0.0113405 227415
22 2258144 969282 2 1 0.0112808 17551.9
23 2103095 613388 2 1 0.0113075 58899.1
24 1398787 2219359 2 1 0.0113939 46955.1
25 1678036 860093 2 1 0.0113864 13788.4
26 652310 1698668 3 1 0.011649 425873
27 218941 855209 2 1 0.011324 11656.6
28 1121056 975793 3 1 0.0125956 2.55527e+06
29 376480 2184136 2 1 0.0113383 61737.8
30 1590068 1837291 2 1 0.0112778 25536.9
31 1390870 1083854 2 1 0.011139 40847.6
32 2010266 1251059 2 1 0.0113719 24094.4
33 1156047 1560804 2 1 0.0112785 58961.8
34 1126532 1505222 2 1 0.011328 10946.4
35 1588661 2071150 2 1 0.0112969 14074.6
36 1685393 1845413 2 1 0.0113684 26652.9
37 217106 922122 2 1 0.0113169 44358.5
38 1971316 1790233 2 1 0.0113854 101885
39 1402452 2192314 2 1 0.0113422 50166.4
40 844083 1447209 3 1 0.0117086 1.19451e+06
41 1543959 1280415 2 1 0.0112858 37923.8
42 242415 2213102 2 1 0.0113063 27152.9
43 1686107 1182967 2 1 0.0113268 37168.4
44 288818 2344914 3 1 0.0116256 481782
45 1313644 339496 2 1 0.0113198 14487.9
46 481770 2036170 2 1 0.0113639 127157
47 274232 1142807 2 1 0.0113744 89850.9
48 1906799 1892123 2 1 0.0113918 6232.57
49 1003474 716273 2 1 0.0113804 73283.6
50 1480941 169283 2 1 0.0114121 235452
51 467063 281644 2 1 0.0113819 42875.1
52 1522048 379882 2 1 0.0113264 8564.08
53 21047 666494 2 1 0.0113182 234756
54 383614 1072393 2 1 0.0114014 100427
55 265521 1259476 2 1 0.0112966 27973.1
56 2169603 746140 2 1 0.0113965 62036.4
57 542340 236592 2 1 0.0113367 44369.2
58 1549447 451001 2 1 0.011317 69718.3
59 1253060 754599 2 1 0.0113431 22921.3
60 1654622 1846068 2 1 0.0113064 31663.5
61 1923651 470509 3 1 0.0129491 4.85856e+06
62 1470695 2184320 2 1 0.0114006 9385.43
63 733294 63115 2 1 0.011333 85325.8
64 2078205 1321793 2 1 0.0113535 11538.3
65 1639636 421684 2 1 0.0113463 54819.5
66 191202 955779 2 1 0.0113016 57956.2
67 2136127 2009454 2 1 0.0113103 70201.6
68 2357367 835919 2 1 0.0113067 22022.3
69 9776 209201 2 1 0.0112917 49594.1
70 591232 198226 2 1 0.0112997 40266.6
71 6258 454190 2 1 0.0119973 4.57718e+06
72 292974 1268573 2 1 0.0114447 64047.1
73 672364 1787066 2 1 0.0113885 29415.6
74 1319328 1211661 2 1 0.0113212 15457.8
75 1434020 138376 2 1 0.011422 138593
76 1555569 730105 2 1 0.0113229 35591.7
77 2054240 145228 2 1 0.0113239 61374.7
78 1029450 2102483 2 1 0.0113233 22784.8
79 1641765 805657 2 1 0.0113672 129672
80 311460 921944 2 1 0.0113175 22885
81 52072 1716385 2 1 0.0113773 268781
82 618140 1880045 2 1 0.0113805 5799.41
83 1895493 1038817 2 1 0.0113875 28188.7
84 1183623 1796874 2 1 0.0113291 14299.4
85 1046609 2202416 2 1 0.0114238 6040.03
86 1066145 1296081 2 1 0.0113017 11325.7
87 1544513 565540 2 1 0.0116945 52075.7
88 885572 1619728 2 1 0.0113343 21439.4
89 2258230 783282 2 1 0.0113468 18859.9
90 1434982 1541859 2 1 0.0113847 26526.7
91 176649 1952754 2 1 0.0113204 62011.8
92 2147532 2160173 2 1 0.0113015 17431.3
93 1513677 2018797 2 1 0.0112937 10891
94 1943423 156916 2 1 0.0113156 37382.1
95 1654767 144871 2 1 0.0113065 35112.4
96 422842 2146860 2 1 0.0114029 39025
97 450840 1197681 2 1 0.0113089 20691.6
98 1224108 803449 2 1 0.0113875 36092.1
99 161770 2260023 3 1 0.0123388 1.72181e+06
max-ST-CON-level 8
min_time 0.011139 s
max_time 0.0336474 s
mean_time 0.0116813 s
stddev_time 0.00230643
min_CONPS                   29.72 
max_CONPS                   89.7749 
mean_CONPS                  86.8738 
stddev_CONPS                6.71406 
mean_ST, mean_time, stddev_ST: 86.8738, 0.0116813, 6.71406 
-----ST_CON_VISITED_NODES-----
min_visited, max_visited, mean_visited, stddev_visited: 4, 2.38896e+06, 24063.7, 238879
