SCALE 16
Edgefactor 16.0
MPI-Nodes 1
Num-ST-CON=100
Filename graphs/dense/soc-Slashdot0811.txt
Seed1 1783568220
Seed2 996476565
ST-CON-RUN RED-V BLUE-V DEPTH MN-FOUND TIME(Sec) TEPS
0 35628 691 2 1 0.000603731 1.23731e+06
1 14030 1826 1 1 0.000411139 201878
2 25511 40577 2 1 0.000573533 191794
3 604 57262 2 1 0.000562926 1.74801e+06
4 12903 37495 2 1 0.000564192 990797
5 16528 54392 2 1 0.000591609 1.55508e+06
6 41604 580 2 1 0.000619306 3.40381e+06
7 66611 72041 3 1 0.000753848 2.30683e+06
8 754 25943 2 1 0.00058727 630034
9 21142 61787 2 1 0.000586102 2.49786e+06
10 15881 46769 2 1 0.000588459 582878
11 8495 59748 2 1 0.000587431 927769
12 21398 63498 2 1 0.000588262 979155
13 17934 41014 2 1 0.000587049 550209
14 7522 67541 2 1 0.000618016 273456
15 19847 21272 2 1 0.000621733 297555
16 27323 70350 3 1 0.000769358 2.31492e+07
17 31542 48048 2 1 0.000586082 1.3394e+06
18 52816 69500 2 1 0.000587033 243598
19 29767 48622 3 1 0.00080203 1.99406e+07
20 65988 28827 3 1 0.000753535 2.78686e+06
21 9902 34142 2 1 0.000585612 2.61607e+06
22 72959 31316 3 1 0.00149296 2.76894e+07
23 67949 19818 3 1 0.00078648 1.11815e+07
24 45193 71705 2 1 0.000589583 449470
25 54216 27789 2 1 0.000584137 628277
26 21075 54882 3 1 0.000764941 1.56626e+07
27 7073 27631 2 1 0.000583349 209137
28 36220 31527 2 1 0.000591877 1.92439e+06
29 12163 70567 2 1 0.000595182 317550
30 51374 59361 2 1 0.000589448 814321
31 44938 35018 2 1 0.000587249 396765
32 64950 40420 3 1 0.000761271 6.13711e+06
33 37351 50428 2 1 0.000589812 1.42927e+06
34 36397 48632 2 1 0.000590274 489603
35 51328 66917 3 1 0.000762107 9.15488e+06
36 54453 59624 2 1 0.000590518 404729
37 7014 29793 2 1 0.000595062 1.42002e+06
38 63691 57841 3 1 0.000768305 1.30833e+07
39 45312 70832 2 1 0.000588592 662598
40 27271 46758 2 1 0.000590084 640587
41 49884 41369 2 1 0.000588052 530565
42 7832 71503 2 1 0.000592496 1.15815e+07
43 54476 38220 2 1 0.00058943 500483
44 9331 75762 2 1 0.00058866 1.8007e+06
45 42442 10968 2 1 0.000614485 1.28075e+06
46 15565 65787 2 1 0.000619195 2.32722e+06
47 8860 36923 2 1 0.000587233 2.77573e+06
48 61607 61133 2 1 0.000587124 180541
49 32421 23142 2 1 0.000587525 1.72078e+06
50 47848 5469 2 1 0.000588834 327766
51 15090 9099 2 1 0.000576334 1.77831e+07
52 49176 12273 2 1 0.000567383 433569
53 680 21533 2 1 0.000566804 1.48552e+06
54 12394 34648 2 1 0.000566751 504631
55 8578 40692 2 1 0.000567917 6.69816e+06
56 70098 24107 2 1 0.000568134 844871
57 17522 7644 2 1 0.000568464 3.28957e+06
58 50061 14571 2 1 0.000571509 1.18808e+06
59 40485 24380 2 1 0.000566585 760698
60 53459 59645 3 1 0.000732289 4.30841e+06
61 62151 15201 2 1 0.00056572 984586
62 47517 70573 3 1 0.000740591 1.91091e+07
63 23692 2039 2 1 0.000566632 3.49257e+06
64 67145 42706 2 1 0.000568892 230272
65 52975 13624 2 1 0.000573282 1.62276e+07
66 6177 30880 2 1 0.000574875 1.09067e+07
67 69016 64924 3 1 0.000729837 2.52933e+06
68 76164 27007 2 1 0.000568949 3.02663e+06
69 315 6759 2 1 0.000569564 161527
70 19102 6404 2 1 0.000572109 2.22685e+06
71 202 14674 2 1 0.000601737 8.30762e+06
72 9465 40986 2 1 0.000575656 1.10066e+07
73 21723 57738 3 1 0.000796528 1.01085e+08
74 42626 39147 2 1 0.000573763 1.0161e+06
75 46332 4470 2 1 0.000569782 3.04327e+06
76 50259 23589 2 1 0.000572321 548643
77 66371 4692 2 1 0.000572506 2.74757e+06
78 33260 67929 3 1 0.000740742 1.27035e+07
79 53044 26030 3 1 0.000732064 3.69093e+06
80 10063 29787 2 1 0.000572485 1.79219e+06
81 1682 55455 2 1 0.000573905 737056
82 19971 60743 2 1 0.000573038 233841
83 61242 33563 2 1 0.000570084 306972
84 38242 58055 2 1 0.00057015 659476
85 33815 71158 3 1 0.000729392 2.61451e+06
86 34446 41875 2 1 0.000569053 444598
87 49902 18272 3 1 0.000734393 3.96109e+06
88 28612 52332 2 1 0.000569614 247536
89 72961 25307 3 1 0.000732742 1.20547e+07
90 46363 49816 3 1 0.000738196 8.52755e+06
91 5707 63092 2 1 0.000566271 2.15621e+06
92 69385 69793 2 1 0.000567783 456160
93 48905 65225 3 1 0.000732061 5.97764e+06
94 62790 5069 2 1 0.00059488 2.8863e+06
95 53464 4680 2 1 0.000580199 1.53137e+07
96 13661 69363 2 1 0.000574926 2.01069e+06
97 14566 38696 2 1 0.000613352 6.30796e+06
98 39550 25958 2 1 0.000591959 640247
99 5226 73019 2 1 0.000584067 1.6683e+07
max-ST-CON-level 3
min_time 0.000411139 s
max_time 0.00149296 s
mean_time 0.000624288 s
stddev_time 0.000114194
min_CONPS                   669.812 
max_CONPS                   2432.27 
mean_CONPS                  1635.82 
stddev_CONPS                203.988 
mean_ST, mean_time, stddev_ST: 1635.82, 0.000624288, 203.988 
-----ST_CON_VISITED_NODES-----
min_visited, max_visited, mean_visited, stddev_visited: 3, 2549, 111.25, 353.621
