SCALE 16
Edgefactor 16.0
MPI-Nodes 1
Num-ST-CON=100
Filename graphs/dense/com-amazon.txt
Seed1 1678332847
Seed2 273897529
ST-CON-RUN RED-V BLUE-V DEPTH MN-FOUND TIME(Sec) TEPS
0 99491 500427 7 1 0.00598424 2.73752e+06
1 4289 14459 8 1 0.00324745 5.15112e+06
2 91496 96607 7 1 0.00232627 3.88346e+06
3 295007 218968 7 1 0.00351699 1.34769e+07
4 472327 45413 7 1 0.00306057 7.50612e+06
5 60236 290629 7 1 0.00311857 1.08781e+07
6 151731 277591 5 1 0.00195517 3.67897e+06
7 53337 31702 3 1 0.00155517 858429
8 140734 167266 5 1 0.00189236 1.83157e+06
9 211074 33271 9 1 0.00386296 2.15762e+07
10 467912 481678 5 1 0.00190037 832468
11 70217 211217 6 1 0.00282291 7.15467e+06
12 481818 393223 5 1 0.00192146 3.74195e+06
13 384437 411663 5 1 0.0019137 3.58834e+06
14 149444 504572 5 1 0.00219068 6.05427e+06
15 50159 371079 7 1 0.00304908 1.06101e+07
16 364284 179449 7 1 0.00295778 5.79015e+06
17 318647 447375 5 1 0.00187908 1.05584e+06
18 258088 462505 6 1 0.00232579 3.36961e+06
19 363961 35949 10 1 0.00278313 2.19393e+06
20 386123 33190 6 1 0.00238543 6.19931e+06
21 49739 491844 4 1 0.00169195 988800
22 451628 184070 5 1 0.0018512 834053
23 321301 517770 5 1 0.00184607 893251
24 353720 319307 5 1 0.00229425 4.83774e+06
25 386286 546668 6 1 0.0027592 1.02425e+07
26 66168 159934 4 1 0.00168675 518750
27 300955 267311 7 1 0.00335376 2.42662e+07
28 62826 511122 6 1 0.00268296 7.78729e+06
29 229895 242751 7 1 0.00220045 3.2716e+06
30 107004 135057 7 1 0.00331373 2.1283e+07
31 348700 125301 5 1 0.00189043 4.07791e+06
32 4822 509537 6 1 0.00204162 3.40269e+06
33 87886 506293 5 1 0.00249899 5.06845e+06
34 60830 454863 6 1 0.00237163 4.80133e+06
35 497055 141374 4 1 0.00173178 317015
36 354977 240473 5 1 0.00191462 2.98023e+06
37 379073 410318 4 1 0.0016897 449193
38 440707 122837 8 1 0.00268233 3.59576e+06
39 336935 148301 7 1 0.00361856 1.90993e+07
40 167997 195345 7 1 0.00290834 9.77532e+06
41 375640 181391 9 1 0.00318825 5.67271e+06
42 540071 126867 7 1 0.00323027 1.29252e+07
43 135451 131025 5 1 0.0018984 4.74769e+06
44 1433 225880 6 1 0.00203348 2.65358e+06
45 302257 409176 9 1 0.00374717 1.06835e+07
46 328533 329267 5 1 0.00187427 2.19659e+06
47 356380 485473 7 1 0.0028563 6.84381e+06
48 470625 463512 4 1 0.00172987 3.66329e+06
49 235846 405639 6 1 0.00235344 4.37614e+06
50 376127 104114 5 1 0.00187418 1.76664e+06
51 71355 387186 6 1 0.00266686 6.29204e+06
52 434256 248348 7 1 0.00286548 7.81789e+06
53 271167 332162 5 1 0.00190954 4.709e+06
54 239777 323920 7 1 0.00296394 1.38778e+07
55 244253 433027 7 1 0.00282618 4.62781e+06
56 517359 180136 6 1 0.00275374 1.2243e+07
57 40470 46314 8 1 0.00347711 1.77441e+07
58 346783 37430 5 1 0.00189339 3.22543e+06
59 445237 225973 4 1 0.00174486 2.63345e+06
60 379106 423885 6 1 0.00278647 1.39083e+07
61 103287 473141 10 1 0.0047691 2.50771e+07
62 37061 135999 6 1 0.00319173 2.39923e+07
63 12948 235307 4 1 0.00171076 1.57064e+06
64 406040 407867 6 1 0.00229523 2.16188e+06
65 385689 331579 6 1 0.00238156 3.66609e+06
66 4115 546163 6 1 0.00208816 4.21616e+06
67 510830 67637 4 1 0.00171809 3.77454e+06
68 183958 291378 11 1 0.00430592 1.56893e+07
69 331635 309574 12 1 0.00528324 3.1517e+07
70 450255 185958 8 1 0.00347743 2.02647e+07
71 478924 351520 9 1 0.00315629 4.67257e+06
72 150838 501053 5 1 0.00191276 4.13643e+06
73 340700 47790 6 1 0.00270492 8.25236e+06
74 492816 73483 8 1 0.00343117 1.39133e+07
75 508454 271072 6 1 0.00270299 9.15355e+06
76 389164 456830 10 1 0.00378304 1.21315e+07
77 223554 540687 10 1 0.00383862 1.87252e+07
78 286617 351768 4 1 0.00170905 1.33875e+06
79 357579 344682 4 1 0.00170437 1.10011e+06
80 344845 235875 5 1 0.00191809 2.91071e+06
81 422783 197383 8 1 0.00354767 2.08734e+07
82 410141 478367 7 1 0.00250638 3.77477e+06
83 502258 96925 6 1 0.00204791 2.39024e+06
84 293342 136498 4 1 0.00170224 1.33002e+06
85 507021 14467 6 1 0.00205239 2.90491e+06
86 271017 345663 5 1 0.00188463 2.36652e+06
87 537219 123468 9 1 0.00252169 1.49741e+06
88 261816 261872 5 1 0.0018643 1.72934e+06
89 164098 36393 8 1 0.00348566 1.67959e+07
90 38782 6765 4 1 0.00172597 3.97573e+06
91 87031 176632 6 1 0.00235847 4.15609e+06
92 152693 458164 4 1 0.00172681 1.05455e+06
93 245685 150703 4 1 0.00183419 1.01189e+06
94 288545 399367 6 1 0.00211277 3.92044e+06
95 170940 401632 11 1 0.00627328 6.87466e+07
96 103324 222130 6 1 0.00237964 4.52967e+06
97 172878 285454 4 1 0.00169099 528684
98 422933 464230 5 1 0.00187504 2.31676e+06
99 107793 236264 7 1 0.00253098 4.42596e+06
max-ST-CON-level 12
min_time 0.00155517 s
max_time 0.00627328 s
mean_time 0.00258554 s
stddev_time 0.000905537
min_CONPS                   159.406 
max_CONPS                   643.018 
mean_CONPS                  424.766 
stddev_CONPS                117.899 
mean_ST, mean_time, stddev_ST: 424.766, 0.00258554, 117.899 
-----ST_CON_VISITED_NODES-----
min_visited, max_visited, mean_visited, stddev_visited: 177, 137978, 7233.55, 15486.5
