SCALE 16
Edgefactor 16.0
MPI-Nodes 1
Num-ST-CON=100
Filename graphs/streets/road_usa.mtx.txt.alt
Seed1 2080260322
Seed2 47531603
ST-CON-RUN RED-V BLUE-V DEPTH MN-FOUND TIME(Sec) TEPS
0 11028876 214074 575 1 1.04427 1.51528e+06
1 4343333 565284 638 1 1.08077 1.91809e+06
2 7897256 12560817 1359 1 2.30361 3.63066e+06
3 187273 17725891 736 1 1.24512 1.88206e+06
4 3994338 11606824 2293 1 3.93068 4.21204e+06
5 5116469 16837469 1544 1 2.63319 4.42936e+06
6 12878708 179683 1516 1 2.57415 4.00018e+06
7 20619687 22300556 1303 1 2.23493 4.09646e+06
8 233539 8030796 1953 1 3.35285 4.69943e+06
9 6544733 19126648 1673 1 2.86579 4.79766e+06
10 4916199 14477692 2929 1 5.00726 4.10154e+06
11 2629657 18495329 2834 1 4.78827 5.0124e+06
12 6623925 19656134 1031 1 1.7865 3.97435e+06
13 5551725 12696308 1383 1 2.37949 4.52998e+06
14 2328496 20907665 1048 1 1.73583 2.21302e+06
15 6143829 6584926 565 1 1.01179 2.70531e+06
16 8458077 21777351 2040 1 3.50459 5.63061e+06
17 9764163 14873434 2510 1 4.24077 3.96988e+06
18 16349515 21514127 510 1 0.821945 949443
19 9214554 15051257 3327 1 5.59284 3.61149e+06
20 20426928 8923572 2858 1 4.8654 4.11006e+06
21 3065378 10568984 1917 1 3.22703 4.16531e+06
22 22584736 9694232 1802 1 3.05777 4.11852e+06
23 21034022 6134783 1301 1 2.2637 4.62596e+06
24 13989910 22196824 829 1 1.43435 2.96244e+06
25 16782808 8602184 1277 1 2.19701 4.03417e+06
26 6524054 16989162 700 1 1.24091 3.28812e+06
27 2189730 8553342 1097 1 1.86706 3.56853e+06
28 11212202 9759360 217 1 0.401551 422915
29 3765356 21844549 2317 1 3.9358 2.83296e+06
30 15902998 18375593 731 1 1.25673 2.51775e+06
31 13910731 10840122 395 1 0.697901 1.48001e+06
32 20105589 12512415 1284 1 2.18853 3.58074e+06
33 11562159 15610321 2265 1 3.88261 4.66272e+06
34 11266964 15054419 573 1 0.929519 993532
35 15888929 20714522 651 1 1.13342 2.02413e+06
36 16856390 18456826 1273 1 2.18658 3.60081e+06
37 2171385 9222570 2099 1 3.56783 4.32323e+06
38 19716041 17904942 2292 1 3.92422 4.90993e+06
39 14026570 21926336 3578 1 5.95107 3.32578e+06
40 8442060 14474205 1218 1 2.07503 4.4852e+06
41 15441841 12806025 1575 1 2.70177 4.87336e+06
42 2424508 22134251 1290 1 2.20741 3.3323e+06
43 16863530 11831400 1479 1 2.52526 4.6577e+06
44 2888604 23452564 2059 1 3.54218 4.079e+06
45 13138362 3395455 3002 1 5.12373 4.23913e+06
46 4818406 20364674 1671 1 2.87284 3.5444e+06
47 2742725 11429737 2248 1 3.89443 5.97474e+06
48 19070772 18923993 1288 1 2.21863 3.52228e+06
49 10036202 7163778 224 1 0.445051 1.53241e+06
50 14811570 1693076 1099 1 1.88472 3.73986e+06
51 4671317 2816859 2198 1 3.70355 2.7965e+06
52 15222706 3799381 1774 1 3.06436 4.31153e+06
53 210509 6665912 1482 1 2.56295 4.91807e+06
54 3836707 10725502 1676 1 2.87893 4.86046e+06
55 2655597 12596603 1729 1 2.9661 4.02322e+06
56 21699195 7462495 1015 1 1.75762 4.26893e+06
57 5424197 2366265 2847 1 4.87109 4.50829e+06
58 15496730 4510672 1164 1 1.99338 3.31397e+06
59 12532430 7547095 1118 1 1.95033 3.6647e+06
60 16548640 18463377 2134 1 3.67086 5.36516e+06
61 19239320 4705783 1985 1 3.42454 4.9738e+06
62 14709101 21846387 1456 1 2.41875 2.37021e+06
63 7334014 631250 942 1 1.61403 2.8986e+06
64 20785086 13219861 2302 1 3.98284 5.75397e+06
65 16398749 4217463 769 1 1.33989 1.84984e+06
66 1912301 9559184 2238 1 3.88168 5.74307e+06
67 21364383 20097473 1394 1 2.37989 3.92607e+06
68 23577106 8360412 664 1 1.14098 1.94098e+06
69 97776 2092320 2771 1 4.74408 4.45131e+06
70 5913182 1982549 1878 1 3.24666 4.74464e+06
71 62599 4542568 1758 1 3.00465 4.85988e+06
72 2930175 12687587 937 1 1.57981 1.78293e+06
73 6724621 17873271 2371 1 4.06267 5.01361e+06
74 13195209 12118385 1378 1 2.34577 3.83844e+06
75 14342291 1383970 1050 1 1.77297 3.07895e+06
76 15557961 7302115 2206 1 3.79546 5.48656e+06
77 20545399 1452494 643 1 1.08039 1.76701e+06
78 10296008 21027901 1072 1 1.82865 3.77835e+06
79 16420046 8057752 3148 1 5.33746 3.81166e+06
80 3115062 9220785 2493 1 4.17865 2.80297e+06
81 520797 17166357 1053 1 1.78676 3.14668e+06
82 6182308 18803197 1435 1 2.51657 5.21691e+06
83 18957696 10389685 2308 1 3.95382 5.04146e+06
84 11837958 17971360 1498 1 2.61456 5.17431e+06
85 10467616 22027375 1599 1 2.71311 3.59646e+06
86 10663005 12962698 619 1 1.06188 1.97233e+06
87 15447389 5656224 1451 1 2.45497 3.55499e+06
88 8857010 16199646 722 1 1.2502 2.60719e+06
89 22585594 7833968 1279 1 2.16424 3.72976e+06
90 14351919 15420837 702 1 1.22085 2.20635e+06
91 1766747 19530389 2304 1 3.9806 5.74764e+06
92 21478457 21604883 2484 1 4.25122 5.73321e+06
93 15138983 20190912 2000 1 3.42464 4.9809e+06
94 19437067 1569393 2247 1 3.84543 5.87801e+06
95 16550086 1448925 1998 1 3.385 4.36019e+06
96 4229036 21471731 494 1 0.854373 1.65791e+06
97 4509061 11978555 559 1 0.988184 1.95914e+06
98 12242865 8035667 2175 1 3.71955 4.38149e+06
99 1617943 22603527 2944 1 4.95114 4.22373e+06
max-ST-CON-level 3578
min_time 0.401551 s
max_time 5.95107 s
mean_time 2.71551 s
stddev_time 1.2951
min_CONPS                   0.168037 
max_CONPS                   2.49034 
mean_CONPS                  0.505734 
stddev_CONPS                0.377343 
mean_ST, mean_time, stddev_ST: 0.505734, 2.71551, 0.377343 
-----ST_CON_VISITED_NODES-----
min_visited, max_visited, mean_visited, stddev_visited: 146506, 2.01894e+07, 9.32009e+06, 5.82878e+06
