SCALE 16
Edgefactor 16.0
MPI-Nodes 1
Num-ST-CON=100
Filename graphs/streets/germany_osm.mtx.txt.alt
Seed1 844217838
Seed2 605706737
ST-CON-RUN RED-V BLUE-V DEPTH MN-FOUND TIME(Sec) TEPS
0 5318785 103239 866 1 0.979936 1.91722e+06
1 2094615 272613 1192 1 1.41342 3.01607e+06
2 3808530 6057578 1579 1 1.86955 3.70534e+06
3 90314 8548487 1112 1 1.29841 2.6635e+06
4 1926309 5597506 543 1 0.605113 1.43168e+06
5 2467468 8120037 1855 1 2.2386 3.6402e+06
6 6210884 86654 198 1 0.233982 210768
7 9944049 10754665 382 1 0.429607 1.1224e+06
8 112626 3872931 899 1 0.932894 1.80437e+06
9 3156262 9224016 1099 1 1.18575 1.70987e+06
10 2370886 6982011 1654 1 1.92214 3.47461e+06
11 1268178 8919556 1570 1 1.79167 2.91845e+06
12 3194454 9479366 2145 1 2.59443 3.37791e+06
13 2677374 6122920 411 1 0.430182 558607
14 1122940 10082929 2035 1 2.39759 3.19764e+06
15 2962922 3175646 908 1 1.01244 2.16455e+06
16 4078991 10502344 1904 1 2.1887 2.85803e+06
17 4708864 7172861 1436 1 1.70986 3.92304e+06
18 7884716 10375401 876 1 0.986365 2.00769e+06
19 4443810 7258618 1223 1 1.45292 3.62015e+06
20 9851089 4303481 2005 1 2.42429 3.59363e+06
21 1478309 5096997 991 1 1.08077 1.62762e+06
22 10891713 4675140 1170 1 1.3877 3.1166e+06
23 10143866 2958560 1129 1 1.25576 2.19705e+06
24 6746773 10704639 1177 1 1.42574 3.00301e+06
25 8093676 4148488 836 1 0.894707 1.63559e+06
26 3146290 8193192 1611 1 1.82051 2.83178e+06
27 1056019 4124934 1425 1 1.62608 2.33547e+06
28 5407196 4706548 1670 1 1.94674 3.49252e+06
29 1815880 10534751 1685 1 1.96992 3.51404e+06
30 7669379 8861812 1417 1 1.67371 3.04775e+06
31 6708588 5227756 1407 1 1.67806 3.45563e+06
32 9696120 6034236 1222 1 1.38642 2.44942e+06
33 5575966 7528232 517 1 0.603249 1.9599e+06
34 5433605 7260143 628 1 0.648938 1.092e+06
35 7662594 9989784 1318 1 1.5488 2.64751e+06
36 8129161 8900987 1240 1 1.44194 2.98422e+06
37 1047172 4447676 617 1 0.706724 1.8154e+06
38 9508256 8634836 1634 1 1.89696 2.94618e+06
39 6764453 10574193 1339 1 1.52401 2.75949e+06
40 4071267 6980329 648 1 0.670987 1.45807e+06
41 7446981 6175833 1085 1 1.2928 3.15871e+06
42 1169243 10674462 1582 1 1.87994 3.60679e+06
43 8132605 5705810 870 1 1.01682 2.63061e+06
44 1393058 11310232 1182 1 1.39004 2.97998e+06
45 6336105 1637491 281 1 0.312483 613455
46 2323724 9821066 713 1 0.716153 1.02682e+06
47 1322706 5512104 996 1 1.10005 1.93857e+06
48 9197069 9126284 1521 1 1.79459 3.59711e+06
49 4840058 3454803 1135 1 1.33715 3.0089e+06
50 7143027 816503 517 1 0.529126 572323
51 2252789 1358458 985 1 1.14833 2.68428e+06
52 7341301 1832289 555 1 0.664797 2.12675e+06
53 101520 3214702 1104 1 1.26307 2.93026e+06
54 1850290 5172480 1540 1 1.88933 3.70303e+06
55 1280688 6074836 1739 1 2.10554 3.42433e+06
56 10464652 3598862 221 1 0.256342 538350
57 2615873 1141155 464 1 0.479145 435084
58 7473452 2175316 769 1 0.827155 1.45243e+06
59 6043888 3639661 811 1 0.864815 1.4073e+06
60 7980746 8904147 1462 1 1.67457 3.22529e+06
61 9278353 2269410 974 1 1.11181 2.59658e+06
62 7093610 10535637 344 1 0.396911 1.34697e+06
63 3536901 304427 1935 1 2.12752 2.41463e+06
64 10023814 6375409 1747 1 2.04746 3.08286e+06
65 7908459 2033913 1000 1 1.10961 1.74117e+06
66 922226 4610011 344 1 0.369355 454292
67 10303186 9692206 1225 1 1.3537 1.97058e+06
68 11370293 4031891 964 1 1.14016 2.12172e+06
69 47153 1009042 818 1 0.92498 1.90056e+06
70 2851691 956104 533 1 0.583655 1.39831e+06
71 30189 2190698 747 1 0.864336 2.38709e+06
72 1413106 6118715 506 1 0.546238 1.45127e+06
73 3243015 8619562 1419 1 1.6776 3.38713e+06
74 6363520 5844211 713 1 0.715875 683279
75 6916712 667433 1819 1 2.05357 2.75854e+06
76 7502981 3521517 2084 1 2.45465 3.02483e+06
77 9908223 700479 834 1 0.892049 1.62796e+06
78 4965352 10140914 1481 1 1.80641 3.69869e+06
79 7918730 3885931 1494 1 1.73065 3.50347e+06
80 1502270 4446815 1149 1 1.30841 2.82264e+06
81 251159 8278646 669 1 0.798303 2.80515e+06
82 2981479 9068028 1353 1 1.54754 3.0439e+06
83 9142537 5010528 817 1 0.836848 1.1583e+06
84 5708973 8666867 659 1 0.666345 1.14057e+06
85 5048112 10622920 1150 1 1.41791 3.42185e+06
86 5142340 6251390 1356 1 1.59878 3.42293e+06
87 7449657 2727770 1269 1 1.52284 3.0214e+06
88 4271381 7812440 1418 1 1.70359 3.91462e+06
89 10892127 3778009 1661 1 1.97777 3.58395e+06
90 6921355 7436852 1572 1 1.82263 3.07017e+06
91 852031 9418724 1210 1 1.46777 3.26695e+06
92 10358199 10419169 1036 1 1.2361 2.72134e+06
93 7300925 9737268 1354 1 1.60344 3.70937e+06
94 9373719 756855 1149 1 1.31316 2.55241e+06
95 7981443 698758 616 1 0.656498 1.05859e+06
96 2039494 10354955 1457 1 1.6531 3.17496e+06
97 2174539 5776777 1293 1 1.53554 3.50988e+06
98 5904243 3875280 974 1 1.17069 2.38046e+06
99 780269 10900775 1442 1 1.69207 2.88438e+06
max-ST-CON-level 2145
min_time 0.233982 s
max_time 2.59443 s
mean_time 1.31264 s
stddev_time 0.560456
min_CONPS                   0.385441 
max_CONPS                   4.27383 
mean_CONPS                  1.00428 
stddev_CONPS                0.700731 
mean_ST, mean_time, stddev_ST: 1.00428, 1.31264, 0.700731 
-----ST_CON_VISITED_NODES-----
min_visited, max_visited, mean_visited, stddev_visited: 46785, 8.17132e+06, 3.43462e+06, 2.22383e+06
