SCALE 16
Edgefactor 16.0
MPI-Nodes 1
Num-ST-CON=100
Filename graphs/symmetric/hugetrace-00020.mtx.alt
Seed1 613535875
Seed2 762336330
ST-CON-RUN RED-V BLUE-V DEPTH MN-FOUND TIME(Sec) TEPS
0 7369862 143051 1815 1 2.47192 4.48698e+06
1 2902360 377741 1728 1 2.32623 4.58667e+06
2 5277209 8393555 368 1 0.465757 1.27572e+06
3 125142 11845030 1056 1 1.40834 3.5697e+06
4 2669149 7756066 973 1 1.32166 3.94616e+06
5 3418995 11251357 341 1 0.433782 1.20626e+06
6 8605981 120070 1739 1 2.31642 4.57361e+06
7 13778761 14901973 570 1 0.738304 2.01283e+06
8 156058 5366445 1344 1 1.76917 3.46784e+06
9 4373408 12781062 1093 1 1.46841 3.74684e+06
10 3285168 9674475 317 1 0.410045 1.22483e+06
11 1757224 12359194 1099 1 1.45809 3.24539e+06
12 4426327 13134882 2264 1 3.07822 4.91197e+06
13 3709847 8484095 1522 1 2.04633 4.50571e+06
14 1555978 13971197 1077 1 1.45208 4.07384e+06
15 4105511 4400267 306 1 0.397737 1.16626e+06
16 5651968 14552350 854 1 1.14171 3.28854e+06
17 6524738 9938923 1248 1 1.66628 3.91332e+06
18 10925290 14376455 1719 1 2.32677 4.80489e+06
19 6157471 10057750 1630 1 2.23173 5.37495e+06
20 13649952 5963027 945 1 1.21055 2.6194e+06
21 2048388 7062546 1366 1 1.84259 4.5817e+06
22 15091871 6478008 1816 1 2.46096 4.67915e+06
23 14055633 4099466 1413 1 1.9068 5.10618e+06
24 9348523 14832656 275 1 0.365448 1.26645e+06
25 11214831 5748265 1732 1 2.35928 4.51214e+06
26 4359590 11352723 328 1 0.422071 1.20041e+06
27 1463250 5715627 994 1 1.29104 2.72932e+06
28 7492366 6521529 1816 1 2.41209 3.79934e+06
29 2516136 14597254 788 1 1.03833 2.91267e+06
30 10626912 12279182 839 1 1.09453 2.87039e+06
31 9295613 7243730 1553 1 2.11047 5.76711e+06
32 13435223 8361212 1219 1 1.6158 3.6777e+06
33 7726219 10431336 912 1 1.22414 3.61322e+06
34 7528960 10059864 526 1 0.664443 1.78647e+06
35 10617511 13842133 1767 1 2.37335 4.89928e+06
36 11264000 12333465 1319 1 1.77765 3.9343e+06
37 1450992 6162828 1563 1 2.11144 4.77553e+06
38 13174914 11964678 906 1 1.17906 2.75907e+06
39 9373021 14651907 903 1 1.21186 4.04832e+06
40 5641265 9672145 1763 1 2.40989 6.61062e+06
41 10318751 8557412 600 1 0.813566 2.62838e+06
42 1620137 14790842 1401 1 1.89524 4.47212e+06
43 11268771 7906135 1968 1 2.68184 4.76244e+06
44 1930261 15671783 243 1 0.330574 865997
45 8779490 2268956 865 1 1.15719 3.34785e+06
46 3219819 13608353 990 1 1.32041 3.43488e+06
47 1832780 7637730 873 1 1.15894 3.18816e+06
48 12743724 12645641 745 1 0.970025 2.6537e+06
49 6706524 4787075 374 1 0.470849 1.15844e+06
50 9897584 1131370 1839 1 2.45679 4.32265e+06
51 3121529 1882319 676 1 0.885601 2.63331e+06
52 10172318 2538873 1240 1 1.67157 4.23991e+06
53 140669 4454384 1327 1 1.7869 4.42423e+06
54 2563815 7167137 718 1 0.965618 2.91888e+06
55 1774558 8417469 462 1 0.566374 1.30346e+06
56 14500124 4986687 1297 1 1.70936 3.92706e+06
57 3624629 1581217 968 1 1.29919 3.61948e+06
58 10355430 3014181 1312 1 1.78279 4.50508e+06
59 8374586 5043220 921 1 1.22229 3.29995e+06
60 11058351 12337842 343 1 0.438051 1.31887e+06
61 12856353 3144560 1632 1 2.20994 4.34781e+06
62 9829110 14598482 1199 1 1.57596 3.32999e+06
63 4900832 421822 1591 1 2.13234 4.62887e+06
64 13889285 8833951 1950 1 2.65331 5.0232e+06
65 10958189 2818249 688 1 0.892387 2.2414e+06
66 1277863 6387765 1510 1 2.04121 4.02188e+06
67 14276391 13429800 1594 1 2.09244 4.30324e+06
68 15755006 5586705 2046 1 2.77805 4.11601e+06
69 65337 1398158 1398 1 1.88721 4.8883e+06
70 3951385 1324805 801 1 1.00987 2.19289e+06
71 41830 3035495 1078 1 1.40772 3.10399e+06
72 1958041 8478267 597 1 0.790808 2.56335e+06
73 4493615 11943514 1219 1 1.64173 3.85411e+06
74 8817477 8097907 355 1 0.454387 1.42541e+06
75 9583996 924815 1410 1 1.91561 4.28748e+06
76 10396347 4879516 1687 1 2.28992 5.83461e+06
77 13729119 970604 1893 1 2.54877 4.32576e+06
78 6880135 14051543 1633 1 2.17187 4.20078e+06
79 10972421 5384458 1529 1 2.05578 4.53057e+06
80 2081588 6161635 1312 1 1.74541 3.35377e+06
81 348013 11471130 801 1 1.06503 3.25505e+06
82 4131224 12564922 1242 1 1.65748 3.61531e+06
83 12668163 6942733 2127 1 2.86329 5.04984e+06
84 7910517 12009060 2488 1 3.3669 5.13914e+06
85 6994809 14719424 1490 1 2.0077 4.93759e+06
86 7125375 8662106 1398 1 1.89748 4.44977e+06
87 10322459 3779677 1229 1 1.67147 4.55447e+06
88 5918549 10825142 1219 1 1.63245 3.77949e+06
89 15092445 5234918 1926 1 2.60658 4.18032e+06
90 9590429 10304716 487 1 0.643683 2.12163e+06
91 1180599 13050855 1104 1 1.47394 4.05903e+06
92 14352619 14437101 382 1 0.477404 792632
93 10116371 13492239 607 1 0.784679 2.22904e+06
94 12988495 1048721 1096 1 1.47155 4.20483e+06
95 11059318 968220 968 1 1.28723 3.30651e+06
96 2825982 14348124 881 1 1.14618 2.51779e+06
97 3013105 8004469 691 1 0.914584 2.85793e+06
98 8181090 5369699 1860 1 2.51372 4.04974e+06
99 1081163 15104429 1491 1 1.9962 3.2936e+06
max-ST-CON-level 2488
min_time 0.330574 s
max_time 3.3669 s
mean_time 1.57366 s
stddev_time 0.71218
min_CONPS                   0.297009 
max_CONPS                   3.02504 
mean_CONPS                  0.867291 
stddev_CONPS                0.612923 
mean_ST, mean_time, stddev_ST: 0.867291, 1.57366, 0.612923 
-----ST_CON_VISITED_NODES-----
min_visited, max_visited, mean_visited, stddev_visited: 190825, 1.1538e+07, 4.24996e+06, 2.77145e+06
