SCALE 16
Edgefactor 16.0
MPI-Nodes 1
Num-ST-CON=100
Filename graphs/dense/as-skitter.txt
Seed1 254259668
Seed2 261439268
ST-CON-RUN RED-V BLUE-V DEPTH MN-FOUND TIME(Sec) TEPS
0 781279 15164 2 1 0.0121997 114757
1 307679 40044 2 1 0.00824606 362234
2 559436 889800 3 1 0.00848737 606195
3 13266 1255691 2 1 0.00823116 174095
4 282956 822220 2 1 0.00822375 95455.2
5 362447 1192756 3 1 0.00924525 1.73011e+07
6 912320 12728 2 1 0.00821434 110538
7 1460686 1579758 4 1 0.00869398 1.29917e+06
8 16543 568896 2 1 0.00825555 267941
9 463625 1354920 3 1 0.00850419 668142
10 348260 1025591 2 1 0.0082067 192891
11 186283 1310198 3 1 0.00983494 1.60044e+08
12 469234 1392428 3 1 0.00909162 3.50059e+06
13 393280 899398 3 1 0.0084468 445731
14 164949 1481086 3 1 0.00937486 3.56267e+07
15 435225 466472 2 1 0.00828758 41869.9
16 599165 1542694 3 1 0.00851545 187541
17 691687 1053625 3 1 0.00848293 186964
18 1158189 1524048 3 1 0.00844815 304564
19 652753 1066222 3 1 0.00852296 5.08157e+06
20 1447031 632140 3 1 0.00886275 7.77908e+06
21 217149 748700 2 1 0.00826947 125522
22 1599889 686733 3 1 0.0085109 657744
23 1490037 434584 3 1 0.00918781 9.66586e+06
24 991036 1572409 3 1 0.0085391 509304
25 1188884 609373 3 1 0.00848907 840610
26 462160 1203502 2 1 0.00821237 50655.3
27 155119 605913 2 1 0.00822051 290858
28 794265 691347 2 1 0.00832179 47345.6
29 266735 1547454 3 1 0.00917596 7.02706e+06
30 1126559 1301716 3 1 0.00917948 2.33161e+07
31 985427 767907 3 1 0.00846369 498600
32 1424268 886372 3 1 0.00850038 2.73329e+06
33 819056 1105825 3 1 0.00849197 2.02533e+06
34 798145 1066446 3 1 0.00844414 580521
35 1125562 1467404 4 1 0.00981087 4.55331e+07
36 1194096 1307470 3 1 0.00846022 459799
37 153819 653321 2 1 0.008216 93597.8
38 1396672 1268375 3 1 0.00844659 219852
39 993633 1553248 3 1 0.00907506 1.76936e+06
40 598030 1025344 3 1 0.0086047 1.02733e+07
41 1093890 907171 3 1 0.00849578 3.20618e+06
42 171750 1567977 3 1 0.00995159 1.6722e+08
43 1194602 838129 3 1 0.00851738 42970.9
44 204627 1661365 3 1 0.00856923 3.07449e+06
45 930713 240532 2 1 0.00837338 1.17766e+06
46 341333 1442621 3 1 0.00855111 8.3878e+06
47 194293 809675 2 1 0.00823856 136067
48 1350962 1340564 4 1 0.00883932 6.48602e+06
49 710958 507477 3 1 0.0087267 1.17353e+06
50 1049242 119936 2 1 0.00809387 149866
51 330913 199544 2 1 0.00822856 49704.9
52 1078367 269145 3 1 0.0084701 3.51306e+06
53 14912 472209 2 1 0.00822905 349980
54 271790 759788 2 1 0.00826246 893076
55 188120 892335 2 1 0.00824202 595606
56 1537158 528638 3 1 0.00848527 847115
57 384246 167624 2 1 0.00823268 40691.5
58 1097779 319533 3 1 0.00848816 3.29494e+06
59 887789 534631 2 1 0.00821928 72147.5
60 1172295 1307934 3 1 0.00845902 404184
61 1362902 333354 2 1 0.00823533 340606
62 1041984 1547585 3 1 0.00846081 967520
63 519537 44717 2 1 0.00824294 159773
64 1472403 936487 3 1 0.00844645 95661.5
65 1161677 298762 3 1 0.00845001 204497
66 135466 677166 3 1 0.00919448 1.38443e+07
67 1513440 1423693 3 1 0.0084448 219188
68 1670188 592246 4 1 0.0102901 9.18562e+07
69 6926 148218 2 1 0.00882663 7.97145e+06
70 418886 140442 2 1 0.00822396 221669
71 4434 321792 2 1 0.00823422 121201
72 207571 898781 2 1 0.00826252 161815
73 476368 1266131 3 1 0.00900465 7.8786e+06
74 934740 858459 3 1 0.00849067 887444
75 1015999 98039 3 1 0.00926891 1.32812e+07
76 1102116 517277 3 1 0.00848317 632546
77 1455423 102893 3 1 0.00950667 2.39613e+07
78 729363 1489604 3 1 0.00854581 2.08406e+06
79 1163186 570806 3 1 0.00908555 5.16204e+06
80 220669 653194 2 1 0.00821829 71912.8
81 36892 1216054 2 1 0.00827125 575488
82 437951 1332007 3 1 0.00914219 6.86411e+06
83 1342951 735999 3 1 0.00847314 891287
84 838593 1273080 3 1 0.00850839 198980
85 741519 1560406 3 1 0.00844404 338701
86 755361 918269 2 1 0.00822984 43743.2
87 1094283 400683 3 1 0.00856087 7.21106e+06
88 627425 1147573 2 1 0.00822245 143631
89 1599950 554953 3 1 0.00906382 3.72426e+06
90 1016681 1092403 3 1 0.00873099 1.7116e+06
91 125155 1383521 3 1 0.00954159 4.22142e+06
92 1521521 1530477 3 1 0.00849838 2.73664e+06
93 1072436 1430312 3 1 0.00852138 1.25109e+06
94 1376910 111174 3 1 0.00910499 3.21626e+06
95 1172398 102641 2 1 0.00828615 1.31569e+06
96 299582 1521044 2 1 0.00824506 24620.8
97 319419 848553 3 1 0.00857377 5.41897e+06
98 867277 569241 3 1 0.00908164 7.33259e+06
99 114614 1601220 3 1 0.00962487 9.1211e+07
max-ST-CON-level 4
min_time 0.00809387 s
max_time 0.0121997 s
mean_time 0.0086571 s
stddev_time 0.00057444
min_CONPS                   81.9693 
max_CONPS                   123.55 
mean_CONPS                  115.942 
stddev_CONPS                6.61236 
mean_ST, mean_time, stddev_ST: 115.942, 0.0086571, 6.61236 
-----ST_CON_VISITED_NODES-----
min_visited, max_visited, mean_visited, stddev_visited: 11, 71222, 4970.03, 13430.9
