SCALE 16
Edgefactor 16.0
MPI-Nodes 1
Num-ST-CON=100
Filename graphs/dense/com-youtube.txt
Seed1 1479393403
Seed2 302863829
ST-CON-RUN RED-V BLUE-V DEPTH MN-FOUND TIME(Sec) TEPS
0 533234 27330 2 1 0.00860243 336300
1 209995 607302 3 1 0.0034745 3.12172e+07
2 381823 857028 3 1 0.00264579 1.43436e+06
3 9054 561177 3 1 0.00404995 8.60541e+07
4 193122 814073 3 1 0.00273051 2.87125e+06
5 247375 8687 2 1 0.00244995 533889
6 622671 1078208 4 1 0.00292602 1.13817e+07
7 996940 388280 4 1 0.00374014 1.39088e+07
8 11291 924753 2 1 0.00246447 673166
9 316430 699981 2 1 0.00257328 140288
10 237693 894229 3 1 0.00275245 1.58085e+07
11 127141 950353 2 1 0.00254173 1.29361e+06
12 320259 613853 3 1 0.00265188 2.80819e+06
13 268420 1010863 4 1 0.00422629 1.31458e+08
14 112580 318374 2 1 0.00253457 712152
15 297047 1052911 3 1 0.00262145 609205
16 408939 719114 3 1 0.00328985 1.08561e+07
17 472086 1040185 3 1 0.00266485 133966
18 790481 727712 2 1 0.0024171 92673.1
19 445513 431445 3 1 0.00261389 333603
20 987620 510999 4 1 0.00406908 8.39163e+07
21 148207 468705 3 1 0.0026827 1.08898e+07
22 1091948 296610 4 1 0.00394095 6.20025e+07
23 1016972 1073192 4 1 0.00391075 5.5014e+07
24 676397 415906 3 1 0.00335268 2.97356e+07
25 811431 821408 3 1 0.00261685 362650
26 315431 413545 2 1 0.00242482 107637
27 105871 471854 2 1 0.00244897 3.3704e+06
28 542098 1056160 3 1 0.00325001 5.43444e+06
29 182050 524108 3 1 0.00268256 1.00296e+07
30 768893 604962 3 1 0.0026635 2.05294e+06
31 672569 754742 3 1 0.00268935 7.05486e+06
32 972084 727865 3 1 0.00263612 1.27232e+06
33 559018 1001525 4 1 0.00306946 2.64118e+06
34 544745 445901 3 1 0.00267193 1.21635e+06
35 768212 865685 3 1 0.00263798 764223
36 814988 1060115 3 1 0.00263149 832229
37 104984 699812 2 1 0.00249193 406511
38 953249 619157 4 1 0.00283169 139140
39 678169 1070167 3 1 0.00331536 1.33198e+07
40 408164 572035 3 1 0.0025401 3.10342e+06
41 746596 1133906 3 1 0.00331694 7.3815e+06
42 117222 164166 2 1 0.0024275 1.20865e+06
43 815333 984610 4 1 0.00285169 3.04837e+06
44 139660 552615 3 1 0.00381368 9.07125e+07
45 635225 914955 6 1 0.00981901 2.50997e+08
46 232964 346361 3 1 0.0026466 802918
47 132607 81858 2 1 0.00245789 84625.6
48 922051 136192 3 1 0.00295747 1.09786e+07
49 485239 183696 3 1 0.00267025 1.30961e+06
50 716123 322289 3 1 0.0026315 1.95782e+06
51 225853 518566 3 1 0.00268216 8.26461e+06
52 736001 609032 3 1 0.00261463 826503
53 10177 360803 2 1 0.00242203 83814.1
54 185500 114406 2 1 0.00241567 89002.3
55 128395 218086 3 1 0.00334758 1.35847e+07
56 1049133 364894 3 1 0.00266233 1.47427e+06
57 262254 892684 3 1 0.00265679 312783
58 749250 227519 3 1 0.00260548 1.06545e+06
59 605929 1056249 4 1 0.00334323 272491
60 800109 30520 3 1 0.00270379 4.65976e+06
61 930200 203909 3 1 0.00288674 4.65023e+06
62 711169 462176 2 1 0.00243635 109180
63 354591 971691 4 1 0.00287532 4.1338e+06
64 1004936 404217 5 1 0.00553243 1.81376e+08
65 792862 101161 3 1 0.00268617 4.06751e+06
66 92457 95854 2 1 0.00242731 182095
67 1032945 219628 3 1 0.00266573 250963
68 1139928 613431 4 1 0.00285787 1.23589e+06
69 4727 864153 2 1 0.00242623 291811
70 285896 585911 3 1 0.00267333 3.05462e+06
71 3026 66913 2 1 0.0024504 974125
72 141670 353049 2 1 0.00242 126446
73 325128 70226 2 1 0.00263476 77047
74 693434 1016676 3 1 0.00265204 3.66699e+06
75 752211 389583 3 1 0.00266346 7.2267e+06
76 993348 445815 3 1 0.00262732 115707
77 497801 829975 3 1 0.00265345 4.79149e+06
78 793891 909114 3 1 0.00263058 1.23357e+06
79 150609 502330 2 1 0.00244785 113569
80 25179 868896 2 1 0.00247596 1.35584e+06
81 298908 1065000 3 1 0.00332376 8.47715e+06
82 916584 626732 3 1 0.00262233 176179
83 572352 273472 3 1 0.00264235 921149
84 506098 783235 3 1 0.00332997 1.96923e+07
85 515545 378764 3 1 0.00265222 2.42325e+06
86 746864 745581 3 1 0.00328922 7.51455e+06
87 428227 944273 3 1 0.00265824 1.50739e+06
88 1091989 1044573 3 1 0.00270117 1.61227e+06
89 693900 976209 4 1 0.00429901 1.15542e+08
90 85420 75878 2 1 0.00245294 81942.6
91 1038460 70054 3 1 0.00271638 1.1776e+07
92 731953 1038135 2 1 0.00242363 1.59141e+06
93 939761 579150 4 1 0.00285235 2.19363e+06
94 800179 388516 3 1 0.00266126 3.45663e+06
95 204469 1092856 2 1 0.00243927 428817
96 218008 934792 3 1 0.00266275 4.7387e+06
97 591929 593876 4 1 0.00291531 2.33937e+06
98 78225 673960 2 1 0.00247312 221987
99 10350 1153851 2 1 0.00244442 32318.4
max-ST-CON-level 6
min_time 0.00241567 s
max_time 0.00981901 s
mean_time 0.00297259 s
stddev_time 0.00103744
min_CONPS                   101.843 
max_CONPS                   413.964 
mean_CONPS                  355.272 
stddev_CONPS                60.7965 
mean_ST, mean_time, stddev_ST: 355.272, 0.00297259, 60.7965 
-----ST_CON_VISITED_NODES-----
min_visited, max_visited, mean_visited, stddev_visited: 5, 702981, 11138.7, 71308.9
