SCALE 16
Edgefactor 16.0
MPI-Nodes 1
Num-ST-CON=100
Filename graphs/symmetric/hugebubbles-00010.mtx.alt
Seed1 1290586838
Seed2 1619069263
ST-CON-RUN RED-V BLUE-V DEPTH MN-FOUND TIME(Sec) TEPS
0 8961362 173943 1914 1 2.90884 3.73402e+06
1 3529116 459314 807 1 1.18461 2.66359e+06
2 6416806 10206119 1937 1 2.89085 4.83993e+06
3 152166 14402929 1020 1 1.3131 1.50813e+06
4 3245544 9430965 557 1 0.779994 1.56948e+06
5 4157317 13681054 3352 1 4.97701 4.71818e+06
6 10464417 145999 3177 1 4.66274 4.64542e+06
7 16754243 18120010 2096 1 3.13144 5.15689e+06
8 189758 6525313 2033 1 3.01736 4.18799e+06
9 5317832 15541095 2561 1 3.86553 5.09753e+06
10 3994590 11763649 615 1 0.907739 2.12253e+06
11 2136691 15028125 1456 1 2.18445 4.77281e+06
12 5382179 15971321 2329 1 3.46492 4.75251e+06
13 4510977 10316210 1307 1 1.92167 3.51455e+06
14 1891987 16988236 1795 1 2.67798 4.60027e+06
15 4992084 5350491 1819 1 2.69395 4.27695e+06
16 6872494 17694887 636 1 0.908766 1.8179e+06
17 7933736 12085204 1254 1 1.88485 4.24316e+06
18 13284573 17481008 1275 1 1.88605 3.35081e+06
19 7487159 12229691 480 1 0.671099 1.42709e+06
20 16597619 7250726 801 1 1.17646 2.39865e+06
21 2490731 8587682 1069 1 1.59786 3.45455e+06
22 18350916 7876915 1876 1 2.83339 5.63756e+06
23 17090905 4984733 924 1 1.37897 3.23571e+06
24 11367309 18035724 272 1 0.410443 987774
25 13636640 6989586 933 1 1.32614 2.09061e+06
26 5301031 13804310 2514 1 3.76075 5.06832e+06
27 1779235 6949900 2232 1 3.30622 3.59861e+06
28 9110320 7929833 1416 1 2.08896 3.80886e+06
29 3059488 17749488 2782 1 4.18143 5.26711e+06
30 12921762 14930835 1839 1 2.70035 4.04841e+06
31 11302973 8807992 1380 1 2.05156 3.51623e+06
32 16336520 10166791 2094 1 3.09885 4.50689e+06
33 9394674 12683952 1667 1 2.47801 3.91607e+06
34 9154817 12232261 2264 1 3.38908 3.49138e+06
35 12910331 16831300 2609 1 3.81262 3.55588e+06
36 13696428 14996840 2662 1 3.98766 4.411e+06
37 1764329 7493672 1037 1 1.50037 2.61152e+06
38 16019998 14548414 3582 1 5.34046 4.75852e+06
39 11397097 17815943 308 1 0.454462 1.25455e+06
40 6859480 11760816 636 1 0.94918 2.35787e+06
41 12547055 10405359 3440 1 5.12598 4.84653e+06
42 1970001 17984881 907 1 1.35269 3.04498e+06
43 13702229 9613441 349 1 0.503882 1.13869e+06
44 2347095 19056058 1922 1 2.87956 4.76262e+06
45 10675395 2758930 557 1 0.810992 1.80316e+06
46 3915129 16547036 1031 1 1.53279 3.45155e+06
47 2228564 9287076 1182 1 1.76408 3.57705e+06
48 15495693 15376430 493 1 0.698787 1.49748e+06
49 8154778 5820829 1364 1 2.04113 4.21112e+06
50 12034937 1375686 1071 1 1.60207 3.75396e+06
51 3795614 2288800 626 1 0.907401 1.97916e+06
52 12369000 3087135 643 1 0.921972 1.91151e+06
53 171046 5416295 904 1 1.32636 2.49874e+06
54 3117463 8714859 1093 1 1.63602 3.49508e+06
55 2157769 10235196 1512 1 2.27471 4.76674e+06
56 17631382 6063548 657 1 0.964942 2.23256e+06
57 4407357 1922676 547 1 0.797902 1.82794e+06
58 12591654 3665084 1840 1 2.75041 4.68908e+06
59 10183053 6132288 1524 1 2.29542 4.04845e+06
60 13446370 15002163 378 1 0.541188 1.31434e+06
61 15632645 3823619 537 1 0.775484 1.69458e+06
62 11951677 17750981 1949 1 2.92873 5.18491e+06
63 5959152 512914 1924 1 2.86585 3.64666e+06
64 16888635 10741616 1316 1 1.95295 3.33686e+06
65 13324578 3426841 1091 1 1.49971 2.01192e+06
66 1553814 7767183 1092 1 1.62039 3.00435e+06
67 17359335 16329925 1394 1 2.05105 3.51505e+06
68 19157253 6793138 284 1 0.427404 972010
69 79447 1700086 710 1 1.04352 2.17477e+06
70 4804675 1610893 1856 1 2.78371 4.59226e+06
71 50863 3691001 932 1 1.3374 2.37596e+06
72 2380874 10309124 824 1 1.21303 2.56622e+06
73 5463998 14522681 1249 1 1.86592 4.06236e+06
74 10721585 9846627 1378 1 2.07359 4.14584e+06
75 11653631 1124526 2249 1 3.36164 4.91106e+06
76 12641407 5933233 2325 1 3.50877 4.74841e+06
77 16693882 1180204 651 1 0.953539 2.10489e+06
78 8365880 17085932 2180 1 3.30692 5.20865e+06
79 13341883 6547216 1929 1 2.84031 3.07917e+06
80 2531101 7492222 1902 1 2.86978 4.72548e+06
81 423166 13948287 2112 1 3.15909 4.67236e+06
82 5023349 15278279 1204 1 1.80037 3.89406e+06
83 15403815 8441995 923 1 1.33146 2.17766e+06
84 9618770 14602381 568 1 0.794348 1.52855e+06
85 8505318 17898040 1461 1 2.20814 4.11204e+06
86 8664078 10532662 2452 1 3.63522 4.57493e+06
87 12551563 4595887 2487 1 3.61789 3.60984e+06
88 7196642 13162799 2370 1 3.52814 3.67884e+06
89 18351613 6365383 1754 1 2.63717 4.5233e+06
90 11661454 12529989 1332 1 1.9587 3.51802e+06
91 1435546 15869149 2379 1 3.55843 4.85016e+06
92 17452025 17554751 451 1 0.66895 1.67486e+06
93 12300972 16405848 977 1 1.45233 2.95103e+06
94 15793322 1275189 2355 1 3.52625 4.03596e+06
95 13447545 1177304 1293 1 1.90155 3.02501e+06
96 3436245 17446559 430 1 0.624816 1.47636e+06
97 3663776 9733010 2246 1 3.37539 4.77757e+06
98 9947772 6529270 1208 1 1.77403 2.68178e+06
99 1314637 18366185 2427 1 3.62758 4.71381e+06
max-ST-CON-level 3582
min_time 0.410443 s
max_time 5.34046 s
mean_time 2.18944 s
stddev_time 1.17598
min_CONPS                   0.18725 
max_CONPS                   2.43639 
mean_CONPS                  0.666035 
stddev_CONPS                0.486514 
mean_ST, mean_time, stddev_ST: 0.666035, 2.18944, 0.486514 
-----ST_CON_VISITED_NODES-----
min_visited, max_visited, mean_visited, stddev_visited: 270219, 1.69458e+07, 5.8154e+06, 4.30855e+06
