SCALE 16
Edgefactor 16.0
MPI-Nodes 1
Num-ST-CON=100
Filename graphs/dense/soc-Epinions1.txt
Seed1 1535014399
Seed2 46268172
ST-CON-RUN RED-V BLUE-V DEPTH MN-FOUND TIME(Sec) TEPS
0 34950 678 2 1 0.000627958 1.21139e+07
1 13763 1791 2 1 0.000559271 421978
2 25026 39805 2 1 0.00055363 767661
3 593 56173 2 1 0.000557511 4.34431e+06
4 12658 36781 2 1 0.0005502 2.62087e+06
5 16214 53357 2 1 0.000551994 476454
6 40812 569 2 1 0.000551357 5.97798e+06
7 65343 70670 4 1 0.000882095 2.59836e+07
8 740 25449 2 1 0.000562308 442818
9 20740 60612 3 1 0.000773513 7.30188e+07
10 15579 45879 2 1 0.0005509 582683
11 8333 58611 3 1 0.000715759 1.16617e+07
12 20991 62290 2 1 0.000553053 213361
13 17593 40234 2 1 0.00055982 819907
14 7378 66256 3 1 0.000747157 9.05794e+07
15 19469 20867 2 1 0.00055613 1.19217e+06
16 26803 69012 3 1 0.000710012 9.9449e+06
17 30942 47133 3 1 0.000728778 1.64028e+07
18 51811 68178 3 1 0.000703766 1.17937e+06
19 29200 47697 3 1 0.000738594 4.66156e+06
20 64732 28278 3 1 0.000746099 1.57834e+07
21 9714 33493 2 1 0.000575214 964858
22 71570 30720 2 1 0.000574716 676856
23 66656 19441 2 1 0.000587656 1.81399e+06
24 44333 70341 3 1 0.000740354 2.47989e+06
25 53184 27260 2 1 0.000577875 240536
26 20674 53838 2 1 0.000576762 1.80317e+06
27 6939 27105 2 1 0.000576368 1.05835e+06
28 35531 30927 2 1 0.000575461 549125
29 11932 69225 3 1 0.000767578 5.40075e+07
30 50396 58232 3 1 0.000741213 1.08741e+06
31 44083 34352 2 1 0.000579397 1.10977e+06
32 63714 39651 3 1 0.000747711 1.64716e+07
33 36640 49469 3 1 0.000760141 3.77417e+07
34 35704 47707 2 1 0.000577767 384238
35 50351 65644 3 1 0.000739152 813094
36 53417 58489 3 1 0.0007389 217891
37 6881 29226 2 1 0.000578036 546679
38 62480 56740 3 1 0.000738723 831164
39 44450 69484 4 1 0.000924412 1.34302e+07
40 26752 45868 3 1 0.000745944 9.54361e+06
41 48935 40582 2 1 0.00057725 289303
42 7683 70143 3 1 0.000747968 2.56361e+07
43 53440 37493 2 1 0.000574255 625158
44 9153 74321 2 1 0.000575453 472671
45 41635 10760 2 1 0.000608765 2.46236e+06
46 15269 64535 3 1 0.000751167 2.12642e+07
47 8691 36220 2 1 0.000578554 810642
48 60435 59970 3 1 0.000738644 2.19321e+06
49 31804 22701 2 1 0.000577247 410569
50 46937 5365 2 1 0.000574547 330695
51 14803 8926 2 1 0.000583296 516033
52 48240 12040 2 1 0.00058011 725725
53 667 21124 2 1 0.000578496 5.64913e+06
54 12158 33989 2 1 0.000575016 427814
55 8415 39918 2 1 0.000576594 3.3802e+06
56 68764 23648 3 1 0.000740235 8.7202e+06
57 17189 7498 2 1 0.000582833 1.328e+06
58 49109 14294 3 1 0.000767879 4.93919e+07
59 39715 23916 3 1 0.000793151 7.24515e+07
60 52442 58510 3 1 0.000742203 700617
61 60969 14912 3 1 0.00149632 9.24983e+07
62 46613 69231 2 1 0.000553904 108322
63 23241 2000 2 1 0.000558135 4.04024e+06
64 65867 41893 2 1 0.000555493 752485
65 51967 13365 2 1 0.000556074 370454
66 6060 30292 2 1 0.000556028 472998
67 67703 63688 3 1 0.000743272 297334
68 74715 26494 2 1 0.000581682 170196
69 309 6630 2 1 0.000589254 2.35892e+06
70 18738 6282 2 1 0.000558817 6.23281e+06
71 198 14395 1 1 0.000427942 483711
72 9285 40206 2 1 0.000557632 281548
73 21310 56640 2 1 0.000559105 7.02372e+06
74 41815 38403 2 1 0.000553405 533064
75 45450 4385 2 1 0.000558338 1.04238e+06
76 49303 23140 2 1 0.000553256 1.01761e+06
77 65108 4602 3 1 0.00074647 9.59958e+07
78 32627 66637 2 1 0.000555327 745507
79 52035 25534 2 1 0.000559642 514615
80 9871 29220 2 1 0.000561649 464703
81 1650 54400 2 1 0.000562076 9.34393e+06
82 19591 59587 2 1 0.00055414 355506
83 60076 32924 2 1 0.000557187 773528
84 37514 56951 3 1 0.000717338 7.57105e+06
85 33171 69804 3 1 0.000716559 6.43911e+06
86 33790 41078 3 1 0.000719763 1.55509e+07
87 48952 17924 2 1 0.000560186 478413
88 28067 51336 3 1 0.000726841 2.16223e+07
89 71573 24825 2 1 0.000557608 756804
90 45481 48868 2 1 0.000558835 597672
91 5598 61891 3 1 0.000723375 1.4507e+07
92 68065 68465 3 1 0.000717463 348450
93 47975 63984 3 1 0.000714861 573538
94 61595 4973 3 1 0.000740475 7.15163e+07
95 52447 4591 3 1 0.000732155 5.00714e+07
96 13401 68043 3 1 0.00072222 1.66874e+07
97 14289 37959 2 1 0.000588052 2.20219e+06
98 38797 25464 2 1 0.000557089 432606
99 5127 71630 2 1 0.000560033 1.87132e+06
max-ST-CON-level 4
min_time 0.000427942 s
max_time 0.00149632 s
mean_time 0.000643949 s
stddev_time 0.000127225
min_CONPS                   668.306 
max_CONPS                   2336.77 
mean_CONPS                  1597.08 
stddev_CONPS                241.807 
mean_ST, mean_time, stddev_ST: 1597.08, 0.000643949, 241.807 
-----ST_CON_VISITED_NODES-----
min_visited, max_visited, mean_visited, stddev_visited: 3, 4432, 237.63, 603.475
