SCALE 16
Edgefactor 16.0
MPI-Nodes 1
Num-ST-CON=100
Filename graphs/dense/amazon0601.txt
Seed1 791867994
Seed2 1833940681
ST-CON-RUN RED-V BLUE-V DEPTH MN-FOUND TIME(Sec) TEPS
0 185782 3606 4 1 0.00392287 2.86015e+06
1 73163 9522 3 1 0.00162414 3.98427e+06
2 133029 211587 4 1 0.00259408 1.29529e+07
3 3154 298594 3 1 0.00166122 2.63662e+06
4 67284 195517 3 1 0.00162109 1.91044e+06
5 86187 283628 3 1 0.00160598 600257
6 216942 3026 3 1 0.00162462 4.12835e+06
7 347340 375654 3 1 0.00162195 2.77875e+06
8 3933 135279 3 1 0.00161323 4.7222e+06
9 110246 322189 4 1 0.00241232 1.94042e+07
10 82813 243877 3 1 0.00162345 1.39518e+06
11 44296 311555 3 1 0.00163866 1.06917e+06
12 111580 331109 3 1 0.00161414 2.02398e+06
13 93519 213870 3 1 0.00163599 5.73477e+06
14 39223 352191 2 1 0.00144151 115157
15 103493 110923 3 1 0.00161921 916496
16 142476 366841 4 1 0.0017879 2.13882e+06
17 164478 250544 4 1 0.00261434 1.41133e+07
18 275408 362407 4 1 0.00183366 7.33888e+06
19 155219 253539 4 1 0.00185689 7.24813e+06
20 344093 150318 4 1 0.00181656 3.80775e+06
21 51636 178035 3 1 0.00160865 1.83757e+06
22 380441 163300 3 1 0.00161766 1.75933e+06
23 354319 103340 3 1 0.00162345 2.5797e+06
24 235661 373907 4 1 0.00256113 8.83321e+06
25 282707 144904 4 1 0.00178907 7.83202e+06
26 109898 286183 4 1 0.00240293 9.06184e+06
27 36886 144081 4 1 0.0021004 8.42553e+06
28 188870 164397 4 1 0.00175989 4.32868e+06
29 63427 367973 3 1 0.00158979 1.64928e+06
30 267887 309538 3 1 0.00158195 1.02279e+06
31 234327 182602 3 1 0.00157349 1.15984e+06
32 338680 210772 3 1 0.00157848 867289
33 194765 262957 4 1 0.00295401 2.98774e+07
34 189792 253592 4 1 0.0017956 5.84485e+06
35 267650 348937 4 1 0.00210245 8.96385e+06
36 283947 310906 5 1 0.0026217 1.40931e+07
37 36577 155354 3 1 0.00159507 2.49581e+06
38 332118 301610 3 1 0.00157965 1.03757e+06
39 236278 369350 4 1 0.00176651 4.19018e+06
40 142207 243819 4 1 0.00175449 3.99262e+06
41 260119 215718 4 1 0.00240785 9.77469e+06
42 40841 372853 4 1 0.00244762 1.42567e+07
43 284067 199300 4 1 0.00175371 852478
44 48658 395060 5 1 0.0025898 1.49652e+07
45 221316 57196 3 1 0.00157402 1.65245e+06
46 81166 343044 4 1 0.00176108 2.79374e+06
47 46201 192534 3 1 0.00157331 1.74091e+06
48 321248 318776 4 1 0.00247368 1.95058e+07
49 169060 120674 3 1 0.00158098 1.3985e+06
50 249502 28520 2 1 0.00141056 248838
51 78688 47450 3 1 0.00159291 3.00017e+06
52 256427 64000 4 1 0.00177874 5.71305e+06
53 3546 112287 3 1 0.00158756 1.63206e+06
54 64629 180671 4 1 0.00209492 8.93065e+06
55 44733 212190 4 1 0.00211993 8.51442e+06
56 365524 125706 3 1 0.00159353 982727
57 91371 39859 3 1 0.00157791 1.69275e+06
58 261043 75982 3 1 0.00158369 1.33928e+06
59 211109 127131 5 1 0.0026418 1.99163e+07
60 278763 311017 3 1 0.00158857 690558
61 324087 79269 4 1 0.00178784 5.41995e+06
62 247775 368004 2 1 0.00141408 59402.8
63 123542 10633 4 1 0.00242185 1.21663e+07
64 350126 222689 3 1 0.00159234 1.94117e+06
65 276238 71043 4 1 0.00179788 7.73579e+06
66 32212 161025 3 1 0.00158699 1.81728e+06
67 359884 338543 4 1 0.00177734 4.22992e+06
68 397158 140831 3 1 0.00165003 8.69198e+06
69 1647 35245 3 1 0.00158673 3.55763e+06
70 99608 33396 3 1 0.00230371 8.01185e+06
71 1054 76519 3 1 0.001603 5.21087e+06
72 49359 213723 4 1 0.00179738 6.24408e+06
73 113276 301076 3 1 0.00157525 1.11792e+06
74 222274 204135 4 1 0.00221114 6.00458e+06
75 241597 23313 3 1 0.0014864 3.79911e+06
76 262075 123004 3 1 0.00158273 1.18782e+06
77 346088 24467 3 1 0.00158768 1.72201e+06
78 173437 354216 3 1 0.00158672 2.48311e+06
79 276596 135733 3 1 0.0012886 5.64178e+06
80 52473 155324 4 1 0.00209127 8.3313e+06
81 8772 289168 3 1 0.00159327 2.62166e+06
82 104141 316741 3 1 0.00158887 631896
83 319343 175015 3 1 0.0015836 1.49028e+06
84 199411 302728 4 1 0.00238959 8.80652e+06
85 176327 371052 4 1 0.00178405 6.29747e+06
86 179619 218357 3 1 0.00158506 854224
87 260212 95279 4 1 0.00175915 1.18182e+06
88 149197 272884 4 1 0.00178294 6.59248e+06
89 380456 131963 3 1 0.00158737 2.867e+06
90 241759 259765 4 1 0.00181245 6.08514e+06
91 29761 328990 4 1 0.00179966 1.04292e+07
92 361806 363935 2 1 0.0014252 79286.9
93 255017 340117 3 1 0.00158355 1.50863e+06
94 327418 26436 4 1 0.00177099 4.75441e+06
95 278787 24407 3 1 0.00160874 2.92961e+06
96 71238 361693 4 1 0.00178733 6.01456e+06
97 75955 201779 3 1 0.00159197 2.65897e+06
98 206232 135361 3 1 0.00159339 2.94781e+06
99 27254 380758 5 1 0.00359857 6.38668e+07
max-ST-CON-level 5
min_time 0.0012886 s
max_time 0.00392287 s
mean_time 0.00184427 s
stddev_time 0.000440981
min_CONPS                   254.916 
max_CONPS                   776.036 
mean_CONPS                  564.779 
stddev_CONPS                99.0048 
mean_ST, mean_time, stddev_ST: 564.779, 0.00184427, 99.0048 
-----ST_CON_VISITED_NODES-----
min_visited, max_visited, mean_visited, stddev_visited: 14, 35013, 1914.36, 3932.79
