SCALE 16
Edgefactor 16.0
MPI-Nodes 1
Num-ST-CON=100
Filename graphs/dense/amazon0601.txt
Seed1 1972116410
Seed2 996790046
ST-CON-RUN RED-V BLUE-V DEPTH MN-FOUND TIME(Sec) TEPS
0 185782 3606 4 1 0.00407589 2.75277e+06
1 73163 9522 3 1 0.0016497 3.91647e+06
2 133029 211587 4 1 0.00265805 1.26412e+07
3 3154 298594 3 1 0.00166803 2.62944e+06
4 67284 195517 3 1 0.00162193 1.90945e+06
5 86187 283628 3 1 0.00162745 588037
6 216942 3026 3 1 0.00163811 4.09802e+06
7 347340 375654 3 1 0.00162944 2.76414e+06
8 3933 135279 3 1 0.00163295 4.66517e+06
9 110246 322189 4 1 0.0026272 1.78171e+07
10 82813 243877 3 1 0.00166293 1.36206e+06
11 44296 311555 3 1 0.00162351 1.07668e+06
12 111580 331109 3 1 0.00162323 2.01265e+06
13 93519 213870 3 1 0.00144191 6.50595e+06
14 39223 352191 2 1 0.00146255 112817
15 103493 110923 3 1 0.00162325 921607
16 142476 366841 4 1 0.00180471 2.11724e+06
17 164478 250544 4 1 0.00260289 1.41754e+07
18 275408 362407 4 1 0.00184518 7.29304e+06
19 155219 253539 4 1 0.00182807 7.3624e+06
20 344093 150318 4 1 0.00180951 3.82204e+06
21 51636 178035 3 1 0.00162451 1.81963e+06
22 380441 163300 3 1 0.00165107 1.72373e+06
23 354319 103340 3 1 0.0016272 2.57374e+06
24 235661 373907 4 1 0.00259416 8.71919e+06
25 282707 144904 4 1 0.00179812 7.79648e+06
26 109898 286183 4 1 0.00240755 9.04613e+06
27 36886 144081 4 1 0.00209149 8.46094e+06
28 188870 164397 4 1 0.00176761 4.30865e+06
29 63427 367973 3 1 0.00138593 1.89188e+06
30 267887 309538 3 1 0.00158518 1.0207e+06
31 234327 182602 3 1 0.00159821 1.14191e+06
32 338680 210772 3 1 0.0015837 864429
33 194765 262957 4 1 0.00298105 2.96087e+07
34 189792 253592 4 1 0.00181597 5.77928e+06
35 267650 348937 4 1 0.00211067 8.92609e+06
36 283947 310906 5 1 0.00263871 1.40038e+07
37 36577 155354 3 1 0.00160398 2.48194e+06
38 332118 301610 3 1 0.00160436 1.02595e+06
39 236278 369350 4 1 0.001774 4.17474e+06
40 142207 243819 4 1 0.001763 3.97108e+06
41 260119 215718 4 1 0.00240303 9.79429e+06
42 40841 372853 4 1 0.00244772 1.42582e+07
43 284067 199300 4 1 0.0017805 839650
44 48658 395060 5 1 0.00261338 1.48302e+07
45 221316 57196 3 1 0.00159417 1.63157e+06
46 81166 343044 4 1 0.00176194 2.79238e+06
47 46201 192534 3 1 0.00160235 1.70936e+06
48 321248 318776 4 1 0.00246672 1.95608e+07
49 169060 120674 3 1 0.001593 1.38795e+06
50 249502 28520 2 1 0.00142373 246536
51 78688 47450 3 1 0.00160254 2.98714e+06
52 256427 64000 4 1 0.00179559 5.66333e+06
53 3546 112287 3 1 0.00159887 1.62052e+06
54 64629 180671 4 1 0.00209951 8.91114e+06
55 44733 212190 4 1 0.00211614 8.52967e+06
56 365524 125706 3 1 0.00158887 985604
57 91371 39859 3 1 0.00159093 1.6789e+06
58 261043 75982 3 1 0.00157853 1.34366e+06
59 211109 127131 5 1 0.00263836 1.99438e+07
60 278763 311017 3 1 0.00158586 691740
61 324087 79269 4 1 0.00177383 5.45995e+06
62 247775 368004 2 1 0.00142509 58943.8
63 123542 10633 4 1 0.00241883 1.21815e+07
64 350126 222689 3 1 0.00159587 1.94064e+06
65 276238 71043 4 1 0.00180337 7.71221e+06
66 32212 161025 3 1 0.00158831 1.81136e+06
67 359884 338543 4 1 0.00177628 4.23131e+06
68 397158 140831 3 1 0.00165572 8.65966e+06
69 1647 35245 3 1 0.00160839 3.50973e+06
70 99608 33396 3 1 0.00225433 8.18958e+06
71 1054 76519 3 1 0.00161312 5.17815e+06
72 49359 213723 4 1 0.0017941 6.25828e+06
73 113276 301076 3 1 0.00158733 1.10941e+06
74 222274 204135 4 1 0.00160404 8.27722e+06
75 241597 23313 3 1 0.00161105 3.50518e+06
76 262075 123004 3 1 0.00128273 1.46251e+06
77 346088 24467 3 1 0.00160036 1.70462e+06
78 173437 354216 3 1 0.0016001 2.46234e+06
79 276596 135733 3 1 0.00160856 4.52577e+06
80 52473 155324 4 1 0.00209376 8.3166e+06
81 8772 289168 3 1 0.00159576 2.61756e+06
82 104141 316741 3 1 0.00162876 616420
83 319343 175015 3 1 0.00158633 1.48772e+06
84 199411 302728 4 1 0.00239765 8.77858e+06
85 176327 371052 4 1 0.00180316 6.2274e+06
86 179619 218357 3 1 0.00159699 847846
87 260212 95279 4 1 0.00175851 1.18225e+06
88 149197 272884 4 1 0.00181244 6.48133e+06
89 380456 131963 3 1 0.00160253 2.83863e+06
90 241759 259765 4 1 0.00179366 6.14889e+06
91 29761 328990 4 1 0.00181821 1.03288e+07
92 361806 363935 2 1 0.00142052 79548.6
93 255017 340117 3 1 0.00159521 1.49698e+06
94 327418 26436 4 1 0.00178488 4.7163e+06
95 278787 24407 3 1 0.00163413 2.88838e+06
96 71238 361693 4 1 0.00178157 6.03512e+06
97 75955 201779 3 1 0.00161597 2.62195e+06
98 206232 135361 3 1 0.00162248 2.89557e+06
99 27254 380758 5 1 0.00362314 6.34336e+07
max-ST-CON-level 5
min_time 0.00128273 s
max_time 0.00407589 s
mean_time 0.00184812 s
stddev_time 0.000452542
min_CONPS                   245.345 
max_CONPS                   779.59 
mean_CONPS                  564.227 
stddev_CONPS                99.5515 
mean_ST, mean_time, stddev_ST: 564.227, 0.00184812, 99.5515 
-----ST_CON_VISITED_NODES-----
min_visited, max_visited, mean_visited, stddev_visited: 14, 35013, 1914.43, 3932.84
