SCALE 16
Edgefactor 16.0
MPI-Nodes 1
Num-ST-CON=100
Filename graphs/dense/as-skitter.txt
Seed1 758066931
Seed2 251365672
ST-CON-RUN RED-V BLUE-V DEPTH MN-FOUND TIME(Sec) TEPS
0 781279 15164 2 1 0.0122476 114308
1 307679 40044 2 1 0.00826428 362282
2 559436 889800 3 1 0.0084584 608271
3 13266 1255691 2 1 0.00823266 166532
4 282956 822220 2 1 0.00821203 95591.4
5 362447 1192756 3 1 0.00920433 1.73808e+07
6 912320 12728 2 1 0.00823773 110225
7 1460686 1579758 4 1 0.0087244 1.29442e+06
8 16543 568896 2 1 0.00819852 269683
9 463625 1354920 3 1 0.00847138 687255
10 348260 1025591 2 1 0.00845617 187201
11 186283 1310198 3 1 0.00978857 1.60785e+08
12 469234 1392428 3 1 0.00909096 3.49743e+06
13 393280 899398 3 1 0.00844488 451398
14 164949 1481086 3 1 0.00933288 3.57869e+07
15 435225 466472 2 1 0.00822353 28576.5
16 599165 1542694 3 1 0.00849314 188976
17 691687 1053625 3 1 0.00845891 185603
18 1158189 1524048 3 1 0.00845093 230626
19 652753 1066222 3 1 0.00859746 5.03823e+06
20 1447031 632140 3 1 0.00851785 8.09406e+06
21 217149 748700 2 1 0.00827937 115226
22 1599889 686733 3 1 0.00848782 660240
23 1490037 434584 3 1 0.00914709 9.70888e+06
24 991036 1572409 3 1 0.00848453 520006
25 1188884 609373 3 1 0.00843838 870072
26 462160 1203502 2 1 0.00820996 50792
27 155119 605913 2 1 0.00825385 277567
28 794265 691347 2 1 0.00813869 48410.8
29 266735 1547454 3 1 0.00917223 7.02544e+06
30 1126559 1301716 3 1 0.00911564 2.34643e+07
31 985427 767907 3 1 0.00844387 499771
32 1424268 886372 3 1 0.00860334 2.68733e+06
33 819056 1105825 3 1 0.00850242 2.00613e+06
34 798145 1066446 3 1 0.00856129 578067
35 1125562 1467404 4 1 0.00980769 4.55391e+07
36 1194096 1307470 3 1 0.00846327 442618
37 153819 653321 2 1 0.0082232 93516
38 1396672 1268375 3 1 0.00843702 216190
39 993633 1553248 3 1 0.00906092 1.77962e+06
40 598030 1025344 3 1 0.00864039 1.02309e+07
41 1093890 907171 3 1 0.00855279 3.1799e+06
42 171750 1567977 3 1 0.00981411 1.69562e+08
43 1194602 838129 3 1 0.00851647 38983.3
44 204627 1661365 3 1 0.00845917 3.11449e+06
45 930713 240532 2 1 0.00828818 1.18977e+06
46 341333 1442621 3 1 0.00861929 8.31484e+06
47 194293 809675 2 1 0.00826672 135604
48 1350962 1340564 4 1 0.00880762 6.50936e+06
49 710958 507477 3 1 0.0085587 1.18266e+06
50 1049242 119936 2 1 0.00831489 145883
51 330913 199544 2 1 0.00822655 39870.9
52 1078367 269145 3 1 0.00857014 3.47205e+06
53 14912 472209 2 1 0.00831127 346518
54 271790 759788 2 1 0.00829613 890174
55 188120 892335 2 1 0.00832437 589714
56 1537158 528638 3 1 0.00850275 840904
57 384246 167624 2 1 0.00823454 49304.5
58 1097779 319533 3 1 0.00856 3.26928e+06
59 887789 534631 2 1 0.00831547 71312.8
60 1172295 1307934 3 1 0.00846661 420594
61 1362902 333354 2 1 0.00831386 337388
62 1041984 1547585 3 1 0.00849055 962599
63 519537 44717 2 1 0.00827486 159157
64 1472403 936487 3 1 0.00848982 78446.9
65 1161677 298762 3 1 0.00844355 219221
66 135466 677166 3 1 0.00918836 1.38535e+07
67 1513440 1423693 3 1 0.00854759 207193
68 1670188 592246 4 1 0.0101764 9.2882e+07
69 6926 148218 2 1 0.00881659 7.99277e+06
70 418886 140442 2 1 0.00825017 220965
71 4434 321792 2 1 0.00823964 117117
72 207571 898781 2 1 0.00821293 159748
73 476368 1266131 3 1 0.00909472 7.79232e+06
74 934740 858459 3 1 0.00844674 895612
75 1015999 98039 3 1 0.00917697 1.34142e+07
76 1102116 517277 3 1 0.00847049 628063
77 1455423 102893 3 1 0.00951995 2.39275e+07
78 729363 1489604 3 1 0.00848019 2.10432e+06
79 1163186 570806 3 1 0.00916474 5.11427e+06
80 220669 653194 2 1 0.00829546 84986.2
81 36892 1216054 2 1 0.00820718 579980
82 437951 1332007 3 1 0.0091366 6.86338e+06
83 1342951 735999 3 1 0.00843191 932292
84 838593 1273080 3 1 0.00847396 216900
85 741519 1560406 3 1 0.0085248 335492
86 755361 918269 2 1 0.008231 43737.1
87 1094283 400683 3 1 0.00857759 7.19794e+06
88 627425 1147573 2 1 0.00820147 143999
89 1599950 554953 3 1 0.0090801 3.71758e+06
90 1016681 1092403 3 1 0.00848274 1.77513e+06
91 125155 1383521 3 1 0.00904927 4.45218e+06
92 1521521 1530477 3 1 0.00849003 2.73097e+06
93 1072436 1430312 3 1 0.00869076 1.24005e+06
94 1376910 111174 3 1 0.00909086 3.20454e+06
95 1172398 102641 2 1 0.00825602 1.32049e+06
96 299582 1521044 2 1 0.00829303 24478.4
97 319419 848553 3 1 0.00859496 5.40561e+06
98 867277 569241 3 1 0.00909175 7.35843e+06
99 114614 1601220 3 1 0.00958639 9.15744e+07
max-ST-CON-level 4
min_time 0.00813869 s
max_time 0.0122476 s
mean_time 0.00865167 s
stddev_time 0.000557919
min_CONPS                   81.6484 
max_CONPS                   122.87 
mean_CONPS                  115.988 
stddev_CONPS                6.37845 
mean_ST, mean_time, stddev_ST: 115.988, 0.00865167, 6.37845 
-----ST_CON_VISITED_NODES-----
min_visited, max_visited, mean_visited, stddev_visited: 11, 71222, 4969.99, 13430.8
