SCALE 16
Edgefactor 16.0
MPI-Nodes 1
Num-ST-CON=100
Filename graphs/dense/soc-LiveJournal1.txt
Seed1 77163366
Seed2 1664167030
ST-CON-RUN RED-V BLUE-V DEPTH MN-FOUND TIME(Sec) TEPS
0 2232534 43334 2 1 0.034442 94042.2
1 879204 114428 2 1 0.0222131 51951.4
2 1598611 2542639 3 1 0.0229727 359600
3 37909 3588185 3 1 0.0226566 116787
4 808558 2349525 3 1 0.0226957 1.51342e+06
5 1035707 3408345 3 1 0.0227059 3.35093e+06
6 2606988 36372 3 1 0.0225818 368660
7 4173966 4514218 4 1 0.0230009 708234
8 47274 1625644 3 1 0.0238519 5.2668e+06
9 1324825 3871735 3 1 0.0226908 2.31098e+06
10 995167 2930664 3 1 0.0225664 141759
11 532311 3743940 3 1 0.0227767 3.87834e+06
12 1340856 3978917 3 1 0.0228024 419210
13 1123814 2570066 3 1 0.0228098 1.60799e+06
14 471348 4232260 3 1 0.0226342 531275
15 1243672 1332962 3 1 0.0240661 2.87913e+07
16 1712136 4408307 4 1 0.0278411 8.89741e+07
17 1976522 3010773 3 1 0.0226094 462020
18 3309571 4355024 4 1 0.023003 885625
19 1865267 3046769 3 1 0.0226009 146675
20 4134946 1806365 3 1 0.0227053 376344
21 620513 2139439 3 1 0.022843 3.5656e+06
22 4571743 1962367 3 1 0.0227614 384204
23 4257838 1241841 3 1 0.0226308 352352
24 2831925 4493219 4 1 0.0257156 1.42208e+08
25 3397281 1741307 3 1 0.0227956 1.3038e+06
26 1320639 3439052 3 1 0.0228295 2.11086e+06
27 443258 1731420 2 1 0.0222518 156347
28 2269644 1975550 3 1 0.0226287 1.0275e+06
29 762206 4421910 4 1 0.0230344 534679
30 3219184 3719702 3 1 0.0225702 309168
31 2815897 2194325 3 1 0.0223578 361842
32 4069899 2532841 3 1 0.0226138 246001
33 2340484 3159938 3 1 0.0227017 674442
34 2280729 3047409 3 1 0.0224519 147516
35 3216336 4193163 4 1 0.0230598 1.13834e+06
36 3412175 3736146 4 1 0.0234073 948806
37 439545 1866890 3 1 0.0226869 4.31588e+06
38 3991044 3624430 3 1 0.0226587 59050.3
39 2839346 4438466 3 1 0.024239 2.75351e+07
40 1708894 2929959 2 1 0.0224294 11279.9
41 3125833 2592275 3 1 0.0225913 315653
42 490784 4480553 3 1 0.0226083 516314
43 3413621 2394985 3 1 0.0226704 281998
44 584729 4747414 4 1 0.0243243 7.98425e+06
45 2659549 687329 3 1 0.0226682 436251
46 975371 4122344 3 1 0.0237542 2.98525e+06
47 555199 2313678 2 1 0.0223068 1.33646e+06
48 3860424 3830713 3 1 0.0226404 122436
49 2031590 1450136 3 1 0.0238008 4.9737e+06
50 2998250 342723 3 1 0.0227313 363595
51 945597 570206 2 1 0.0222384 144705
52 3081475 769094 3 1 0.0236033 4.37206e+06
53 42612 1349355 2 1 0.0221879 58365.1
54 776650 2171123 3 1 0.0228956 1.67281e+06
55 537562 2549883 2 1 0.0221027 59313.9
56 4392486 1510604 3 1 0.0226182 229373
57 1098000 478994 2 1 0.0222766 33308.5
58 3136944 913078 3 1 0.0228563 3.06204e+06
59 2536892 1527730 3 1 0.0226724 761719
60 3349879 3737472 3 1 0.0225745 58605.9
61 3894543 952574 3 1 0.022806 2.14803e+06
62 2977508 4422282 3 1 0.0226443 383937
63 1484596 127781 3 1 0.0226735 239575
64 4207446 2676047 3 1 0.0226468 485940
65 3319537 853725 3 1 0.0227319 1.53876e+06
66 387100 1935029 3 1 0.0238446 4.48274e+06
67 4324711 4068256 4 1 0.0242809 1.36314e+07
68 4772625 1692366 4 1 0.0244313 1.13871e+07
69 19792 423540 3 1 0.0229146 1.84939e+06
70 1196983 401320 3 1 0.0240168 1.0319e+07
71 12671 919535 3 1 0.0235871 4.48567e+06
72 593144 2568300 3 1 0.0239682 6.80276e+06
73 1361239 3618019 3 1 0.0242198 4.89812e+07
74 2671056 2453079 3 1 0.022589 279826
75 2903256 280152 3 1 0.0226177 1.24593e+06
76 3149339 1478139 3 1 0.0227903 3.16363e+06
77 4158928 294022 3 1 0.0227064 1.72581e+06
78 2084182 4256599 3 1 0.0227472 401720
79 3323848 1631100 3 1 0.022694 480347
80 630570 1866529 3 1 0.0230753 4.14821e+06
81 105422 3474921 3 1 0.0239927 3.64133e+07
82 1251461 3806260 3 1 0.0226341 291419
83 3837535 2103144 3 1 0.0238002 7.85486e+06
84 2396313 3637875 4 1 0.0249252 9.03614e+07
85 2118920 4458918 3 1 0.0234368 1.40809e+07
86 2158472 2623990 3 1 0.0226196 597445
87 3126957 1144968 3 1 0.0236003 1.12478e+07
88 1792891 3279233 3 1 0.0235215 7.98919e+06
89 4571917 1585800 3 1 0.0236945 3.9069e+06
90 2905205 3121582 3 1 0.0227243 451190
91 357636 3953463 3 1 0.023648 1.3966e+07
92 4347803 4373395 4 1 0.0230193 540895
93 3064527 4087170 3 1 0.022603 192231
94 3934572 317686 3 1 0.0236722 4.84432e+06
95 3350171 293300 3 1 0.0226981 208123
96 856067 4346441 3 1 0.0227238 1.18017e+06
97 912752 2424774 3 1 0.0228624 2.94527e+06
98 2478277 1626629 2 1 0.0221213 81414.7
99 327514 4575547 3 1 0.023732 6.0388e+06
max-ST-CON-level 4
min_time 0.0221027 s
max_time 0.034442 s
mean_time 0.0231703 s
stddev_time 0.00139799
min_CONPS                   29.0343 
max_CONPS                   45.2433 
mean_CONPS                  43.2773 
stddev_CONPS                2.01251 
mean_ST, mean_time, stddev_ST: 43.2773, 0.0231703, 2.01251 
-----ST_CON_VISITED_NODES-----
min_visited, max_visited, mean_visited, stddev_visited: 19, 88343, 3799.92, 11331.6
