SCALE 16
Edgefactor 16.0
MPI-Nodes 1
Num-ST-CON=100
Filename graphs/streets/belgium_osm.mtx.txt.alt
Seed1 1939164157
Seed2 49244949
ST-CON-RUN RED-V BLUE-V DEPTH MN-FOUND TIME(Sec) TEPS
0 663784 12884 158 1 0.0468373 1.57823e+06
1 261408 34022 503 1 0.120141 6.77551e+06
2 475304 755986 198 1 0.0463517 3.08903e+06
3 11271 1066851 357 1 0.0810851 2.78257e+06
4 240403 698569 150 1 0.0351785 1.46385e+06
5 307940 1013381 210 1 0.0485708 2.26146e+06
6 775118 10814 96 1 0.023514 914519
7 1241018 1342183 122 1 0.0295101 1.27617e+06
8 14055 483342 333 1 0.102102 4.92514e+06
9 393901 1151157 389 1 0.130116 4.67632e+06
10 295886 871355 230 1 0.0543884 4.17902e+06
11 158268 1113161 111 1 0.0266506 1.04249e+06
12 398668 1183025 284 1 0.070635 4.40626e+06
13 334136 764140 299 1 0.0838812 4.37376e+06
14 140143 1258350 616 1 0.174222 5.56747e+06
15 369772 396320 579 1 0.185651 5.27008e+06
16 509058 1310693 369 1 0.122548 5.2159e+06
17 587666 895173 280 1 0.0681473 4.53099e+06
18 984013 1294850 438 1 0.156636 5.29811e+06
19 554587 905876 237 1 0.0551197 2.96224e+06
20 1229416 537074 379 1 0.102279 5.01732e+06
21 184493 636105 203 1 0.047903 3.00111e+06
22 1359286 583457 202 1 0.0466123 1.60233e+06
23 1265955 369228 164 1 0.0384776 1.92138e+06
24 841997 1335939 587 1 0.135629 5.30745e+06
25 1010091 517731 469 1 0.153689 5.33156e+06
26 392657 1022511 148 1 0.0353171 2.14214e+06
27 131791 514792 525 1 0.178387 5.76083e+06
28 674818 587377 140 1 0.0332628 1.61796e+06
29 226622 1314737 167 1 0.0394954 2.42415e+06
30 957139 1105954 532 1 0.146028 6.18563e+06
31 837232 652424 224 1 0.0525483 3.02817e+06
32 1210076 753073 454 1 0.139138 5.1965e+06
33 695881 939524 452 1 0.133165 5.84542e+06
34 678114 906066 391 1 0.11964 4.81973e+06
35 956292 1246725 595 1 0.134626 3.02698e+06
36 1014520 1110843 458 1 0.149273 5.26666e+06
37 130687 555070 301 1 0.0770937 3.59806e+06
38 1186631 1077628 228 1 0.0545041 3.73383e+06
39 844204 1319660 241 1 0.0585204 4.12837e+06
40 508094 871145 340 1 0.094878 4.94696e+06
41 929383 770744 373 1 0.0863856 4.46826e+06
42 145921 1332173 620 1 0.156851 6.16129e+06
43 1014949 712085 429 1 0.140918 4.9767e+06
44 173853 1411517 628 1 0.205376 5.18098e+06
45 790746 204359 329 1 0.0873986 4.99641e+06
46 290000 1225669 414 1 0.142509 5.54542e+06
47 165073 687911 200 1 0.0468132 2.30514e+06
48 1147794 1138960 516 1 0.118882 3.61675e+06
49 604039 431159 188 1 0.0440182 1.92477e+06
50 891450 101899 335 1 0.077875 3.48231e+06
51 281148 169535 581 1 0.168751 5.62511e+06
52 916194 228669 238 1 0.0572517 4.33617e+06
53 12669 401195 287 1 0.0744769 4.48183e+06
54 230916 645525 327 1 0.109748 5.13824e+06
55 159829 758140 691 1 0.160377 5.74944e+06
56 1305989 449138 372 1 0.128707 5.44399e+06
57 326461 142416 651 1 0.171663 5.64348e+06
58 932687 271479 212 1 0.0484613 983652
59 754277 454230 283 1 0.0663671 4.12028e+06
60 995997 1111238 112 1 0.0269819 955419
61 1157939 283222 315 1 0.0773224 4.21429e+06
62 885283 1314848 447 1 0.142771 5.38144e+06
63 441405 37992 241 1 0.0572606 4.5367e+06
64 1250972 795651 172 1 0.040439 1.8929e+06
65 986976 253832 727 1 0.239303 4.75732e+06
66 115093 575329 361 1 0.115382 5.29161e+06
67 1285838 1209588 89 1 0.0217417 160935
68 1419013 503180 298 1 0.0846637 4.36396e+06
69 5884 125928 244 1 0.0605936 5.10737e+06
70 355891 119321 235 1 0.0552451 2.85296e+06
71 3767 273399 251 1 0.0690793 4.97668e+06
72 176355 763616 104 1 0.0252871 1.15881e+06
73 404728 1075722 220 1 0.0523039 3.53511e+06
74 794167 729358 125 1 0.0299872 1.47036e+06
75 863206 83295 68 1 0.0173818 674669
76 936372 439485 344 1 0.0799402 4.47956e+06
77 1236547 87419 212 1 0.0500257 3.42604e+06
78 619676 1265586 337 1 0.104154 5.04815e+06
79 988258 484964 199 1 0.0467387 2.57679e+06
80 187483 554962 250 1 0.0581545 2.56369e+06
81 31344 1033175 122 1 0.0292701 1.10997e+06
82 372088 1131690 284 1 0.0664681 3.47019e+06
83 1140989 625314 341 1 0.0899636 5.30858e+06
84 712480 1081625 178 1 0.0422898 2.41249e+06
85 630004 1325741 301 1 0.0746914 4.63818e+06
86 641764 780174 364 1 0.107134 4.93485e+06
87 929717 340425 212 1 0.0492572 384249
88 533068 974993 455 1 0.106195 5.51964e+06
89 1359338 471495 155 1 0.0370438 1.95614e+06
90 863785 928119 400 1 0.101722 4.82866e+06
91 106333 1175457 332 1 0.0779838 4.80055e+06
92 1292704 1300313 584 1 0.171824 5.50012e+06
93 911156 1215211 380 1 0.120458 4.92329e+06
94 1169840 94455 243 1 0.0600365 4.39969e+06
95 996084 87205 319 1 0.07667 4.25131e+06
96 254529 1292299 384 1 0.106508 5.59771e+06
97 271382 720942 110 1 0.0267398 1.14455e+06
98 736850 483635 264 1 0.0690452 4.34362e+06
99 97377 1360417 256 1 0.0731796 5.138e+06
max-ST-CON-level 727
min_time 0.0173818 s
max_time 0.239303 s
mean_time 0.0866582 s
stddev_time 0.0483211
min_CONPS                   4.1788 
max_CONPS                   57.5313 
mean_CONPS                  16.194 
stddev_CONPS                10.304 
mean_ST, mean_time, stddev_ST: 16.194, 0.0866582, 10.304 
-----ST_CON_VISITED_NODES-----
min_visited, max_visited, mean_visited, stddev_visited: 3294, 1.05304e+06, 364091, 287674
