SCALE 16
Edgefactor 16.0
MPI-Nodes 1
Num-ST-CON=100
Filename graphs/streets/netherlands_osm.mtx.txt.alt
Seed1 1798510703
Seed2 28623176
ST-CON-RUN RED-V BLUE-V DEPTH MN-FOUND TIME(Sec) TEPS
0 1020889 19815 484 1 0.18083 4.5721e+06
1 402041 52325 325 1 0.0927386 3.49422e+06
2 731010 1162693 558 1 0.204364 5.60142e+06
3 17335 1640799 25 1 0.0162928 86541.1
4 369736 1074387 439 1 0.16166 4.78374e+06
5 473606 1558562 174 1 0.0536089 2.01636e+06
6 1192119 16632 529 1 0.23345 5.64976e+06
7 1908664 2064254 551 1 0.201793 4.71862e+06
8 21617 743371 224 1 0.0671761 2.9704e+06
9 605814 1770461 140 1 0.0445572 587695
10 455068 1340129 587 1 0.223536 5.02695e+06
11 243414 1712022 339 1 0.11361 3.60207e+06
12 613144 1819473 518 1 0.184807 3.86723e+06
13 513896 1175235 470 1 0.176703 4.61946e+06
14 215537 1935321 435 1 0.154452 5.20606e+06
15 568704 609534 446 1 0.145489 4.4953e+06
16 782923 2015823 1001 1 0.277299 4.73811e+06
17 903821 1376761 423 1 0.139933 4.33926e+06
18 1513395 1991458 386 1 0.124877 4.28464e+06
19 852946 1393221 434 1 0.158089 4.44412e+06
20 1890821 826011 510 1 0.194996 5.0583e+06
21 283747 978319 476 1 0.17728 4.69701e+06
22 2090559 897348 465 1 0.162976 4.77586e+06
23 1947017 567867 151 1 0.0474795 1.15595e+06
24 1294978 2054652 702 1 0.244724 4.75845e+06
25 1553503 796262 414 1 0.134586 4.0445e+06
26 603900 1572604 514 1 0.181103 4.70513e+06
27 202692 791741 479 1 0.131757 2.87302e+06
28 1037859 903376 413 1 0.114946 4.12102e+06
29 348540 2022044 894 1 0.30789 5.29553e+06
30 1472063 1700939 377 1 0.143924 4.55471e+06
31 1287648 1003417 425 1 0.125159 4.51938e+06
32 1861076 1158213 458 1 0.168298 5.01826e+06
33 1070253 1444971 336 1 0.115236 3.45857e+06
34 1042928 1393514 446 1 0.139455 4.58118e+06
35 1470761 1917442 324 1 0.10594 3.76247e+06
36 1560314 1708458 424 1 0.162974 4.80459e+06
37 200994 853688 200 1 0.0602635 1.92252e+06
38 1825018 1657373 415 1 0.149566 4.75944e+06
39 1298371 2029614 601 1 0.226829 4.48675e+06
40 781440 1339807 346 1 0.0979918 3.71281e+06
41 1429376 1185391 302 1 0.0972188 3.74254e+06
42 224425 2048860 784 1 0.269943 4.41279e+06
43 1560975 1095175 353 1 0.111207 4.13259e+06
44 267384 2170890 319 1 0.0999553 4.56721e+06
45 1216154 314300 740 1 0.198423 3.34832e+06
46 446016 1885059 452 1 0.175974 4.84932e+06
47 253880 1057995 279 1 0.0813655 3.04783e+06
48 1765288 1751702 94 1 0.0336025 740898
49 929002 663116 456 1 0.147007 4.20456e+06
50 1371035 156719 383 1 0.124046 4.70023e+06
51 432401 260743 415 1 0.150634 5.24396e+06
52 1409092 351690 602 1 0.227907 5.04996e+06
53 19485 617031 311 1 0.103817 4.18999e+06
54 355145 992807 320 1 0.090547 1.9484e+06
55 245815 1166006 245 1 0.0718405 2.44302e+06
56 2008589 690767 462 1 0.16224 4.89644e+06
57 502091 219033 334 1 0.101085 3.62629e+06
58 1434457 417531 418 1 0.152869 4.80123e+06
59 1160066 698598 161 1 0.0503338 1.60574e+06
60 1531827 1709065 434 1 0.167328 4.68664e+06
61 1780890 435591 581 1 0.189701 4.81419e+06
62 1361550 2022214 477 1 0.160323 4.66108e+06
63 678874 58431 653 1 0.249864 5.23865e+06
64 1923974 1223698 539 1 0.208511 5.20135e+06
65 1517952 390390 320 1 0.0992458 4.01235e+06
66 177012 884847 79 1 0.02973 366970
67 1977597 1860325 186 1 0.0576476 2.51572e+06
68 2182418 773882 550 1 0.213327 5.1917e+06
69 9050 193675 341 1 0.115106 3.93267e+06
70 547354 183515 539 1 0.210268 5.32237e+06
71 5794 420483 166 1 0.0511543 1.3767e+06
72 271232 1174428 87 1 0.0318424 379243
73 622465 1654442 535 1 0.193036 5.21596e+06
74 1221416 1121740 657 1 0.206178 5.18285e+06
75 1327596 128107 452 1 0.16853 4.66183e+06
76 1440125 675921 236 1 0.0720146 2.45268e+06
77 1901788 134450 436 1 0.139393 4.5159e+06
78 953051 1946450 386 1 0.110876 4.50112e+06
79 1519924 745867 463 1 0.17001 5.58224e+06
80 288346 853523 420 1 0.161663 5.63744e+06
81 48207 1589006 168 1 0.052445 1.94585e+06
82 572266 1740520 155 1 0.0488058 1.38496e+06
83 1754822 961722 654 1 0.262025 5.89175e+06
84 1095782 1663521 585 1 0.177592 5.48386e+06
85 968936 2038967 904 1 0.297498 4.63899e+06
86 987022 1199894 916 1 0.335777 4.98165e+06
87 1429889 523569 181 1 0.0553208 1.46476e+06
88 819850 1499522 431 1 0.149417 4.36409e+06
89 2090638 725152 427 1 0.160426 4.52745e+06
90 1328487 1427432 330 1 0.103964 3.77727e+06
91 163539 1807833 229 1 0.0690511 3.60852e+06
92 1988156 1999859 238 1 0.069877 1.62381e+06
93 1401342 1868974 331 1 0.111698 4.2315e+06
94 1799195 145271 245 1 0.0718259 2.03658e+06
95 1531961 134120 263 1 0.0828331 3.63045e+06
96 391461 1987534 475 1 0.168152 4.90253e+06
97 417382 1108796 590 1 0.180209 4.78343e+06
98 1133262 743822 590 1 0.188686 4.48035e+06
99 149765 2092299 589 1 0.24038 5.59707e+06
max-ST-CON-level 1001
min_time 0.0162928 s
max_time 0.335777 s
mean_time 0.144304 s
stddev_time 0.0676361
min_CONPS                   2.97817 
max_CONPS                   61.3767 
mean_CONPS                  9.6542 
stddev_CONPS                7.98731 
mean_ST, mean_time, stddev_ST: 9.6542, 0.144304, 7.98731 
-----ST_CON_VISITED_NODES-----
min_visited, max_visited, mean_visited, stddev_visited: 1219, 1.52215e+06, 584467, 367341
