SCALE 16
Edgefactor 16.0
MPI-Nodes 1
Num-ST-CON=100
Filename graphs/dense/com-amazon.txt
Seed1 1592152574
Seed2 1966767446
ST-CON-RUN RED-V BLUE-V DEPTH MN-FOUND TIME(Sec) TEPS
0 99491 500427 7 1 0.00574534 2.85867e+06
1 4289 14459 8 1 0.00300412 5.56836e+06
2 91496 96607 7 1 0.00220266 4.10141e+06
3 295007 218968 7 1 0.00324105 1.46243e+07
4 472327 45413 7 1 0.00287659 7.98618e+06
5 60236 290629 7 1 0.00291428 1.16406e+07
6 151731 277591 5 1 0.0018762 3.83861e+06
7 53337 31702 3 1 0.00151565 882132
8 140734 167266 5 1 0.00186317 1.87315e+06
9 211074 33271 9 1 0.00370041 2.25237e+07
10 467912 481678 5 1 0.00184767 856213
11 70217 211217 6 1 0.00272307 7.41701e+06
12 481818 393223 5 1 0.00189723 3.78973e+06
13 384437 411663 5 1 0.00212535 3.20793e+06
14 149444 504572 5 1 0.00223869 5.92444e+06
15 50159 371079 7 1 0.00296688 1.09041e+07
16 364284 179449 7 1 0.00301909 5.67357e+06
17 318647 447375 5 1 0.00184555 1.07502e+06
18 258088 462505 6 1 0.00204493 3.83241e+06
19 363961 35949 10 1 0.00267221 2.285e+06
20 386123 33190 6 1 0.00240797 6.14128e+06
21 49739 491844 4 1 0.00171136 977586
22 451628 184070 5 1 0.00187569 823162
23 321301 517770 5 1 0.00187152 881103
24 353720 319307 5 1 0.00220017 5.04461e+06
25 386286 546668 6 1 0.00295584 9.56107e+06
26 66168 159934 4 1 0.00170545 501334
27 300955 267311 7 1 0.00336342 2.41965e+07
28 62826 511122 6 1 0.00290679 7.18766e+06
29 229895 242751 7 1 0.00218985 3.28882e+06
30 107004 135057 7 1 0.00331503 2.12746e+07
31 348700 125301 5 1 0.00189579 4.06638e+06
32 4822 509537 6 1 0.00205448 3.3814e+06
33 87886 506293 5 1 0.00248974 5.08728e+06
34 60830 454863 6 1 0.00235113 4.84193e+06
35 497055 141374 4 1 0.00167697 327376
36 354977 240473 5 1 0.00186803 3.05455e+06
37 379073 410318 4 1 0.00157332 482420
38 440707 122837 8 1 0.00266382 3.62074e+06
39 336935 148301 7 1 0.00361934 1.90952e+07
40 167997 195345 7 1 0.00290948 9.77151e+06
41 375640 181391 9 1 0.00316817 5.70866e+06
42 540071 126867 7 1 0.00322474 1.29474e+07
43 135451 131025 5 1 0.00189007 4.7686e+06
44 1433 225880 6 1 0.00203938 2.64443e+06
45 302257 409176 9 1 0.00356374 1.12334e+07
46 328533 329267 5 1 0.00186438 2.20824e+06
47 356380 485473 7 1 0.00284455 6.87208e+06
48 470625 463512 4 1 0.00173022 3.66254e+06
49 235846 405639 6 1 0.00235175 4.37929e+06
50 376127 104114 5 1 0.00188867 1.75308e+06
51 71355 387186 6 1 0.00269965 6.22747e+06
52 434256 248348 7 1 0.00286987 7.80592e+06
53 271167 332162 5 1 0.00191894 4.65674e+06
54 239777 323920 7 1 0.0029624 1.3885e+07
55 244253 433027 7 1 0.00281022 4.65408e+06
56 517359 180136 6 1 0.00274876 1.22652e+07
57 40470 46314 8 1 0.00344595 1.79045e+07
58 346783 37430 5 1 0.00187376 3.25923e+06
59 445237 225973 4 1 0.00170801 2.6844e+06
60 379106 423885 6 1 0.00278229 1.39292e+07
61 103287 473141 10 1 0.00474379 2.52109e+07
62 37061 135999 6 1 0.00318436 2.40472e+07
63 12948 235307 4 1 0.0016857 1.594e+06
64 406040 407867 6 1 0.00202918 2.44532e+06
65 385689 331579 6 1 0.00233575 3.74954e+06
66 4115 546163 6 1 0.00206425 4.26498e+06
67 510830 67637 4 1 0.00171895 3.77614e+06
68 183958 291378 11 1 0.00424994 1.5896e+07
69 331635 309574 12 1 0.00525763 3.16705e+07
70 450255 185958 8 1 0.00346226 2.03535e+07
71 478924 351520 9 1 0.00315335 4.67693e+06
72 150838 501053 5 1 0.00189235 4.18104e+06
73 340700 47790 6 1 0.00269057 8.29638e+06
74 492816 73483 8 1 0.00342908 1.39218e+07
75 508454 271072 6 1 0.00270319 9.1529e+06
76 389164 456830 10 1 0.00377068 1.21715e+07
77 223554 540687 10 1 0.00381895 1.88217e+07
78 286617 351768 4 1 0.00168588 1.35715e+06
79 357579 344682 4 1 0.00168855 1.11042e+06
80 344845 235875 5 1 0.00187907 2.97221e+06
81 422783 197383 8 1 0.00350164 2.11481e+07
82 410141 478367 7 1 0.00255154 3.70796e+06
83 502258 96925 6 1 0.00203072 2.41245e+06
84 293342 136498 4 1 0.00169347 1.3369e+06
85 507021 14467 6 1 0.00205148 2.9062e+06
86 271017 345663 5 1 0.0018762 2.37928e+06
87 537219 123468 9 1 0.00253343 1.49047e+06
88 261816 261872 5 1 0.00185444 1.7326e+06
89 164098 36393 8 1 0.00347092 1.68673e+07
90 38782 6765 4 1 0.00172262 4.00842e+06
91 87031 176632 6 1 0.00236157 4.15062e+06
92 152693 458164 4 1 0.00169292 1.05085e+06
93 245685 150703 4 1 0.00169421 1.09549e+06
94 288545 399367 6 1 0.00210091 3.94305e+06
95 170940 401632 11 1 0.00628195 6.86517e+07
96 103324 222130 6 1 0.00237747 4.53382e+06
97 172878 285454 4 1 0.00169595 527138
98 422933 464230 5 1 0.00187515 2.31715e+06
99 107793 236264 7 1 0.00251916 4.44673e+06
max-ST-CON-level 12
min_time 0.00151565 s
max_time 0.00628195 s
mean_time 0.0025564 s
stddev_time 0.000891929
min_CONPS                   159.186 
max_CONPS                   659.784 
mean_CONPS                  429.546 
stddev_CONPS                119.585 
mean_ST, mean_time, stddev_ST: 429.546, 0.0025564, 119.585 
-----ST_CON_VISITED_NODES-----
min_visited, max_visited, mean_visited, stddev_visited: 177, 137978, 7233.61, 15486.5
