SCALE 16
Edgefactor 16.0
MPI-Nodes 1
Num-ST-CON=100
Filename graphs/streets/asia_osm.mtx.txt.alt
Seed1 1194398394
Seed2 1463183399
ST-CON-RUN RED-V BLUE-V DEPTH MN-FOUND TIME(Sec) TEPS
0 5503884 106832 9121 1 8.59966 954615
1 2167510 282101 803 1 0.797599 788040
2 3941071 6268389 14458 1 13.9007 843156
3 93457 8845983 10127 1 9.55589 952136
4 1993346 5792305 5018 1 4.73619 983591
5 2553338 8402622 2816 1 2.67117 771772
6 6427030 89669 17344 1 16.3137 723645
7 10290112 11128938 1475 1 1.41684 465018
8 116546 4007713 9425 1 8.87964 952012
9 3266103 9545021 9378 1 8.75926 857984
10 2453395 7224992 4603 1 4.33952 1.1366e+06
11 1312312 9229966 7569 1 7.07026 651035
12 3305624 9809258 6279 1 5.88543 943092
13 2770549 6336004 3834 1 3.65658 1.16523e+06
14 1162019 10433825 9898 1 9.31123 893926
15 3066035 3286162 3715 1 3.48651 115574
16 4220945 10867836 10290 1 9.6602 878526
17 4872738 7422484 4216 1 3.97199 943499
18 8159112 10736476 3982 1 3.73707 153709
19 4598459 7511225 4966 1 4.67451 941736
20 10193917 4453247 2308 1 2.18861 361490
21 1529756 5274378 4984 1 4.69295 1.08724e+06
22 11270756 4837839 4195 1 3.9974 1.25085e+06
23 10496883 3061521 2864 1 2.71838 946843
24 6981568 11077171 4242 1 4.07435 1.27809e+06
25 8375344 4292860 4303 1 4.06842 1.02019e+06
26 3255784 8478324 15330 1 14.3463 825925
27 1092769 4268486 3229 1 3.05166 644646
28 5595372 4870341 11165 1 10.5294 1.01245e+06
29 1879074 10901371 10129 1 9.43183 188890
30 7936281 9170213 3522 1 3.33305 827131
31 6942054 5409688 4820 1 4.5455 1.15992e+06
32 10033555 6244234 3407 1 3.23525 1.30208e+06
33 5770016 7790223 4679 1 4.40888 990567
34 5622700 7512804 2566 1 2.43842 748808
35 7929260 10337439 14689 1 13.7426 837303
36 8412065 9210751 5379 1 5.05486 688039
37 1083615 4602459 1514 1 1.46205 891404
38 9839154 8935337 2913 1 2.76603 905049
39 6999863 10942186 3480 1 3.33569 1.20632e+06
40 4212951 7223252 5208 1 4.91132 1.10416e+06
41 7706144 6390758 1250 1 1.21304 775954
42 1209934 11045945 2500 1 2.38079 808293
43 8415628 5904378 7476 1 7.00991 705319
44 1441537 11703840 1588 1 1.53407 902246
45 6556608 1694478 6314 1 5.93779 861415
46 2404592 10162850 5323 1 5.01391 1.08312e+06
47 1368738 5703931 14236 1 13.4035 714626
48 9517136 9443888 5125 1 4.83497 891388
49 5008497 3575034 14081 1 13.1976 872090
50 7391611 844918 15525 1 14.5837 809876
51 2331188 1405734 4225 1 4.00928 1.14429e+06
52 7596786 1896055 9987 1 9.50214 1.07512e+06
53 105053 3326577 7823 1 7.32243 565921
54 1914682 5352487 8384 1 7.82676 169298
55 1325257 6286247 14778 1 13.8583 856402
56 10828833 3724106 1883 1 1.80608 508535
57 2706908 1180868 12637 1 11.8548 988011
58 7733536 2251019 1726 1 1.65721 495235
59 6254222 3766326 15850 1 14.8113 805281
60 8258484 9214020 4365 1 4.15567 1.46578e+06
61 9601249 2348388 3588 1 3.39777 1.03522e+06
62 7340475 10902288 3559 1 3.3668 474392
63 3659989 315021 1363 1 1.32281 574264
64 10372653 6597280 3386 1 3.21131 777109
65 8183682 2104695 10368 1 9.73534 1.06202e+06
66 954321 4770445 2473 1 2.35072 414458
67 10661747 10029505 1482 1 1.43226 470231
68 11765991 4172205 3426 1 3.29795 1.08681e+06
69 48794 1044157 15617 1 14.7067 811546
70 2950933 989377 4310 1 4.14859 1.05653e+06
71 31239 2266937 17816 1 16.7381 699886
72 1462284 6331652 2714 1 2.585 911732
73 3355875 8919532 7254 1 6.81223 1.0092e+06
74 6584978 6047596 3734 1 3.53686 1.04311e+06
75 7157421 690661 5088 1 4.79955 970779
76 7764093 3644070 4690 1 4.43433 1.3332e+06
77 10253039 724857 5835 1 5.49292 1.09305e+06
78 5138151 10493829 2847 1 2.69901 461806
79 8194310 4021165 3942 1 3.80329 1.40382e+06
80 1554550 4601569 12951 1 12.2196 972006
81 259900 8566751 10471 1 9.84778 887922
82 3085238 9383605 7029 1 6.59362 516570
83 9460707 5184900 6552 1 6.15042 682776
84 5907651 8968483 6418 1 6.03201 880493
85 5223791 10992609 1420 1 1.37598 554250
86 5321299 6468945 3149 1 2.99452 1.10933e+06
87 7708912 2822699 4787 1 4.59446 1.01916e+06
88 4420029 8084321 16428 1 15.4762 772668
89 11271184 3909487 807 1 0.802561 554637
90 7162226 7695662 4096 1 3.88167 1.3188e+06
91 881683 9746505 3725 1 3.59957 1.26391e+06
92 10718675 10781767 10014 1 9.6407 880550
93 7555004 10076135 9616 1 9.20886 971225
94 9699934 783195 9982 1 9.50254 836484
95 8259206 723076 4179 1 3.96808 1.11095e+06
96 2110471 10715319 5235 1 4.93632 1.13735e+06
97 2250216 5977815 6079 1 5.71597 927225
98 6109717 4010144 4310 1 4.06539 889144
99 807423 11280134 3599 1 3.38955 168303
max-ST-CON-level 17816
min_time 0.797599 s
max_time 16.7381 s
mean_time 6.07537 s
stddev_time 4.10444
min_CONPS                   0.0597441 
max_CONPS                   1.25376 
mean_CONPS                  0.268075 
stddev_CONPS                0.22174 
mean_ST, mean_time, stddev_ST: 0.268075, 6.07537, 0.22174 
-----ST_CON_VISITED_NODES-----
min_visited, max_visited, mean_visited, stddev_visited: 372863, 1.12153e+07, 4.87658e+06, 3.34092e+06
