SCALE 16
Edgefactor 16.0
MPI-Nodes 1
Num-ST-CON=100
Filename graphs/dense/amazon0312.txt
Seed1 2091458657
Seed2 1671653112
ST-CON-RUN RED-V BLUE-V DEPTH MN-FOUND TIME(Sec) TEPS
0 184554 3582 3 1 0.00371999 791400
1 72680 9459 4 1 0.00180346 2.19079e+06
2 132150 210189 4 1 0.00259565 7.00324e+06
3 3133 296619 4 1 0.00181122 5.17718e+06
4 66840 194225 2 1 0.00143883 91046.4
5 85617 281753 3 1 0.00160577 323210
6 215508 3006 3 1 0.00167179 4.37376e+06
7 345043 373171 3 1 0.00162656 1.66364e+06
8 3907 134385 4 1 0.00179319 1.70478e+06
9 109517 320059 4 1 0.00183932 5.53466e+06
10 82266 242265 3 1 0.00161836 1.01893e+06
11 44003 309495 2 1 0.00144965 75190.6
12 110842 328920 4 1 0.0025464 9.81702e+06
13 92900 212456 3 1 0.0016266 2.52735e+06
14 38964 349862 4 1 0.00177808 3.51053e+06
15 102809 110190 3 1 0.0016325 3.37458e+06
16 141535 364415 4 1 0.00176891 3.15901e+06
17 163390 248887 3 1 0.00158812 277057
18 273588 360011 5 1 0.00365452 5.73686e+07
19 154193 251863 5 1 0.0031231 2.21533e+07
20 341818 149324 4 1 0.00176676 2.11857e+06
21 51295 176858 3 1 0.00159446 1.41113e+06
22 377926 162220 3 1 0.00160572 3.28513e+06
23 351977 102657 4 1 0.00179076 5.11235e+06
24 234103 371435 4 1 0.00177438 2.81225e+06
25 280838 143946 5 1 0.00258418 7.80209e+06
26 109171 284291 4 1 0.00180195 4.44295e+06
27 36642 143129 3 1 0.0016018 1.57885e+06
28 187621 163310 3 1 0.00160115 2.92665e+06
29 63008 365540 3 1 0.00199574 2.59202e+06
30 266116 307491 3 1 0.00158472 1.08663e+06
31 232778 181395 4 1 0.00210226 8.55126e+06
32 336441 209379 4 1 0.00175468 1.24524e+06
33 193477 261218 4 1 0.00174364 1.11548e+06
34 188538 251916 4 1 0.00209795 7.94441e+06
35 265880 346630 4 1 0.00240511 8.84782e+06
36 282069 308851 3 1 0.00148126 906662
37 36335 154327 4 1 0.00180171 6.7125e+06
38 329922 299616 3 1 0.00158882 3.6845e+06
39 234716 366908 4 1 0.0024073 9.5389e+06
40 141266 242207 3 1 0.00157434 780010
41 258399 214292 3 1 0.00158604 1.71938e+06
42 40571 370388 4 1 0.00177957 4.11672e+06
43 282189 197983 3 1 0.00157739 333462
44 48337 392448 4 1 0.00176313 5.70008e+06
45 219853 56818 3 1 0.00158194 1.58033e+06
46 80629 340776 3 1 0.00162936 431458
47 45895 191261 3 1 0.00230628 1.37672e+07
48 319124 316668 3 1 0.00159045 1.299e+06
49 167942 119876 2 1 0.00141635 103788
50 247852 28331 4 1 0.00175758 2.57513e+06
51 78168 47136 3 1 0.00158825 950101
52 254732 63577 3 1 0.00158632 373191
53 3522 111545 4 1 0.00241966 1.05188e+07
54 64202 179477 3 1 0.00157755 2.67947e+06
55 44437 210787 3 1 0.00162477 3.29278e+06
56 363108 124875 4 1 0.00180781 5.00939e+06
57 90766 39596 3 1 0.00147939 2.83495e+06
58 259317 75480 3 1 0.00158372 1.36009e+06
59 209714 126290 3 1 0.00160929 1.37639e+06
60 276920 308960 3 1 0.00162911 718796
61 321945 78745 4 1 0.00176724 5.47125e+06
62 246137 365571 4 1 0.00178478 6.43106e+06
63 122725 10563 3 1 0.00160169 2.82888e+06
64 347811 221217 3 1 0.00160891 4.55775e+06
65 274411 70573 3 1 0.00158582 677881
66 31999 159960 3 1 0.00161002 4.64092e+06
67 357505 336305 3 1 0.00159041 916117
68 394532 139900 4 1 0.00176793 5.96346e+06
69 1636 35012 3 1 0.00159847 2.39667e+06
70 98949 33175 4 1 0.00175091 1.38899e+06
71 1047 76014 4 1 0.00179838 3.5393e+06
72 49032 212310 3 1 0.00139422 1.99969e+06
73 112527 299086 4 1 0.00178486 6.22794e+06
74 220804 202785 3 1 0.0013204 2.56589e+06
75 239999 23158 4 1 0.00180114 7.95052e+06
76 260342 122191 4 1 0.0017717 4.22475e+06
77 343800 24305 4 1 0.00182588 8.90531e+06
78 172290 351874 4 1 0.00176392 2.55341e+06
79 274768 134836 4 1 0.00181178 7.3861e+06
80 52126 154297 3 1 0.00159225 1.56571e+06
81 8714 287256 3 1 0.00158791 796644
82 103452 314647 3 1 0.00162784 7.75075e+06
83 317232 173857 4 1 0.00175489 2.92781e+06
84 198092 300727 3 1 0.0016337 3.15358e+06
85 175162 368599 4 1 0.00248279 1.69309e+07
86 178431 216914 3 1 0.00229832 1.44275e+07
87 258492 94649 3 1 0.00159994 1.93695e+06
88 148210 271080 3 1 0.00159001 1.95911e+06
89 377940 131091 4 1 0.00274789 2.0888e+07
90 240160 258047 4 1 0.00179908 8.09634e+06
91 29564 326815 5 1 0.0025591 8.21383e+06
92 359414 361529 4 1 0.0024342 1.37696e+07
93 253331 337868 5 1 0.00261038 1.35413e+07
94 325254 26261 4 1 0.00179428 4.90447e+06
95 276944 24245 3 1 0.00161389 3.54174e+06
96 70767 359301 4 1 0.00178316 3.96654e+06
97 75453 200445 3 1 0.00158609 573108
98 204868 134466 3 1 0.00159024 1.1646e+06
99 27074 378240 4 1 0.00181889 6.91576e+06
max-ST-CON-level 5
min_time 0.0013204 s
max_time 0.00371999 s
mean_time 0.00183688 s
stddev_time 0.000426725
min_CONPS                   268.818 
max_CONPS                   757.346 
mean_CONPS                  565.385 
stddev_CONPS                94.6616 
mean_ST, mean_time, stddev_ST: 565.385, 0.00183688, 94.6616 
-----ST_CON_VISITED_NODES-----
min_visited, max_visited, mean_visited, stddev_visited: 20, 31767, 1672.56, 3512.18
