SCALE 16
Edgefactor 16.0
MPI-Nodes 1
Num-ST-CON=100
Filename graphs/streets/italy_osm.mtx.txt.alt
Seed1 781987115
Seed2 1097974878
ST-CON-RUN RED-V BLUE-V DEPTH MN-FOUND TIME(Sec) TEPS
0 3079444 59773 975 1 0.475182 1.7991e+06
1 1212730 157836 344 1 0.187005 2.21786e+06
2 2205044 3507187 328 1 0.171374 1.0476e+06
3 52289 4949361 627 1 0.395038 4.27838e+06
4 1115285 3240816 327 1 0.170455 775777
5 1428602 4701299 1161 1 0.654837 3.51194e+06
6 3595947 50170 1725 1 1.17837 4.17702e+06
7 5757357 6226683 461 1 0.259164 2.16229e+06
8 65207 2242330 2374 1 1.5087 3.75365e+06
9 1827397 5340475 630 1 0.301776 1.15703e+06
10 1372684 4042410 1395 1 0.719799 2.66815e+06
11 734243 5164201 1257 1 0.622582 2.03035e+06
12 1849509 5488317 1723 1 1.15078 4.08643e+06
13 1550133 3545018 802 1 0.387817 1.70419e+06
14 650154 5837765 1189 1 0.582105 2.03735e+06
15 1715458 1838620 883 1 0.478071 2.9513e+06
16 2361634 6080595 1448 1 0.898196 3.32078e+06
17 2726315 4152908 527 1 0.253702 370718
18 4565054 6007099 2994 1 1.58906 3.67821e+06
19 2572855 4202559 1130 1 0.635824 2.84091e+06
20 5703535 2491608 1786 1 1.11293 4.09336e+06
21 855904 2951034 1015 1 0.580767 3.49344e+06
22 6306031 2706789 1761 1 1.1869 4.22492e+06
23 5873046 1712932 450 1 0.252114 2.63394e+06
24 3906213 6197719 1848 1 1.02165 3.36588e+06
25 4686037 2401871 1525 1 1.01366 4.00005e+06
26 1821623 4743654 131 1 0.0854962 159867
27 611408 2388234 1897 1 1.03188 3.50695e+06
28 3130631 2724974 1332 1 0.611451 1.40314e+06
29 1051349 6099358 1707 1 1.0246 3.81746e+06
30 4440379 5130769 1023 1 0.625246 3.63319e+06
31 3884105 3026740 3940 1 2.05199 3.19662e+06
32 5613812 3493672 1085 1 0.543189 2.38604e+06
33 3228345 4358659 1945 1 1.17169 3.47634e+06
34 3145922 4203442 1139 1 0.561071 2.2576e+06
35 4436451 5783836 672 1 0.326312 2.11195e+06
36 4706582 5153450 1412 1 0.709993 1.97883e+06
37 606286 2575093 1821 1 1.19113 4.3062e+06
38 5505044 4999355 2330 1 1.39079 3.8657e+06
39 3916450 6122194 1727 1 0.934473 3.09648e+06
40 2357162 4041437 1698 1 1.08373 4.18646e+06
41 4311616 3575653 1850 1 0.834707 1.23429e+06
42 676962 6180248 1151 1 0.714976 3.82809e+06
43 4708575 3303522 1809 1 1.02752 3.74048e+06
44 806545 6548343 1844 1 1.10799 3.71648e+06
45 3668447 948067 1252 1 0.788492 3.30918e+06
46 1345378 5686153 1820 1 0.824868 1.35555e+06
47 765814 3191371 1159 1 0.767175 3.58479e+06
48 5324874 5283891 2555 1 1.52807 3.98873e+06
49 2802273 2000245 1827 1 1.18098 4.19579e+06
50 4135634 472735 545 1 0.268113 1.71298e+06
51 1304308 786513 979 1 0.501827 2.3846e+06
52 4250430 1060850 1032 1 0.562283 3.02027e+06
53 58777 1861232 995 1 0.452148 188020
54 1071271 2994737 1625 1 1.02727 3.93732e+06
55 741486 3517179 2033 1 1.30967 3.78594e+06
56 6058773 2083651 679 1 0.326844 1.87999e+06
57 1514525 660700 1661 1 0.977242 3.99893e+06
58 4326942 1259454 353 1 0.183493 964324
59 3499261 2107273 1204 1 0.753602 3.58173e+06
60 4620653 5155279 719 1 0.371745 2.14753e+06
61 5371935 1313932 781 1 0.467775 3.43736e+06
62 4107023 6099871 1234 1 0.58432 1.69434e+06
63 2047777 176255 729 1 0.347768 1.65874e+06
64 5803539 3691203 1410 1 0.713073 2.13471e+06
65 4578801 1177585 1351 1 0.652213 1.92822e+06
66 533946 2669082 2487 1 1.54837 3.69201e+06
67 5965288 5611546 1101 1 0.567689 2.78158e+06
68 6583117 2334365 594 1 0.300722 2.2186e+06
69 27300 584210 1543 1 0.704811 1.5876e+06
70 1651058 553560 1209 1 0.59724 2.276e+06
71 17478 1268360 408 1 0.207327 1.11603e+06
72 818153 3542583 217 1 0.122359 358945
73 1877625 4990512 2036 1 1.38177 4.25696e+06
74 3684320 3383653 1380 1 0.92626 4.75968e+06
75 4004604 386427 2451 1 1.42755 3.54149e+06
76 4344039 2038871 1768 1 1.04451 3.73848e+06
77 5736614 405560 1597 1 0.949188 3.22918e+06
78 2874815 5871337 3375 1 1.68383 2.9732e+06
79 4584747 2249857 2635 1 1.52093 3.42226e+06
80 869776 2574595 881 1 0.455966 2.71902e+06
81 145415 4793130 1785 1 1.14868 4.09364e+06
82 1726202 5250163 1046 1 0.520193 2.10299e+06
83 5293301 2900971 1041 1 0.603621 3.44499e+06
84 3305353 5017900 850 1 0.51923 4.09577e+06
85 2922731 6150406 1109 1 0.513753 1.58231e+06
86 2977287 3619399 1805 1 1.19849 4.05982e+06
87 4313166 1579311 968 1 0.569803 3.86742e+06
88 2473023 4523208 1616 1 1.07371 4.21939e+06
89 6306270 2187373 1129 1 0.714786 3.77181e+06
90 4007292 4305752 523 1 0.305284 2.66601e+06
91 493305 5453207 2992 1 1.64502 2.90739e+06
92 5997139 6032440 658 1 0.312796 694046
93 4227053 5637635 884 1 0.4621 2.41736e+06
94 5427150 438200 1935 1 0.867119 1.06988e+06
95 4621057 404563 1236 1 0.729229 3.33679e+06
96 1180816 5995261 737 1 0.429982 2.57249e+06
97 1259004 3344610 1420 1 0.680592 1.50746e+06
98 3418410 2243690 789 1 0.415787 2.09554e+06
99 451756 6311277 3917 1 1.90039 2.56076e+06
max-ST-CON-level 3940
min_time 0.0854962 s
max_time 2.05199 s
mean_time 0.774542 s
stddev_time 0.43173
min_CONPS                   0.487333 
max_CONPS                   11.6964 
mean_CONPS                  1.94601 
stddev_CONPS                1.67205 
mean_ST, mean_time, stddev_ST: 1.94601, 0.774542, 1.67205 
-----ST_CON_VISITED_NODES-----
min_visited, max_visited, mean_visited, stddev_visited: 12748, 6.24582e+06, 2.31625e+06, 1.75421e+06
