SCALE 16
Edgefactor 16.0
MPI-Nodes 1
Num-ST-CON=100
Filename graphs/symmetric/hugetric-00000.mtx.alt
Seed1 1494293634
Seed2 1302112219
ST-CON-RUN RED-V BLUE-V DEPTH MN-FOUND TIME(Sec) TEPS
0 2682481 52067 691 1 0.394865 5.03139e+06
1 1056400 137490 241 1 0.123347 2.19208e+06
2 1920797 3055084 797 1 0.461741 6.18557e+06
3 45549 4311351 417 1 0.196677 3.69955e+06
4 971516 2823051 726 1 0.389907 5.0304e+06
5 1244445 4095266 618 1 0.344868 5.0403e+06
6 3132403 43703 864 1 0.522949 6.71457e+06
7 5015190 5424017 855 1 0.519283 6.60431e+06
8 56802 1953277 832 1 0.498315 6.48809e+06
9 1591832 4652048 965 1 0.522739 5.64545e+06
10 1195734 3521313 789 1 0.468602 5.58593e+06
11 639594 4498497 899 1 0.552116 7.15934e+06
12 1611093 4780832 642 1 0.361899 5.16988e+06
13 1350309 3088039 263 1 0.13292 2.41877e+06
14 566344 5085233 908 1 0.520398 5.91665e+06
15 1494323 1601608 461 1 0.228808 4.10335e+06
16 2057202 5296761 1129 1 0.668325 5.74991e+06
17 2374873 3617567 735 1 0.329017 4.08566e+06
18 3976585 5232739 1073 1 0.668112 7.22135e+06
19 2241195 3660818 1091 1 0.659202 5.79865e+06
20 4968307 2170421 1034 1 0.609166 6.79163e+06
21 745571 2570624 177 1 0.0973804 1.41888e+06
22 5493136 2357864 838 1 0.486479 5.5114e+06
23 5115966 1492122 947 1 0.523547 5.82505e+06
24 3402673 5398787 736 1 0.439152 6.36157e+06
25 4081972 2092252 1007 1 0.629345 6.95265e+06
26 1586802 4132162 964 1 0.522048 5.69877e+06
27 532593 2080373 413 1 0.203096 3.91522e+06
28 2727070 2373704 878 1 0.532691 5.94503e+06
29 915822 5313105 1214 1 0.743075 6.35323e+06
30 3867981 4469374 510 1 0.275206 4.54032e+06
31 3383415 2636571 1221 1 0.672323 5.67402e+06
32 4890150 3043312 147 1 0.0847953 1.06842e+06
33 2812188 3796795 275 1 0.138899 2.48017e+06
34 2740389 3661587 754 1 0.444833 5.78515e+06
35 3864559 5038257 501 1 0.270116 4.39606e+06
36 4099868 4489132 717 1 0.416676 6.05511e+06
37 528131 2243144 1056 1 0.655893 6.94677e+06
38 4795402 4354901 646 1 0.377924 5.9837e+06
39 3411590 5332998 581 1 0.311056 4.67695e+06
40 2053306 3520465 961 1 0.556175 6.28344e+06
41 3755817 3114725 666 1 0.354613 4.91143e+06
42 589697 5383568 509 1 0.234057 3.87189e+06
43 4101605 2877673 468 1 0.239703 4.18639e+06
44 702576 5704212 243 1 0.124411 2.20018e+06
45 3195557 825854 1057 1 0.617594 6.37192e+06
46 1171949 4953165 951 1 0.529509 5.64014e+06
47 667095 2779979 320 1 0.157302 3.13498e+06
48 4638458 4602758 798 1 0.449429 5.37367e+06
49 2441039 1742398 1032 1 0.595678 6.1833e+06
50 3602520 411795 346 1 0.167449 3.33808e+06
51 1136173 685126 699 1 0.39994 5.13757e+06
52 3702518 924098 1203 1 0.721584 6.80408e+06
53 51200 1621305 547 1 0.276958 4.59778e+06
54 933176 2608693 956 1 0.587035 6.49685e+06
55 645903 3063788 1081 1 0.673188 7.10867e+06
56 5277752 1815053 479 1 0.229649 4.28299e+06
57 1319291 575531 793 1 0.454442 5.60929e+06
58 3769167 1097101 864 1 0.496612 5.98379e+06
59 3048180 1835630 156 1 0.088451 997038
60 4025016 4490725 715 1 0.400632 5.54312e+06
61 4679453 1144556 961 1 0.558638 6.08184e+06
62 3577597 5313553 718 1 0.422712 5.9396e+06
63 1783803 153534 1053 1 0.636663 7.03619e+06
64 5055419 3215379 748 1 0.382666 4.94962e+06
65 3988559 1025785 231 1 0.12075 1.95872e+06
66 465116 2325017 720 1 0.400796 5.05245e+06
67 5196318 4888176 1225 1 0.699416 6.40357e+06
68 5734504 2033448 266 1 0.135601 2.28168e+06
69 23781 508901 367 1 0.176706 3.46089e+06
70 1438224 482202 432 1 0.203843 3.54281e+06
71 15225 1104859 322 1 0.157681 3.00115e+06
72 712687 3085918 918 1 0.549534 7.04399e+06
73 1635585 4347198 824 1 0.479077 6.35258e+06
74 3209383 2947475 714 1 0.421246 6.06375e+06
75 3488381 336614 1016 1 0.610502 6.10315e+06
76 3784060 1776045 1236 1 0.762165 6.72188e+06
77 4997122 353280 972 1 0.56254 5.55566e+06
78 2504230 5114478 1066 1 0.628422 6.73539e+06
79 3993739 1959834 788 1 0.472451 6.08128e+06
80 757656 2242711 937 1 0.55329 6.40167e+06
81 126670 4175260 196 1 0.10582 1.51973e+06
82 1503682 4573377 619 1 0.326755 4.56696e+06
83 4610955 2527014 384 1 0.183491 2.94273e+06
84 2879268 4371055 1464 1 0.86783 6.85975e+06
85 2545969 5357573 482 1 0.252693 4.29203e+06
86 2593492 3152831 162 1 0.0915084 1.2501e+06
87 3757166 1375726 1298 1 0.791768 6.65561e+06
88 2154232 3940133 595 1 0.309518 4.36794e+06
89 5493345 1905404 585 1 0.33211 4.96841e+06
90 3490722 3750708 641 1 0.287652 3.98252e+06
91 429714 4750248 586 1 0.327967 5.12369e+06
92 5224063 5254813 489 1 0.226635 3.77574e+06
93 3682155 4910902 694 1 0.315585 4.31128e+06
94 4727550 381713 1076 1 0.655336 6.91751e+06
95 4025368 352412 687 1 0.323259 4.02605e+06
96 1028600 5222427 782 1 0.393209 4.78458e+06
97 1096709 2913465 811 1 0.477081 6.21358e+06
98 2977751 1954462 960 1 0.591937 7.18196e+06
99 393521 5497707 597 1 0.299653 4.54967e+06
max-ST-CON-level 1464
min_time 0.0847953 s
max_time 0.86783 s
mean_time 0.414467 s
stddev_time 0.190911
min_CONPS                   1.1523 
max_CONPS                   11.7931 
mean_CONPS                  3.33982 
stddev_CONPS                2.41141 
mean_ST, mean_time, stddev_ST: 3.33982, 0.414467, 2.41141 
-----ST_CON_VISITED_NODES-----
min_visited, max_visited, mean_visited, stddev_visited: 58817, 3.96986e+06, 1.58372e+06, 993797
