SCALE 16
Edgefactor 16.0
MPI-Nodes 1
Num-ST-CON=100
Filename graphs/streets/roadNet-TX.mtx.txt.alt
Seed1 1937207625
Seed2 313585388
ST-CON-RUN RED-V BLUE-V DEPTH MN-FOUND TIME(Sec) TEPS
0 641719 12455 203 1 0.0850597 5.79366e+06
1 252718 32891 240 1 0.0896671 9.86978e+06
2 459504 730855 137 1 0.0530138 7.60786e+06
3 10896 1031387 79 1 0.0193658 3.68944e+06
4 232411 675347 103 1 0.0249117 5.85345e+06
5 297703 979694 831 0 0.237976 8.07081e+06
6 749352 10454 185 1 0.0678108 7.60591e+06
7 1199763 1297565 367 1 0.119806 8.55048e+06
8 13588 467274 201 1 0.0721741 8.39447e+06
9 380807 1112890 97 1 0.0279343 7.10786e+06
10 286050 842389 210 1 0.092549 7.55213e+06
11 153007 1076157 283 1 0.126176 8.1243e+06
12 385415 1143699 291 1 0.0689609 9.66633e+06
13 323029 738739 30 1 0.0089386 1.11997e+06
14 135484 1216519 355 1 0.125728 8.87545e+06
15 357480 383146 116 1 0.0281274 8.05704e+06
16 492136 1267122 340 1 0.149274 7.54289e+06
17 568131 865416 73 1 0.0180983 3.71891e+06
18 951302 1251807 48 1 0.0128684 2.72544e+06
19 536152 875762 301 1 0.119991 9.05318e+06
20 1188548 519221 249 1 0.0866116 8.5003e+06
21 178360 614960 322 1 0.117802 9.45589e+06
22 1314100 564062 221 1 0.0923477 8.07283e+06
23 1223872 356954 341 1 0.123145 8.01032e+06
24 814007 1291530 318 1 0.112837 1.05788e+07
25 976513 500521 190 1 0.0792521 7.97533e+06
26 379604 988520 196 1 0.0779684 7.36722e+06
27 127410 497679 323 1 0.120926 9.64511e+06
28 652385 567851 161 1 0.0550975 7.32463e+06
29 219088 1271032 131 1 0.0312087 7.50795e+06
30 925321 1069190 213 1 0.0922605 8.04626e+06
31 809400 630736 237 1 0.0805789 7.94028e+06
32 1169850 728039 210 1 0.0763717 8.6308e+06
33 672748 908292 255 1 0.106284 8.03186e+06
34 655572 875946 188 1 0.0741351 8.11912e+06
35 924503 1205281 311 1 0.108121 8.33704e+06
36 980795 1073916 271 1 0.098632 7.81433e+06
37 126342 536618 323 1 0.128667 8.95319e+06
38 1147184 1041805 246 1 0.0976922 8.02037e+06
39 816140 1275791 222 1 0.0645531 8.11507e+06
40 491204 842186 61 1 0.016705 5.85544e+06
41 898489 745123 302 1 0.117489 8.09556e+06
42 141070 1287889 199 1 0.0616066 8.07126e+06
43 981210 688414 315 1 0.107736 8.18061e+06
44 168074 1364595 342 1 0.116855 8.90403e+06
45 764460 197565 447 1 0.154298 7.84848e+06
46 280360 1184925 178 1 0.0625184 6.72856e+06
47 159586 665043 284 1 0.100289 8.38417e+06
48 1109639 1101099 30 1 0.00896234 1.32175e+06
49 583960 416826 230 1 0.0923762 8.94015e+06
50 861816 98512 164 1 0.0660525 7.70564e+06
51 271802 163899 110 1 0.035455 6.98683e+06
52 885738 221068 311 1 0.087003 6.82825e+06
53 12248 387858 170 1 0.0570574 8.00191e+06
54 223240 624067 225 1 0.0851905 7.8318e+06
55 154516 732937 229 1 0.0863018 8.58577e+06
56 1262575 434207 410 1 0.133834 8.88218e+06
57 315608 137682 911 0 0.248302 7.73519e+06
58 901682 262455 258 1 0.106119 7.91214e+06
59 729203 439130 399 1 0.13747 9.18673e+06
60 962888 1074298 183 1 0.071806 7.108e+06
61 1119446 273807 212 1 0.0843328 7.94048e+06
62 855854 1271139 371 1 0.11365 7.54191e+06
63 426732 36729 185 1 0.043368 7.14481e+06
64 1209387 769202 54 1 0.0140033 2.07658e+06
65 954167 245394 138 1 0.0416755 7.1482e+06
66 111267 556204 275 1 0.10639 9.5096e+06
67 1243094 1169378 151 1 0.0522323 7.47897e+06
68 1371842 486453 235 1 0.0781135 8.52452e+06
69 5689 121742 282 1 0.102022 9.32398e+06
70 344060 115355 179 1 0.0592316 8.04454e+06
71 3642 264310 193 1 0.0688939 8.42499e+06
72 170493 738231 364 1 0.124282 8.59499e+06
73 391274 1039962 209 1 0.0646222 8.39727e+06
74 767767 705112 180 1 0.0452749 8.2411e+06
75 834511 80526 212 1 0.0732079 7.79995e+06
76 905245 424876 267 1 0.105201 8.29984e+06
77 1195441 84513 315 1 0.103169 8.51261e+06
78 599076 1223515 245 1 0.0872055 7.459e+06
79 955406 468843 129 1 0.0474653 7.44544e+06
80 181251 536514 141 1 0.0510291 7.59135e+06
81 30302 998830 340 1 0.13245 9.64617e+06
82 359719 1094070 116 1 0.0395654 7.25091e+06
83 1103060 604527 283 1 0.124303 7.95619e+06
84 688795 1045669 111 1 0.0264564 5.20007e+06
85 609062 1281670 323 1 0.119353 9.24903e+06
86 620430 754239 337 1 0.114361 8.51441e+06
87 898811 329109 121 1 0.0285295 4.55357e+06
88 515348 942582 318 1 0.0987947 8.02667e+06
89 1314150 455822 177 1 0.0764019 8.21602e+06
90 835071 897266 261 1 0.108304 9.08687e+06
91 102798 1136382 176 1 0.05863 7.36039e+06
92 1249731 1257087 43 1 0.011983 1.4367e+06
93 880867 1174815 307 1 0.0988501 8.25009e+06
94 1130952 91315 318 1 0.12805 7.67871e+06
95 962972 84306 130 1 0.0309618 5.35673e+06
96 246067 1249340 186 1 0.0661505 7.89565e+06
97 262361 696976 32 1 0.00958943 704318
98 712355 467558 114 1 0.0350431 7.09087e+06
99 94140 1315194 180 1 0.0694789 7.78757e+06
max-ST-CON-level 911
min_time 0.0089386 s
max_time 0.248302 s
mean_time 0.0816897 s
stddev_time 0.0433347
min_CONPS                   4.02736 
max_CONPS                   111.874 
mean_CONPS                  20.1471 
stddev_CONPS                21.6724 
mean_ST, mean_time, stddev_ST: 20.1471, 0.0816897, 21.6724 
-----ST_CON_VISITED_NODES-----
min_visited, max_visited, mean_visited, stddev_visited: 4758, 1.37864e+06, 477865, 278895
