SCALE 16
Edgefactor 16.0
MPI-Nodes 1
Num-ST-CON=100
Filename graphs/streets/netherlands_osm.mtx.txt.alt
Seed1 1147783832
Seed2 912447896
ST-CON-RUN RED-V BLUE-V DEPTH MN-FOUND TIME(Sec) TEPS
0 1020889 19815 484 1 0.180818 4.57242e+06
1 402041 52325 325 1 0.0922658 3.51212e+06
2 731010 1162693 558 1 0.204147 5.6074e+06
3 17335 1640799 25 1 0.0161571 87268.1
4 369736 1074387 439 1 0.161222 4.79673e+06
5 473606 1558562 174 1 0.0533406 2.0265e+06
6 1192119 16632 529 1 0.233506 5.64841e+06
7 1908664 2064254 551 1 0.202263 4.70766e+06
8 21617 743371 224 1 0.0667439 2.98964e+06
9 605814 1770461 140 1 0.0446601 586340
10 455068 1340129 587 1 0.222921 5.04081e+06
11 243414 1712022 339 1 0.112747 3.62965e+06
12 613144 1819473 518 1 0.185254 3.85791e+06
13 513896 1175235 470 1 0.176996 4.61182e+06
14 215537 1935321 435 1 0.154592 5.20133e+06
15 568704 609534 446 1 0.145394 4.49826e+06
16 782923 2015823 1001 1 0.274189 4.79185e+06
17 903821 1376761 423 1 0.139946 4.33888e+06
18 1513395 1991458 386 1 0.124131 4.31038e+06
19 852946 1393221 434 1 0.157952 4.44795e+06
20 1890821 826011 510 1 0.193816 5.08911e+06
21 283747 978319 476 1 0.177065 4.70273e+06
22 2090559 897348 465 1 0.162532 4.78891e+06
23 1947017 567867 151 1 0.0474452 1.15679e+06
24 1294978 2054652 702 1 0.243764 4.77719e+06
25 1553503 796262 414 1 0.134784 4.03856e+06
26 603900 1572604 514 1 0.181388 4.69775e+06
27 202692 791741 479 1 0.130326 2.90457e+06
28 1037859 903376 413 1 0.115139 4.1141e+06
29 348540 2022044 894 1 0.308118 5.29162e+06
30 1472063 1700939 377 1 0.143786 4.55908e+06
31 1287648 1003417 425 1 0.124261 4.55203e+06
32 1861076 1158213 458 1 0.167551 5.04063e+06
33 1070253 1444971 336 1 0.114646 3.47639e+06
34 1042928 1393514 446 1 0.138405 4.61596e+06
35 1470761 1917442 324 1 0.105644 3.77301e+06
36 1560314 1708458 424 1 0.163265 4.79604e+06
37 200994 853688 200 1 0.0607048 1.90855e+06
38 1825018 1657373 415 1 0.149378 4.76546e+06
39 1298371 2029614 601 1 0.2257 4.5092e+06
40 781440 1339807 346 1 0.0978528 3.71809e+06
41 1429376 1185391 302 1 0.0970776 3.74798e+06
42 224425 2048860 784 1 0.270083 4.41051e+06
43 1560975 1095175 353 1 0.111195 4.13304e+06
44 267384 2170890 319 1 0.099553 4.58567e+06
45 1216154 314300 740 1 0.195826 3.39273e+06
46 446016 1885059 452 1 0.176784 4.82711e+06
47 253880 1057995 279 1 0.0810691 3.05897e+06
48 1765288 1751702 94 1 0.0336385 740075
49 929002 663116 456 1 0.146507 4.21891e+06
50 1371035 156719 383 1 0.124115 4.69762e+06
51 432401 260743 415 1 0.150786 5.23867e+06
52 1409092 351690 602 1 0.227134 5.06714e+06
53 19485 617031 311 1 0.103487 4.20334e+06
54 355145 992807 320 1 0.090472 1.95002e+06
55 245815 1166006 245 1 0.071791 2.44471e+06
56 2008589 690767 462 1 0.161807 4.90952e+06
57 502091 219033 334 1 0.100968 3.63048e+06
58 1434457 417531 418 1 0.152236 4.82122e+06
59 1160066 698598 161 1 0.0503205 1.60616e+06
60 1531827 1709065 434 1 0.167583 4.6795e+06
61 1780890 435591 581 1 0.188946 4.83342e+06
62 1361550 2022214 477 1 0.160343 4.66049e+06
63 678874 58431 653 1 0.250744 5.22027e+06
64 1923974 1223698 539 1 0.207651 5.22289e+06
65 1517952 390390 320 1 0.0990903 4.01865e+06
66 177012 884847 79 1 0.02977 366476
67 1977597 1860325 186 1 0.0572681 2.53239e+06
68 2182418 773882 550 1 0.213546 5.18638e+06
69 9050 193675 341 1 0.114271 3.96142e+06
70 547354 183515 539 1 0.209898 5.33174e+06
71 5794 420483 166 1 0.0513875 1.37045e+06
72 271232 1174428 87 1 0.031741 380455
73 622465 1654442 535 1 0.19268 5.2256e+06
74 1221416 1121740 657 1 0.203915 5.24037e+06
75 1327596 128107 452 1 0.168373 4.66616e+06
76 1440125 675921 236 1 0.071896 2.45673e+06
77 1901788 134450 436 1 0.139109 4.52515e+06
78 953051 1946450 386 1 0.110374 4.5216e+06
79 1519924 745867 463 1 0.168846 5.62071e+06
80 288346 853523 420 1 0.161442 5.64514e+06
81 48207 1589006 168 1 0.052388 1.94797e+06
82 572266 1740520 155 1 0.0488506 1.38369e+06
83 1754822 961722 654 1 0.262399 5.88335e+06
84 1095782 1663521 585 1 0.176696 5.51167e+06
85 968936 2038967 904 1 0.296914 4.64812e+06
86 987022 1199894 916 1 0.334348 5.00293e+06
87 1429889 523569 181 1 0.0551631 1.46895e+06
88 819850 1499522 431 1 0.149476 4.36238e+06
89 2090638 725152 427 1 0.160333 4.53007e+06
90 1328487 1427432 330 1 0.104239 3.7673e+06
91 163539 1807833 229 1 0.0686268 3.63083e+06
92 1988156 1999859 238 1 0.0696045 1.63017e+06
93 1401342 1868974 331 1 0.11092 4.26118e+06
94 1799195 145271 245 1 0.0716384 2.04191e+06
95 1531961 134120 263 1 0.082611 3.6402e+06
96 391461 1987534 475 1 0.168377 4.896e+06
97 417382 1108796 590 1 0.178663 4.82483e+06
98 1133262 743822 590 1 0.186604 4.53033e+06
99 149765 2092299 589 1 0.240545 5.59321e+06
max-ST-CON-level 1001
min_time 0.0161571 s
max_time 0.334348 s
mean_time 0.143969 s
stddev_time 0.0674766
min_CONPS                   2.99089 
max_CONPS                   61.8923 
mean_CONPS                  9.6762 
stddev_CONPS                8.02011 
mean_ST, mean_time, stddev_ST: 9.6762, 0.143969, 8.02011 
-----ST_CON_VISITED_NODES-----
min_visited, max_visited, mean_visited, stddev_visited: 1219, 1.52215e+06, 584467, 367341
