SCALE 16
Edgefactor 16.0
MPI-Nodes 1
Num-ST-CON=100
Filename graphs/dense/email-EuAll.txt
Seed1 483927095
Seed2 628093210
ST-CON-RUN RED-V BLUE-V DEPTH MN-FOUND TIME(Sec) TEPS
0 122143 2370 2 1 0.00154945 50340.4
1 48102 6260 2 1 0.00101759 211284
2 87461 139110 2 1 0.00102785 251010
3 2074 196312 2 1 0.00104288 124655
4 44236 128544 3 1 0.00122634 3.41096e+06
5 56664 186473 2 1 0.0010386 242635
6 142630 1989 2 1 0.00103925 475341
7 228361 246976 11 0 0.00518547 6.57214e+07
8 2586 88940 2 1 0.00100507 61687
9 72482 211826 2 1 0.00104978 137171
10 54446 160339 2 1 0.00105033 197081
11 29123 204834 2 1 0.00106069 36768.4
12 73359 217690 2 1 0.00104595 37286.6
13 61484 140610 11 0 0.00516895 6.59314e+07
14 25787 231550 2 1 0.000996308 216800
15 68042 72927 2 1 0.000901907 251689
16 93672 241182 2 1 0.00104852 136383
17 108137 164722 2 1 0.00103451 498784
18 181069 238267 3 1 0.00186674 7.20294e+06
19 102050 166691 3 1 0.00125649 3.29807e+06
20 226226 98827 2 1 0.00102894 310999
21 33948 117050 2 1 0.00103496 493737
22 250124 107362 2 1 0.00104971 162901
23 232950 67942 2 1 0.00105068 291240
24 154937 245828 2 1 0.00103492 201948
25 185868 95268 2 1 0.00103719 497499
26 72253 188153 11 0 0.00546631 6.26829e+07
27 24251 94727 2 1 0.000998983 497506
28 124174 108084 11 0 0.00516133 6.60361e+07
29 41701 241926 2 1 0.000996612 43146.2
30 176124 203508 2 1 0.00108841 463060
31 154060 120053 12 0 0.00573144 5.94608e+07
32 222667 138574 11 0 0.00520227 6.55091e+07
33 128050 172883 11 0 0.00512725 6.64678e+07
34 124780 166726 2 1 0.000999748 47011.8
35 175968 229411 2 1 0.00126107 67403.3
36 186683 204407 2 1 0.00105199 72243.7
37 24047 102139 12 0 0.00567766 6.0024e+07
38 218353 198295 2 1 0.000998328 121203
39 155343 242832 11 0 0.0051576 6.60767e+07
40 93495 160300 11 0 0.00541748 6.2907e+07
41 171017 141825 2 1 0.000996268 100375
42 26851 245135 3 1 0.0019344 4.37553e+06
43 186762 131031 11 0 0.00512722 6.6468e+07
44 31991 259735 2 1 0.00100912 551968
45 145506 37604 3 1 0.00123409 3.96486e+06
46 53363 225537 2 1 0.00103867 292683
47 30375 126583 2 1 0.00103633 25088.5
48 211207 209581 2 0 0.0010255 1950.28
49 111150 79338 2 1 0.000996966 113344
50 164036 18750 2 1 0.00103869 142488
51 51734 31196 11 0 0.00520604 6.54622e+07
52 168590 42077 2 1 0.000999899 269027
53 2331 73824 2 1 0.00106011 245257
54 42491 118784 2 1 0.00107944 61142.6
55 29410 139506 2 1 0.0010458 309809
56 240316 82646 2 1 0.00103078 63059.1
57 60072 26206 2 1 0.00104758 85912
58 171625 49955 2 1 0.00105788 139902
59 138795 83583 2 1 0.00104491 134940
60 183274 204480 2 1 0.0010538 204973
61 213073 52116 2 1 0.00104287 17260.1
62 162902 241947 2 1 0.00103376 232161
63 81223 6991 2 1 0.00127002 55117.2
64 230193 146408 2 1 0.00105502 143125
65 181614 46708 2 1 0.00103997 176927
66 21178 105867 3 1 0.00146156 3.76173e+06
67 236608 222577 3 1 0.00123784 3.49803e+06
68 261114 92590 2 1 0.00104109 241094
69 1082 23172 2 1 0.00105967 3.99747e+06
70 65488 21956 2 1 0.00105094 188404
71 693 50308 2 1 0.00108145 7.07664e+06
72 32451 140514 11 0 0.00548337 6.21509e+07
73 74474 197945 2 1 0.0009937 155983
74 146135 134210 2 1 0.00105686 348202
75 158839 15327 2 1 0.00103149 29084.2
76 172303 80870 11 0 0.00547018 6.23007e+07
77 227538 16086 11 0 0.00513509 6.63661e+07
78 114027 232882 2 1 0.000994954 156791
79 181850 89238 11 0 0.00559574 6.09027e+07
80 34499 102119 2 1 0.00100883 123905
81 5767 190116 2 1 0.000912001 121710
82 68468 208243 11 0 0.00516633 6.5965e+07
83 209954 115064 11 0 0.00527249 6.46371e+07
84 131104 199031 11 0 0.00543168 6.27448e+07
85 115928 243951 2 1 0.000996643 531785
86 118091 143560 2 1 0.00125511 14341.4
87 171078 62642 2 1 0.00103334 62902.8
88 98090 179409 11 0 0.00515219 6.61459e+07
89 250133 86760 2 1 0.000992836 97699.9
90 158946 170784 2 1 0.00104063 18258.2
91 19566 216297 2 1 0.00104923 487023
92 237872 239272 2 1 0.00103977 26929
93 167663 223612 2 1 0.00105201 219580
94 215263 17380 2 1 0.00104658 42041.5
95 183290 16046 12 0 0.00540902 6.30051e+07
96 46836 237797 10 0 0.005278 6.48289e+07
97 49937 132661 2 1 0.000996216 265003
98 135588 88994 11 0 0.00542941 6.27685e+07
99 17918 250332 2 1 0.000995487 304374
max-ST-CON-level 12
min_time 0.000901907 s
max_time 0.00573144 s
mean_time 0.00205942 s
stddev_time 0.00180141
min_CONPS                   174.476 
max_CONPS                   1108.76 
mean_CONPS                  764.98 
stddev_CONPS                328.924 
mean_ST, mean_time, stddev_ST: 764.98, 0.00205942, 328.924 
-----ST_CON_VISITED_NODES-----
min_visited, max_visited, mean_visited, stddev_visited: 4, 226682, 51956.1, 95044.4
