SCALE 16
Edgefactor 16.0
MPI-Nodes 1
Num-ST-CON=100
Filename graphs/symmetric/hugebubbles-00010.mtx.alt
Seed1 574313236
Seed2 1914435057
ST-CON-RUN RED-V BLUE-V DEPTH MN-FOUND TIME(Sec) TEPS
0 8961362 173943 1914 1 2.92241 3.71668e+06
1 3529116 459314 807 1 1.19074 2.64986e+06
2 6416806 10206119 1937 1 2.90035 4.82408e+06
3 152166 14402929 1020 1 1.32084 1.4993e+06
4 3245544 9430965 557 1 0.782714 1.56403e+06
5 4157317 13681054 3352 1 4.98921 4.70664e+06
6 10464417 145999 3177 1 4.67402 4.63421e+06
7 16754243 18120010 2096 1 3.14114 5.14095e+06
8 189758 6525313 2033 1 3.02551 4.17671e+06
9 5317832 15541095 2561 1 3.87555 5.08434e+06
10 3994590 11763649 615 1 0.910124 2.11697e+06
11 2136691 15028125 1456 1 2.19183 4.75676e+06
12 5382179 15971321 2329 1 3.47378 4.74039e+06
13 4510977 10316210 1307 1 1.92777 3.50342e+06
14 1891987 16988236 1795 1 2.68596 4.5866e+06
15 4992084 5350491 1819 1 2.7008 4.26611e+06
16 6872494 17694887 636 1 0.910017 1.8154e+06
17 7933736 12085204 1254 1 1.88918 4.23342e+06
18 13284573 17481008 1275 1 1.89255 3.33931e+06
19 7487159 12229691 480 1 0.673236 1.42255e+06
20 16597619 7250726 801 1 1.18095 2.38952e+06
21 2490731 8587682 1069 1 1.60414 3.44102e+06
22 18350916 7876915 1876 1 2.84407 5.61638e+06
23 17090905 4984733 924 1 1.38388 3.22424e+06
24 11367309 18035724 272 1 0.415106 976678
25 13636640 6989586 933 1 1.33284 2.0801e+06
26 5301031 13804310 2514 1 3.77446 5.04991e+06
27 1779235 6949900 2232 1 3.31343 3.59078e+06
28 9110320 7929833 1416 1 2.09545 3.79707e+06
29 3059488 17749488 2782 1 4.19513 5.24992e+06
30 12921762 14930835 1839 1 2.71089 4.03267e+06
31 11302973 8807992 1380 1 2.0562 3.50829e+06
32 16336520 10166791 2094 1 3.10666 4.49556e+06
33 9394674 12683952 1667 1 2.48779 3.90067e+06
34 9154817 12232261 2264 1 3.39753 3.48269e+06
35 12910331 16831300 2609 1 3.82497 3.54439e+06
36 13696428 14996840 2662 1 3.99757 4.40006e+06
37 1764329 7493672 1037 1 1.50588 2.60197e+06
38 16019998 14548414 3582 1 5.35009 4.74996e+06
39 11397097 17815943 308 1 0.459013 1.24211e+06
40 6859480 11760816 636 1 0.951462 2.35222e+06
41 12547055 10405359 3440 1 5.13646 4.83664e+06
42 1970001 17984881 907 1 1.35634 3.03679e+06
43 13702229 9613441 349 1 0.509054 1.12713e+06
44 2347095 19056058 1922 1 2.88817 4.74843e+06
45 10675395 2758930 557 1 0.815797 1.79254e+06
46 3915129 16547036 1031 1 1.53748 3.44102e+06
47 2228564 9287076 1182 1 1.76673 3.57169e+06
48 15495693 15376430 493 1 0.701015 1.49272e+06
49 8154778 5820829 1364 1 2.04763 4.19775e+06
50 12034937 1375686 1071 1 1.60817 3.73972e+06
51 3795614 2288800 626 1 0.911986 1.96921e+06
52 12369000 3087135 643 1 0.928235 1.89861e+06
53 171046 5416295 904 1 1.33303 2.48624e+06
54 3117463 8714859 1093 1 1.64439 3.4773e+06
55 2157769 10235196 1512 1 2.28274 4.74997e+06
56 17631382 6063548 657 1 0.968369 2.22466e+06
57 4407357 1922676 547 1 0.801509 1.81972e+06
58 12591654 3665084 1840 1 2.75977 4.67318e+06
59 10183053 6132288 1524 1 2.30239 4.03618e+06
60 13446370 15002163 378 1 0.544094 1.30732e+06
61 15632645 3823619 537 1 0.77961 1.68562e+06
62 11951677 17750981 1949 1 2.93709 5.17014e+06
63 5959152 512914 1924 1 2.87259 3.63811e+06
64 16888635 10741616 1316 1 1.95741 3.32926e+06
65 13324578 3426841 1091 1 1.50651 2.00284e+06
66 1553814 7767183 1092 1 1.62758 2.99108e+06
67 17359335 16329925 1394 1 2.05777 3.50356e+06
68 19157253 6793138 284 1 0.428085 970464
69 79447 1700086 710 1 1.04666 2.16825e+06
70 4804675 1610893 1856 1 2.79213 4.57841e+06
71 50863 3691001 932 1 1.34182 2.36812e+06
72 2380874 10309124 824 1 1.218 2.55574e+06
73 5463998 14522681 1249 1 1.87083 4.05169e+06
74 10721585 9846627 1378 1 2.0785 4.13605e+06
75 11653631 1124526 2249 1 3.37216 4.89574e+06
76 12641407 5933233 2325 1 3.51613 4.73847e+06
77 16693882 1180204 651 1 0.957093 2.09707e+06
78 8365880 17085932 2180 1 3.3149 5.19611e+06
79 13341883 6547216 1929 1 2.84443 3.07472e+06
80 2531101 7492222 1902 1 2.87366 4.71909e+06
81 423166 13948287 2112 1 3.16796 4.65928e+06
82 5023349 15278279 1204 1 1.80237 3.88973e+06
83 15403815 8441995 923 1 1.33435 2.17295e+06
84 9618770 14602381 568 1 0.799616 1.51848e+06
85 8505318 17898040 1461 1 2.21844 4.09294e+06
86 8664078 10532662 2452 1 3.64575 4.56172e+06
87 12551563 4595887 2487 1 3.62581 3.60196e+06
88 7196642 13162799 2370 1 3.53709 3.66953e+06
89 18351613 6365383 1754 1 2.64306 4.51322e+06
90 11661454 12529989 1332 1 1.9639 3.5087e+06
91 1435546 15869149 2379 1 3.56684 4.83873e+06
92 17452025 17554751 451 1 0.669693 1.673e+06
93 12300972 16405848 977 1 1.4573 2.94098e+06
94 15793322 1275189 2355 1 3.53541 4.0255e+06
95 13447545 1177304 1293 1 1.90427 3.02069e+06
96 3436245 17446559 430 1 0.627969 1.46895e+06
97 3663776 9733010 2246 1 3.3846 4.76457e+06
98 9947772 6529270 1208 1 1.78135 2.67076e+06
99 1314637 18366185 2427 1 3.63781 4.70055e+06
max-ST-CON-level 3582
min_time 0.415106 s
max_time 5.35009 s
mean_time 2.19605 s
stddev_time 1.17838
min_CONPS                   0.186913 
max_CONPS                   2.40902 
mean_CONPS                  0.663255 
stddev_CONPS                0.483183 
mean_ST, mean_time, stddev_ST: 0.663255, 2.19605, 0.483183 
-----ST_CON_VISITED_NODES-----
min_visited, max_visited, mean_visited, stddev_visited: 270219, 1.69458e+07, 5.8154e+06, 4.30855e+06
