SCALE 16
Edgefactor 16.0
MPI-Nodes 1
Num-ST-CON=100
Filename graphs/dense/email-EuAll.txt
Seed1 1066878846
Seed2 1490929777
ST-CON-RUN RED-V BLUE-V DEPTH MN-FOUND TIME(Sec) TEPS
0 122143 2370 2 1 0.00156568 88779.6
1 48102 6260 2 1 0.00102024 207794
2 87461 139110 2 1 0.00105427 186860
3 2074 196312 2 1 0.00102496 263425
4 44236 128544 3 1 0.00119536 3.49937e+06
5 56664 186473 2 1 0.00102246 166266
6 142630 1989 2 1 0.00102637 455974
7 228361 246976 11 0 0.00517324 6.58767e+07
8 2586 88940 2 1 0.00102395 62502.8
9 72482 211826 2 1 0.00101929 132445
10 54446 160339 2 1 0.00102374 610506
11 29123 204834 2 1 0.00103178 230669
12 73359 217690 2 1 0.00103741 19278.9
13 61484 140610 11 0 0.00514882 6.61892e+07
14 25787 231550 2 1 0.000994386 177999
15 68042 72927 2 1 0.00101304 44420.8
16 93672 241182 2 1 0.00124393 113350
17 108137 164722 2 1 0.00102674 502561
18 181069 238267 3 1 0.00184784 7.26415e+06
19 102050 166691 3 1 0.00117756 3.53529e+06
20 226226 98827 2 1 0.00103337 309665
21 33948 117050 2 1 0.00102921 496497
22 250124 107362 2 1 0.00104792 516261
23 232950 67942 2 1 0.00102389 298861
24 154937 245828 2 1 0.00103286 191702
25 185868 95268 2 1 0.00102184 504971
26 72253 188153 11 0 0.00544044 6.29809e+07
27 24251 94727 2 1 0.000992758 77561.7
28 124174 108084 11 0 0.00514889 6.61956e+07
29 41701 241926 2 1 0.000995758 46196
30 176124 203508 2 1 0.00102581 79937.2
31 154060 120053 12 0 0.00570285 5.97589e+07
32 222667 138574 11 0 0.005104 6.67704e+07
33 128050 172883 11 0 0.00508011 6.70845e+07
34 124780 166726 2 1 0.000992642 36266.9
35 175968 229411 2 1 0.00102477 179552
36 186683 204407 2 1 0.00104394 72801.5
37 24047 102139 12 0 0.00567481 6.00541e+07
38 218353 198295 2 1 0.000995027 293459
39 155343 242832 11 0 0.00511987 6.65636e+07
40 93495 160300 11 0 0.0054057 6.3044e+07
41 171017 141825 2 1 0.000990785 100930
42 26851 245135 3 1 0.00183348 4.62181e+06
43 186762 131031 11 0 0.00511295 6.66535e+07
44 31991 259735 2 1 0.000990898 562116
45 145506 37604 3 1 0.00120135 4.07293e+06
46 53363 225537 2 1 0.00102391 34182.7
47 30375 126583 2 1 0.00102922 25261.8
48 211207 209581 2 0 0.00102657 1948.24
49 111150 79338 2 1 0.000982116 115058
50 164036 18750 2 1 0.00102854 531821
51 51734 31196 11 0 0.00514329 6.62609e+07
52 168590 42077 2 1 0.00100018 336940
53 2331 73824 2 1 0.00102221 78261.9
54 42491 118784 2 1 0.00102587 96503.7
55 29410 139506 2 1 0.00103646 312602
56 240316 82646 2 1 0.00102465 63436.5
57 60072 26206 2 1 0.0010309 233777
58 171625 49955 2 1 0.00103719 155227
59 138795 83583 2 1 0.00103366 265078
60 183274 204480 2 1 0.00104805 228997
61 213073 52116 2 1 0.00104491 17226.4
62 162902 241947 2 1 0.00103396 40620.7
63 81223 6991 2 1 0.0010358 67580.8
64 230193 146408 2 1 0.0010295 93249.2
65 181614 46708 2 1 0.00106644 162222
66 21178 105867 3 1 0.00145479 3.78888e+06
67 236608 222577 3 1 0.00119548 3.63452e+06
68 261114 92590 2 1 0.00101933 246241
69 1082 23172 2 1 0.0010383 4.09325e+06
70 65488 21956 2 1 0.00104141 190127
71 693 50308 2 1 0.0010736 7.12835e+06
72 32451 140514 11 0 0.00543546 6.26987e+07
73 74474 197945 2 1 0.00099502 155776
74 146135 134210 2 1 0.00103233 90087.9
75 158839 15327 2 1 0.00101227 488010
76 172303 80870 11 0 0.00545268 6.25006e+07
77 227538 16086 11 0 0.00514133 6.62856e+07
78 114027 232882 2 1 0.00100078 198846
79 181850 89238 11 0 0.00554484 6.14618e+07
80 34499 102119 2 1 0.000996583 550882
81 5767 190116 2 1 0.00102677 109080
82 68468 208243 11 0 0.00519837 6.55584e+07
83 209954 115064 11 0 0.00525512 6.48506e+07
84 131104 199031 11 0 0.00540693 6.30321e+07
85 115928 243951 2 1 0.000997331 140375
86 118091 143560 2 1 0.00102889 256587
87 171078 62642 2 1 0.00104445 62233.8
88 98090 179409 11 0 0.00513372 6.63838e+07
89 250133 86760 2 1 0.000995252 97462.8
90 158946 170784 2 1 0.00103385 32886.8
91 19566 216297 2 1 0.000912742 526984
92 237872 239272 2 1 0.00103196 27132.7
93 167663 223612 2 1 0.00104254 221574
94 215263 17380 2 1 0.00105671 41638.5
95 183290 16046 12 0 0.00534933 6.37082e+07
96 46836 237797 10 0 0.00522266 6.55159e+07
97 49937 132661 2 1 0.000998651 264357
98 135588 88994 11 0 0.00543716 6.2679e+07
99 17918 250332 2 1 0.00099846 205316
max-ST-CON-level 12
min_time 0.000912742 s
max_time 0.00570285 s
mean_time 0.00204045 s
stddev_time 0.00179628
min_CONPS                   175.351 
max_CONPS                   1095.6 
mean_CONPS                  774.896 
stddev_CONPS                332.062 
mean_ST, mean_time, stddev_ST: 774.896, 0.00204045, 332.062 
-----ST_CON_VISITED_NODES-----
min_visited, max_visited, mean_visited, stddev_visited: 4, 226682, 51956.1, 95044.4
