SCALE 16
Edgefactor 16.0
MPI-Nodes 1
Num-ST-CON=100
Filename graphs/dense/soc-Epinions1.txt
Seed1 1763276477
Seed2 2037510007
ST-CON-RUN RED-V BLUE-V DEPTH MN-FOUND TIME(Sec) TEPS
0 34950 678 2 1 0.000603564 1.26035e+07
1 13763 1791 2 1 0.000568467 872522
2 25026 39805 2 1 0.000553445 767917
3 593 56173 2 1 0.000559829 4.34954e+06
4 12658 36781 2 1 0.000557165 2.5881e+06
5 16214 53357 2 1 0.000554424 445508
6 40812 569 2 1 0.000556744 5.94887e+06
7 65343 70670 4 1 0.000902134 2.55295e+07
8 740 25449 2 1 0.000555682 242945
9 20740 60612 3 1 0.000758179 7.44956e+07
10 15579 45879 2 1 0.000567159 565979
11 8333 58611 3 1 0.000753181 1.10823e+07
12 20991 62290 2 1 0.000553769 213085
13 17593 40234 2 1 0.00055567 2.49249e+06
14 7378 66256 3 1 0.000763163 8.87425e+07
15 19469 20867 2 1 0.000557706 1.1888e+06
16 26803 69012 3 1 0.000716273 1.00213e+07
17 30942 47133 3 1 0.000727156 1.64394e+07
18 51811 68178 3 1 0.000716112 1.15904e+06
19 29200 47697 3 1 0.000763015 4.59362e+06
20 64732 28278 3 1 0.00072457 1.64015e+07
21 9714 33493 2 1 0.000565481 977928
22 71570 30720 2 1 0.00056112 657613
23 66656 19441 2 1 0.000561267 1.96342e+06
24 44333 70341 3 1 0.000718074 2.55684e+06
25 53184 27260 2 1 0.000559463 248453
26 20674 53838 2 1 0.000559299 1.85947e+06
27 6939 27105 2 1 0.000558733 1.60542e+06
28 35531 30927 2 1 0.000558868 339973
29 11932 69225 3 1 0.000754403 5.50342e+07
30 50396 58232 3 1 0.00072051 1.08951e+06
31 44083 34352 2 1 0.000557178 1.15403e+06
32 63714 39651 3 1 0.000724178 1.70069e+07
33 36640 49469 3 1 0.000741449 3.86932e+07
34 35704 47707 2 1 0.000554719 400203
35 50351 65644 3 1 0.000715758 839669
36 53417 58489 3 1 0.00071397 225500
37 6881 29226 2 1 0.000560069 549932
38 62480 56740 3 1 0.000716432 929607
39 44450 69484 4 1 0.000887473 1.39723e+07
40 26752 45868 3 1 0.000718778 9.90431e+06
41 48935 40582 2 1 0.000563171 296535
42 7683 70143 3 1 0.000735827 2.60591e+07
43 53440 37493 2 1 0.000560264 640769
44 9153 74321 2 1 0.000559688 1.04344e+06
45 41635 10760 2 1 0.000589753 2.15853e+06
46 15269 64535 3 1 0.000731255 2.18433e+07
47 8691 36220 2 1 0.000558861 552910
48 60435 59970 3 1 0.000718665 2.17765e+06
49 31804 22701 2 1 0.000563715 482513
50 46937 5365 2 1 0.000561208 338555
51 14803 8926 2 1 0.000594534 353218
52 48240 12040 2 1 0.000559806 752046
53 667 21124 2 1 0.000563379 5.90544e+06
54 12158 33989 2 1 0.000561295 288618
55 8415 39918 2 1 0.000561797 3.32861e+06
56 68764 23648 3 1 0.000718827 8.97991e+06
57 17189 7498 2 1 0.000562799 1.37171e+06
58 49109 14294 3 1 0.000754215 5.02867e+07
59 39715 23916 3 1 0.000776796 7.39769e+07
60 52442 58510 3 1 0.000717415 724825
61 60969 14912 3 1 0.00135712 1.01985e+08
62 46613 69231 2 1 0.000558976 107339
63 23241 2000 2 1 0.000564623 4.18509e+06
64 65867 41893 2 1 0.000558567 748344
65 51967 13365 2 1 0.000561692 306218
66 6060 30292 2 1 0.000565662 325283
67 67703 63688 3 1 0.000792293 278937
68 74715 26494 2 1 0.00055931 278915
69 309 6630 2 1 0.000563988 2.40785e+06
70 18738 6282 2 1 0.000559535 6.12294e+06
71 198 14395 1 1 0.000430815 480484
72 9285 40206 2 1 0.000563748 278493
73 21310 56640 2 1 0.000563534 6.96852e+06
74 41815 38403 2 1 0.000564438 579337
75 45450 4385 2 1 0.000565621 1.06962e+06
76 49303 23140 2 1 0.000559995 1.00358e+06
77 65108 4602 3 1 0.000768718 9.32227e+07
78 32627 66637 2 1 0.000610716 677893
79 52035 25534 2 1 0.000561354 513045
80 9871 29220 2 1 0.000560185 439141
81 1650 54400 2 1 0.000567212 9.27519e+06
82 19591 59587 2 1 0.000561302 570103
83 60076 32924 2 1 0.000563955 764245
84 37514 56951 3 1 0.000726819 7.47779e+06
85 33171 69804 3 1 0.000723972 6.37317e+06
86 33790 41078 3 1 0.000728898 1.52737e+07
87 48952 17924 2 1 0.000573186 467562
88 28067 51336 3 1 0.000761042 2.06506e+07
89 71573 24825 2 1 0.00056334 749104
90 45481 48868 2 1 0.000564369 591811
91 5598 61891 3 1 0.000730322 1.43923e+07
92 68065 68465 3 1 0.000724535 345049
93 47975 63984 3 1 0.000723719 555464
94 61595 4973 3 1 0.000793177 6.67644e+07
95 52447 4591 3 1 0.00074458 4.92358e+07
96 13401 68043 3 1 0.000730235 1.65043e+07
97 14289 37959 2 1 0.000589866 511981
98 38797 25464 2 1 0.000566254 298453
99 5127 71630 2 1 0.00056575 1.86655e+06
max-ST-CON-level 4
min_time 0.000430815 s
max_time 0.00135712 s
mean_time 0.000639813 s
stddev_time 0.000118847
min_CONPS                   736.852 
max_CONPS                   2321.18 
mean_CONPS                  1605.23 
stddev_CONPS                241.23 
mean_ST, mean_time, stddev_ST: 1605.23, 0.000639813, 241.23 
-----ST_CON_VISITED_NODES-----
min_visited, max_visited, mean_visited, stddev_visited: 3, 4432, 237.66, 603.532
