SCALE 16
Edgefactor 16.0
MPI-Nodes 1
Num-ST-CON=100
Filename graphs/streets/roadNet-TX.mtx.txt.alt
Seed1 1070499365
Seed2 648814444
ST-CON-RUN RED-V BLUE-V DEPTH MN-FOUND TIME(Sec) TEPS
0 641719 12455 203 1 0.0848212 5.80995e+06
1 252718 32891 240 1 0.0903856 9.79133e+06
2 459504 730855 137 1 0.0533253 7.56343e+06
3 10896 1031387 79 1 0.0196156 3.64247e+06
4 232411 675347 103 1 0.0254356 5.73294e+06
5 297703 979694 831 0 0.241298 7.9597e+06
6 749352 10454 185 1 0.0678795 7.59821e+06
7 1199763 1297565 367 1 0.120548 8.49786e+06
8 13588 467274 201 1 0.0728157 8.3205e+06
9 380807 1112890 97 1 0.0280946 7.06731e+06
10 286050 842389 210 1 0.0921438 7.58533e+06
11 153007 1076157 283 1 0.125717 8.15393e+06
12 385415 1143699 291 1 0.0704837 9.45749e+06
13 323029 738739 30 1 0.00888842 1.12663e+06
14 135484 1216519 355 1 0.127067 8.78189e+06
15 357480 383146 116 1 0.0288003 7.86883e+06
16 492136 1267122 340 1 0.149562 7.52837e+06
17 568131 865416 73 1 0.0183053 3.67685e+06
18 951302 1251807 48 1 0.0129733 2.7034e+06
19 536152 875762 301 1 0.12091 8.98442e+06
20 1188548 519221 249 1 0.0865404 8.5073e+06
21 178360 614960 322 1 0.118793 9.377e+06
22 1314100 564062 221 1 0.092646 8.04683e+06
23 1223872 356954 341 1 0.124275 7.93747e+06
24 814007 1291530 318 1 0.11387 1.04829e+07
25 976513 500521 190 1 0.0794689 7.95357e+06
26 379604 988520 196 1 0.0782681 7.33899e+06
27 127410 497679 323 1 0.121955 9.56379e+06
28 652385 567851 161 1 0.0555509 7.26485e+06
29 219088 1271032 131 1 0.0319864 7.3254e+06
30 925321 1069190 213 1 0.0926798 8.00985e+06
31 809400 630736 237 1 0.0814516 7.85521e+06
32 1169850 728039 210 1 0.0767205 8.59157e+06
33 672748 908292 255 1 0.106899 7.98565e+06
34 655572 875946 188 1 0.0740292 8.13071e+06
35 924503 1205281 311 1 0.109312 8.24617e+06
36 980795 1073916 271 1 0.0991578 7.77289e+06
37 126342 536618 323 1 0.129296 8.90967e+06
38 1147184 1041805 246 1 0.0976634 8.02273e+06
39 816140 1275791 222 1 0.0662115 7.91181e+06
40 491204 842186 61 1 0.0169485 5.77132e+06
41 898489 745123 302 1 0.118436 8.03086e+06
42 141070 1287889 199 1 0.0629388 7.90046e+06
43 981210 688414 315 1 0.109329 8.06141e+06
44 168074 1364595 342 1 0.118169 8.80502e+06
45 764460 197565 447 1 0.156113 7.75722e+06
46 280360 1184925 178 1 0.0622947 6.75272e+06
47 159586 665043 284 1 0.101123 8.31498e+06
48 1109639 1101099 30 1 0.00899209 1.31738e+06
49 583960 416826 230 1 0.0931513 8.86576e+06
50 861816 98512 164 1 0.0662364 7.68425e+06
51 271802 163899 110 1 0.03577 6.92533e+06
52 885738 221068 311 1 0.0885091 6.71206e+06
53 12248 387858 170 1 0.0576497 7.9197e+06
54 223240 624067 225 1 0.0863016 7.731e+06
55 154516 732937 229 1 0.0874379 8.47421e+06
56 1262575 434207 410 1 0.135344 8.78309e+06
57 315608 137682 911 0 0.253224 7.58481e+06
58 901682 262455 258 1 0.106805 7.86135e+06
59 729203 439130 399 1 0.139202 9.07246e+06
60 962888 1074298 183 1 0.0720497 7.08396e+06
61 1119446 273807 212 1 0.0847439 7.90196e+06
62 855854 1271139 371 1 0.115124 7.44532e+06
63 426732 36729 185 1 0.0445313 6.95817e+06
64 1209387 769202 54 1 0.0142514 2.04043e+06
65 954167 245394 138 1 0.0424669 7.01499e+06
66 111267 556204 275 1 0.107033 9.45245e+06
67 1243094 1169378 151 1 0.0526275 7.42281e+06
68 1371842 486453 235 1 0.0792274 8.40467e+06
69 5689 121742 282 1 0.102877 9.24647e+06
70 344060 115355 179 1 0.059344 8.0293e+06
71 3642 264310 193 1 0.0691594 8.39264e+06
72 170493 738231 364 1 0.126065 8.47341e+06
73 391274 1039962 209 1 0.0650179 8.34616e+06
74 767767 705112 180 1 0.0460823 8.09672e+06
75 834511 80526 212 1 0.0734178 7.77765e+06
76 905245 424876 267 1 0.105884 8.24636e+06
77 1195441 84513 315 1 0.104129 8.43414e+06
78 599076 1223515 245 1 0.0877572 7.41211e+06
79 955406 468843 129 1 0.0475551 7.43138e+06
80 181251 536514 141 1 0.0516015 7.50714e+06
81 30302 998830 340 1 0.133247 9.58849e+06
82 359719 1094070 116 1 0.0398293 7.20286e+06
83 1103060 604527 283 1 0.124316 7.95538e+06
84 688795 1045669 111 1 0.027292 5.04085e+06
85 609062 1281670 323 1 0.120335 9.17356e+06
86 620430 754239 337 1 0.115049 8.46349e+06
87 898811 329109 121 1 0.0290405 4.47345e+06
88 515348 942582 318 1 0.0998665 7.94053e+06
89 1314150 455822 177 1 0.0768585 8.16721e+06
90 835071 897266 261 1 0.108791 9.0462e+06
91 102798 1136382 176 1 0.0593263 7.27403e+06
92 1249731 1257087 43 1 0.0118036 1.45854e+06
93 880867 1174815 307 1 0.0996342 8.18516e+06
94 1130952 91315 318 1 0.128388 7.65851e+06
95 962972 84306 130 1 0.0318258 5.21131e+06
96 246067 1249340 186 1 0.0664276 7.86271e+06
97 262361 696976 32 1 0.00933468 723539
98 712355 467558 114 1 0.0350714 7.08514e+06
99 94140 1315194 180 1 0.0690481 7.83619e+06
max-ST-CON-level 911
min_time 0.00888842 s
max_time 0.253224 s
mean_time 0.0823625 s
stddev_time 0.0437959
min_CONPS                   3.94907 
max_CONPS                   112.506 
mean_CONPS                  20.0166 
stddev_CONPS                21.7354 
mean_ST, mean_time, stddev_ST: 20.0166, 0.0823625, 21.7354 
-----ST_CON_VISITED_NODES-----
min_visited, max_visited, mean_visited, stddev_visited: 4758, 1.37864e+06, 477865, 278895
