SCALE 16
Edgefactor 16.0
MPI-Nodes 1
Num-ST-CON=100
Filename graphs/dense/amazon0601.txt
Seed1 94335983
Seed2 824960250
ST-CON-RUN RED-V BLUE-V DEPTH MN-FOUND TIME(Sec) TEPS
0 185782 3606 4 1 0.0042289 2.65317e+06
1 73163 9522 3 1 0.00154894 4.1777e+06
2 133029 211587 4 1 0.00259973 1.2921e+07
3 3154 298594 3 1 0.00164402 2.66299e+06
4 67284 195517 3 1 0.00162184 1.90648e+06
5 86187 283628 3 1 0.00162717 593667
6 216942 3026 3 1 0.00162993 4.11491e+06
7 347340 375654 3 1 0.00163769 2.7496e+06
8 3933 135279 3 1 0.00163408 4.66196e+06
9 110246 322189 4 1 0.00262027 1.78642e+07
10 82813 243877 3 1 0.00161856 1.39939e+06
11 44296 311555 3 1 0.00160569 1.09112e+06
12 111580 331109 3 1 0.00166181 1.96593e+06
13 93519 213870 3 1 0.00165163 5.68407e+06
14 39223 352191 2 1 0.00144722 114012
15 103493 110923 3 1 0.00161564 918519
16 142476 366841 4 1 0.00175371 2.17824e+06
17 164478 250544 4 1 0.00244934 1.50641e+07
18 275408 362407 4 1 0.00179231 7.50817e+06
19 155219 253539 4 1 0.00178398 7.54437e+06
20 344093 150318 4 1 0.00176847 3.91298e+06
21 51636 178035 3 1 0.00159435 1.85593e+06
22 380441 163300 3 1 0.00157047 1.8122e+06
23 354319 103340 3 1 0.00159706 2.62232e+06
24 235661 373907 4 1 0.00240888 9.39233e+06
25 282707 144904 4 1 0.00180742 7.75747e+06
26 109898 286183 4 1 0.00239016 9.11447e+06
27 36886 144081 4 1 0.00207987 8.50824e+06
28 188870 164397 4 1 0.00177371 4.29495e+06
29 63427 367973 3 1 0.00158101 1.65844e+06
30 267887 309538 3 1 0.00156879 1.02882e+06
31 234327 182602 3 1 0.00161433 1.1305e+06
32 338680 210772 3 1 0.00158596 863201
33 194765 262957 4 1 0.00295809 2.98405e+07
34 189792 253592 4 1 0.00179547 5.84527e+06
35 267650 348937 4 1 0.00210317 8.95789e+06
36 283947 310906 5 1 0.00262736 1.40628e+07
37 36577 155354 3 1 0.00166622 2.39105e+06
38 332118 301610 3 1 0.0015829 1.03544e+06
39 236278 369350 4 1 0.00180571 4.10143e+06
40 142207 243819 4 1 0.00176891 3.96007e+06
41 260119 215718 4 1 0.00242689 9.69802e+06
42 40841 372853 4 1 0.00244801 1.42544e+07
43 284067 199300 4 1 0.00174288 857777
44 48658 395060 5 1 0.00261883 1.47993e+07
45 221316 57196 3 1 0.00158032 1.64587e+06
46 81166 343044 4 1 0.0017643 2.79487e+06
47 46201 192534 3 1 0.00157921 1.73567e+06
48 321248 318776 4 1 0.00247066 1.95304e+07
49 169060 120674 3 1 0.00158497 1.39498e+06
50 249502 28520 2 1 0.00140777 249330
51 78688 47450 3 1 0.00160239 2.98617e+06
52 256427 64000 4 1 0.00177076 5.73992e+06
53 3546 112287 3 1 0.00158152 1.63766e+06
54 64629 180671 4 1 0.00215588 8.67814e+06
55 44733 212190 4 1 0.00213689 8.44686e+06
56 365524 125706 3 1 0.00161631 968873
57 91371 39859 3 1 0.00158652 1.68293e+06
58 261043 75982 3 1 0.00158996 1.33399e+06
59 211109 127131 5 1 0.00264768 1.98706e+07
60 278763 311017 3 1 0.00159261 688806
61 324087 79269 4 1 0.00179421 5.39568e+06
62 247775 368004 2 1 0.00143269 58631
63 123542 10633 4 1 0.00241931 1.21791e+07
64 350126 222689 3 1 0.00158972 1.94688e+06
65 276238 71043 4 1 0.00180771 7.69429e+06
66 32212 161025 3 1 0.00139047 2.06908e+06
67 359884 338543 4 1 0.00178502 4.21115e+06
68 397158 140831 3 1 0.0016655 8.60881e+06
69 1647 35245 3 1 0.00161806 3.48874e+06
70 99608 33396 3 1 0.00195863 9.4234e+06
71 1054 76519 3 1 0.00163042 5.12077e+06
72 49359 213723 4 1 0.00179846 6.24033e+06
73 113276 301076 3 1 0.00158527 1.10706e+06
74 222274 204135 4 1 0.00180243 7.36616e+06
75 241597 23313 3 1 0.00161861 3.4888e+06
76 262075 123004 3 1 0.00159385 1.17703e+06
77 346088 24467 3 1 0.00159309 1.7124e+06
78 173437 354216 3 1 0.00158702 2.48265e+06
79 276596 135733 3 1 0.00161164 4.51713e+06
80 52473 155324 4 1 0.00210107 8.2877e+06
81 8772 289168 3 1 0.00161639 2.58663e+06
82 104141 316741 3 1 0.00157877 635938
83 319343 175015 3 1 0.00159354 1.48098e+06
84 199411 302728 4 1 0.00239781 8.77633e+06
85 176327 371052 4 1 0.0017879 6.28166e+06
86 179619 218357 3 1 0.00158282 855436
87 260212 95279 4 1 0.00176695 1.1766e+06
88 149197 272884 4 1 0.00183331 6.40753e+06
89 380456 131963 3 1 0.00164243 2.77089e+06
90 241759 259765 4 1 0.00180113 6.12338e+06
91 29761 328990 4 1 0.00181085 1.03647e+07
92 361806 363935 2 1 0.0014208 79532.8
93 255017 340117 3 1 0.00159191 1.49632e+06
94 327418 26436 4 1 0.00177875 4.73253e+06
95 278787 24407 3 1 0.00161825 2.91735e+06
96 71238 361693 4 1 0.00179066 6.00336e+06
97 75955 201779 3 1 0.00160107 2.64386e+06
98 206232 135361 3 1 0.00159769 2.94425e+06
99 27254 380758 5 1 0.00359747 6.38863e+07
max-ST-CON-level 5
min_time 0.00139047 s
max_time 0.0042289 s
mean_time 0.00184517 s
stddev_time 0.000448827
min_CONPS                   236.468 
max_CONPS                   719.179 
mean_CONPS                  564.073 
stddev_CONPS                95.9615 
mean_ST, mean_time, stddev_ST: 564.073, 0.00184517, 95.9615 
-----ST_CON_VISITED_NODES-----
min_visited, max_visited, mean_visited, stddev_visited: 14, 35013, 1914.37, 3932.8
