SCALE 16
Edgefactor 16.0
MPI-Nodes 1
Num-ST-CON=100
Filename graphs/symmetric/hugetric-00010.mtx.alt
Seed1 937030671
Seed2 1404832479
ST-CON-RUN RED-V BLUE-V DEPTH MN-FOUND TIME(Sec) TEPS
0 3036278 58935 1211 1 0.814045 6.76231e+06
1 1195731 155624 1100 1 0.737926 7.57133e+06
2 2174135 3458025 589 1 0.347418 4.46779e+06
3 51556 4879983 720 1 0.440441 5.59874e+06
4 1099651 3195388 261 1 0.14409 2.87994e+06
5 1408577 4635398 777 1 0.499696 5.89193e+06
6 3545541 49467 657 1 0.320506 3.70844e+06
7 5676653 6139400 577 1 0.355578 5.06544e+06
8 64293 2210899 1059 1 0.686941 6.86675e+06
9 1801781 5265615 549 1 0.335456 4.94148e+06
10 1353442 3985746 1423 1 0.910883 6.59392e+06
11 723951 5091811 496 1 0.291546 4.27903e+06
12 1823583 5411384 897 1 0.562413 5.87095e+06
13 1528404 3495326 1014 1 0.606968 5.95984e+06
14 641040 5755934 697 1 0.450065 6.30042e+06
15 1691412 1812847 921 1 0.601781 6.5234e+06
16 2328530 5995361 1311 1 0.897188 7.93375e+06
17 2688099 4094695 221 1 0.12526 1.86484e+06
18 4501063 5922894 1138 1 0.783761 6.90364e+06
19 2536790 4143649 1239 1 0.830484 7.67359e+06
20 5623586 2456682 1031 1 0.695945 7.18126e+06
21 843906 2909668 521 1 0.306551 4.53307e+06
22 6217636 2668847 599 1 0.347253 4.71291e+06
23 5790720 1688921 716 1 0.453283 6.27454e+06
24 3851458 6110843 855 1 0.557529 6.6462e+06
25 4620350 2368203 365 1 0.189784 3.34184e+06
26 1796089 4677160 1130 1 0.747038 6.75895e+06
27 602838 2354757 441 1 0.224133 3.90456e+06
28 3086748 2686777 616 1 0.373345 4.92906e+06
29 1036612 6013860 945 1 0.624468 7.1562e+06
30 4378136 5058848 994 1 0.638412 6.81554e+06
31 3829660 2984313 538 1 0.286946 3.96271e+06
32 5535120 3444700 502 1 0.253101 3.93079e+06
33 3183092 4297561 1163 1 0.755661 6.73417e+06
34 3101824 4144520 832 1 0.521553 5.8817e+06
35 4374263 5702761 669 1 0.421044 5.43985e+06
36 4640607 5081211 1122 1 0.738866 6.85543e+06
37 597788 2538997 305 1 0.162505 2.37707e+06
38 5427877 4929276 995 1 0.644098 5.75173e+06
39 3861551 6036377 1263 1 0.820368 6.3368e+06
40 2324121 3984786 978 1 0.566668 5.44128e+06
41 4251178 3525531 590 1 0.321875 4.12766e+06
42 667473 6093616 611 1 0.380873 5.4605e+06
43 4642573 3257215 422 1 0.248712 4.07986e+06
44 795240 6456551 865 1 0.533829 5.45275e+06
45 3617025 934777 789 1 0.511092 6.40807e+06
46 1326519 5606447 801 1 0.489839 5.59671e+06
47 755079 3146636 698 1 0.4327 5.05635e+06
48 5250232 5209824 196 1 0.11284 1.07897e+06
49 2762992 1972206 768 1 0.486689 5.80333e+06
50 4077663 466108 895 1 0.510112 4.90242e+06
51 1286025 775488 360 1 0.187551 3.18019e+06
52 4190850 1045979 571 1 0.343594 4.74572e+06
53 57953 1835142 1359 1 0.891062 7.42717e+06
54 1056255 2952758 1304 1 0.904334 7.21236e+06
55 731092 3467877 1258 1 0.826456 5.80631e+06
56 5973844 2054444 234 1 0.130451 1.96835e+06
57 1493295 651439 656 1 0.412917 6.00818e+06
58 4266289 1241799 876 1 0.558659 6.17151e+06
59 3450210 2077734 530 1 0.259399 2.81943e+06
60 4555883 5083015 944 1 0.603475 5.7382e+06
61 5296634 1295514 1232 1 0.819486 7.30401e+06
62 4049453 6014366 298 1 0.160696 3.08221e+06
63 2019073 173784 1118 1 0.739987 7.36008e+06
64 5722187 3639462 368 1 0.200321 3.66064e+06
65 4514618 1161078 940 1 0.619564 8.05991e+06
66 526461 2631668 1240 1 0.836427 6.38669e+06
67 5881669 5532886 1276 1 0.845555 7.63782e+06
68 6490838 2301643 675 1 0.420171 5.68425e+06
69 26918 576021 700 1 0.366825 4.4941e+06
70 1627914 545801 300 1 0.160476 2.28514e+06
71 17233 1250580 1319 1 0.880044 7.77613e+06
72 806684 3492925 804 1 0.45954 4.7359e+06
73 1851305 4920557 1029 1 0.662981 5.702e+06
74 3632675 3336222 1272 1 0.839434 6.74945e+06
75 3948469 381010 1177 1 0.734608 6.4118e+06
76 4283147 2010291 493 1 0.249525 4.11727e+06
77 5656201 399875 727 1 0.436701 5.0916e+06
78 2834517 5789035 233 1 0.131961 2.78013e+06
79 4520481 2218320 358 1 0.186571 3.41116e+06
80 857584 2538506 1336 1 0.851563 7.09607e+06
81 143376 4725942 599 1 0.319686 4.35897e+06
82 1702005 5176568 1045 1 0.6296 6.05068e+06
83 5219102 2860307 636 1 0.363081 4.50854e+06
84 3259020 4947561 904 1 0.580801 5.98475e+06
85 2881761 6064193 668 1 0.407263 5.19418e+06
86 2935553 3568664 860 1 0.52035 5.65224e+06
87 4252706 1557173 471 1 0.236209 3.82341e+06
88 2438357 4459804 835 1 0.49622 5.46688e+06
89 6217872 2156711 109 1 0.0753568 736125
90 3951120 4245396 1390 1 0.935121 8.05707e+06
91 486390 5376766 550 1 0.280895 3.99862e+06
92 5913074 5947880 1131 1 0.760856 6.58117e+06
93 4167801 5558610 374 1 0.204306 3.43409e+06
94 5351074 432058 309 1 0.165435 3.01429e+06
95 4556281 398892 1141 1 0.756824 6.77284e+06
96 1164264 5911223 1463 1 1.00625 8.2055e+06
97 1241356 3297727 561 1 0.312032 4.38289e+06
98 3370492 2212239 886 1 0.588299 7.41704e+06
99 445423 6222809 1031 1 0.690277 6.8507e+06
max-ST-CON-level 1463
min_time 0.0753568 s
max_time 1.00625 s
mean_time 0.501488 s
stddev_time 0.242086
min_CONPS                   0.993787 
max_CONPS                   13.2702 
mean_CONPS                  2.79469 
stddev_CONPS                2.05804 
mean_ST, mean_time, stddev_ST: 2.79469, 0.501488, 2.05804 
-----ST_CON_VISITED_NODES-----
min_visited, max_visited, mean_visited, stddev_visited: 36966, 5.50597e+06, 2.04265e+06, 1.37067e+06
