SCALE 16
Edgefactor 16.0
MPI-Nodes 1
Num-ST-CON=100
Filename graphs/streets/germany_osm.mtx.txt.alt
Seed1 374584624
Seed2 1766359638
ST-CON-RUN RED-V BLUE-V DEPTH MN-FOUND TIME(Sec) TEPS
0 5318785 103239 866 1 0.979787 1.91752e+06
1 2094615 272613 1192 1 1.41341 3.0161e+06
2 3808530 6057578 1579 1 1.86924 3.70595e+06
3 90314 8548487 1112 1 1.29977 2.66072e+06
4 1926309 5597506 543 1 0.607005 1.42722e+06
5 2467468 8120037 1855 1 2.23979 3.63825e+06
6 6210884 86654 198 1 0.234465 210334
7 9944049 10754665 382 1 0.429947 1.12152e+06
8 112626 3872931 899 1 0.932253 1.80561e+06
9 3156262 9224016 1099 1 1.18552 1.7102e+06
10 2370886 6982011 1654 1 1.92437 3.47058e+06
11 1268178 8919556 1570 1 1.79093 2.91967e+06
12 3194454 9479366 2145 1 2.59443 3.37791e+06
13 2677374 6122920 411 1 0.431454 556961
14 1122940 10082929 2035 1 2.39847 3.19646e+06
15 2962922 3175646 908 1 1.01139 2.16681e+06
16 4078991 10502344 1904 1 2.18472 2.86323e+06
17 4708864 7172861 1436 1 1.71342 3.91489e+06
18 7884716 10375401 876 1 0.989552 2.00122e+06
19 4443810 7258618 1223 1 1.45725 3.60939e+06
20 9851089 4303481 2005 1 2.42383 3.59432e+06
21 1478309 5096997 991 1 1.08213 1.62559e+06
22 10891713 4675140 1170 1 1.3877 3.11661e+06
23 10143866 2958560 1129 1 1.25639 2.19594e+06
24 6746773 10704639 1177 1 1.42597 3.00254e+06
25 8093676 4148488 836 1 0.895805 1.63359e+06
26 3146290 8193192 1611 1 1.81999 2.8326e+06
27 1056019 4124934 1425 1 1.62823 2.33239e+06
28 5407196 4706548 1670 1 1.94681 3.4924e+06
29 1815880 10534751 1685 1 1.96902 3.51565e+06
30 7669379 8861812 1417 1 1.67478 3.04581e+06
31 6708588 5227756 1407 1 1.68029 3.45104e+06
32 9696120 6034236 1222 1 1.38729 2.44789e+06
33 5575966 7528232 517 1 0.602911 1.961e+06
34 5433605 7260143 628 1 0.648849 1.09215e+06
35 7662594 9989784 1318 1 1.55045 2.64469e+06
36 8129161 8900987 1240 1 1.44478 2.97836e+06
37 1047172 4447676 617 1 0.707496 1.81342e+06
38 9508256 8634836 1634 1 1.89709 2.94596e+06
39 6764453 10574193 1339 1 1.52572 2.75639e+06
40 4071267 6980329 648 1 0.67043 1.45929e+06
41 7446981 6175833 1085 1 1.29674 3.14911e+06
42 1169243 10674462 1582 1 1.88207 3.60273e+06
43 8132605 5705810 870 1 1.01811 2.62728e+06
44 1393058 11310232 1182 1 1.38986 2.98037e+06
45 6336105 1637491 281 1 0.312706 613017
46 2323724 9821066 713 1 0.715653 1.02754e+06
47 1322706 5512104 996 1 1.10034 1.93807e+06
48 9197069 9126284 1521 1 1.79427 3.59774e+06
49 4840058 3454803 1135 1 1.33719 3.00881e+06
50 7143027 816503 517 1 0.530318 571037
51 2252789 1358458 985 1 1.14893 2.68289e+06
52 7341301 1832289 555 1 0.664647 2.12724e+06
53 101520 3214702 1104 1 1.26294 2.93055e+06
54 1850290 5172480 1540 1 1.89112 3.69953e+06
55 1280688 6074836 1739 1 2.10594 3.42368e+06
56 10464652 3598862 221 1 0.256926 537127
57 2615873 1141155 464 1 0.482376 432169
58 7473452 2175316 769 1 0.827112 1.45251e+06
59 6043888 3639661 811 1 0.866721 1.40421e+06
60 7980746 8904147 1462 1 1.6701 3.23392e+06
61 9278353 2269410 974 1 1.11118 2.59806e+06
62 7093610 10535637 344 1 0.395628 1.35133e+06
63 3536901 304427 1935 1 2.12528 2.41717e+06
64 10023814 6375409 1747 1 2.04621 3.08475e+06
65 7908459 2033913 1000 1 1.10995 1.74065e+06
66 922226 4610011 344 1 0.370957 452330
67 10303186 9692206 1225 1 1.35294 1.97168e+06
68 11370293 4031891 964 1 1.14106 2.12005e+06
69 47153 1009042 818 1 0.924129 1.90231e+06
70 2851691 956104 533 1 0.586906 1.39056e+06
71 30189 2190698 747 1 0.863552 2.38926e+06
72 1413106 6118715 506 1 0.54853 1.44521e+06
73 3243015 8619562 1419 1 1.67756 3.38721e+06
74 6363520 5844211 713 1 0.71347 685583
75 6916712 667433 1819 1 2.05474 2.75698e+06
76 7502981 3521517 2084 1 2.45581 3.02341e+06
77 9908223 700479 834 1 0.89484 1.62288e+06
78 4965352 10140914 1481 1 1.80769 3.69606e+06
79 7918730 3885931 1494 1 1.73137 3.502e+06
80 1502270 4446815 1149 1 1.31075 2.8176e+06
81 251159 8278646 669 1 0.797733 2.80716e+06
82 2981479 9068028 1353 1 1.54697 3.04502e+06
83 9142537 5010528 817 1 0.838888 1.15548e+06
84 5708973 8666867 659 1 0.666103 1.14098e+06
85 5048112 10622920 1150 1 1.41921 3.41873e+06
86 5142340 6251390 1356 1 1.60038 3.41952e+06
87 7449657 2727770 1269 1 1.51983 3.02739e+06
88 4271381 7812440 1418 1 1.70513 3.91109e+06
89 10892127 3778009 1661 1 1.97881 3.58207e+06
90 6921355 7436852 1572 1 1.82162 3.07187e+06
91 852031 9418724 1210 1 1.46824 3.26592e+06
92 10358199 10419169 1036 1 1.23627 2.72097e+06
93 7300925 9737268 1354 1 1.60264 3.71123e+06
94 9373719 756855 1149 1 1.31148 2.55567e+06
95 7981443 698758 616 1 0.655543 1.06013e+06
96 2039494 10354955 1457 1 1.65287 3.1754e+06
97 2174539 5776777 1293 1 1.53022 3.52207e+06
98 5904243 3875280 974 1 1.17022 2.38142e+06
99 780269 10900775 1442 1 1.68823 2.89094e+06
max-ST-CON-level 2145
min_time 0.234465 s
max_time 2.59443 s
mean_time 1.313 s
stddev_time 0.560256
min_CONPS                   0.385441 
max_CONPS                   4.26503 
mean_CONPS                  1.00346 
stddev_CONPS                0.69918 
mean_ST, mean_time, stddev_ST: 1.00346, 1.313, 0.69918 
-----ST_CON_VISITED_NODES-----
min_visited, max_visited, mean_visited, stddev_visited: 46785, 8.17132e+06, 3.43462e+06, 2.22383e+06
