SCALE 16
Edgefactor 16.0
MPI-Nodes 1
Num-ST-CON=100
Filename graphs/dense/amazon0601.txt
Seed1 2023268322
Seed2 2060865190
ST-CON-RUN RED-V BLUE-V DEPTH MN-FOUND TIME(Sec) TEPS
0 185782 3606 4 1 0.00401662 2.79339e+06
1 73163 9522 3 1 0.00167002 3.86522e+06
2 133029 211587 4 1 0.00262482 1.28009e+07
3 3154 298594 3 1 0.00162546 2.69462e+06
4 67284 195517 3 1 0.00161382 1.91533e+06
5 86187 283628 3 1 0.00162136 594563
6 216942 3026 3 1 0.00163532 4.10133e+06
7 347340 375654 3 1 0.00163205 2.76278e+06
8 3933 135279 3 1 0.00163881 4.6485e+06
9 110246 322189 4 1 0.00263101 1.77913e+07
10 82813 243877 3 1 0.00161893 1.39907e+06
11 44296 311555 3 1 0.00160711 1.08767e+06
12 111580 331109 3 1 0.00161642 2.02113e+06
13 93519 213870 3 1 0.00164299 5.71153e+06
14 39223 352191 2 1 0.00142422 116555
15 103493 110923 3 1 0.00157949 939546
16 142476 366841 4 1 0.00178382 2.14147e+06
17 164478 250544 4 1 0.00243509 1.51522e+07
18 275408 362407 4 1 0.00180396 7.45972e+06
19 155219 253539 4 1 0.00179651 7.49175e+06
20 344093 150318 4 1 0.0017714 3.90425e+06
21 51636 178035 3 1 0.00159504 1.85513e+06
22 380441 163300 3 1 0.00158096 1.80017e+06
23 354319 103340 3 1 0.00158529 2.64179e+06
24 235661 373907 4 1 0.0024032 9.41079e+06
25 282707 144904 4 1 0.00179808 7.79719e+06
26 109898 286183 4 1 0.00239858 9.08245e+06
27 36886 144081 4 1 0.00210909 8.38988e+06
28 188870 164397 4 1 0.00177843 4.28355e+06
29 63427 367973 3 1 0.00158997 1.64909e+06
30 267887 309538 3 1 0.00159437 1.01482e+06
31 234327 182602 3 1 0.00159292 1.14569e+06
32 338680 210772 3 1 0.00158124 865778
33 194765 262957 4 1 0.00296037 2.98152e+07
34 189792 253592 4 1 0.00179624 5.84776e+06
35 267650 348937 4 1 0.00212083 8.88614e+06
36 283947 310906 5 1 0.00262808 1.40589e+07
37 36577 155354 3 1 0.00160553 2.47831e+06
38 332118 301610 3 1 0.00158216 1.03593e+06
39 236278 369350 4 1 0.00177256 4.17869e+06
40 142207 243819 4 1 0.00177905 3.93581e+06
41 260119 215718 4 1 0.00242234 9.71621e+06
42 40841 372853 4 1 0.00245643 1.42093e+07
43 284067 199300 4 1 0.00174951 854526
44 48658 395060 5 1 0.00262354 1.47728e+07
45 221316 57196 3 1 0.00159649 1.6292e+06
46 81166 343044 4 1 0.0017561 2.80166e+06
47 46201 192534 3 1 0.00159009 1.72694e+06
48 321248 318776 4 1 0.00245761 1.96288e+07
49 169060 120674 3 1 0.00158265 1.39702e+06
50 249502 28520 2 1 0.00141061 248829
51 78688 47450 3 1 0.00148983 3.21177e+06
52 256427 64000 4 1 0.00179187 5.67509e+06
53 3546 112287 3 1 0.00160645 1.6135e+06
54 64629 180671 4 1 0.00210945 8.86913e+06
55 44733 212190 4 1 0.00213009 8.47384e+06
56 365524 125706 3 1 0.00159525 981662
57 91371 39859 3 1 0.00160511 1.66406e+06
58 261043 75982 3 1 0.00159563 1.32926e+06
59 211109 127131 5 1 0.00266214 1.97623e+07
60 278763 311017 3 1 0.00158244 693233
61 324087 79269 4 1 0.00177628 5.4541e+06
62 247775 368004 2 1 0.00145294 57813.6
63 123542 10633 4 1 0.00242447 1.21556e+07
64 350126 222689 3 1 0.00164913 1.87735e+06
65 276238 71043 4 1 0.00184105 7.55329e+06
66 32212 161025 3 1 0.00159297 1.81046e+06
67 359884 338543 4 1 0.00179991 4.17743e+06
68 397158 140831 3 1 0.00146998 9.75385e+06
69 1647 35245 3 1 0.0015981 3.53232e+06
70 99608 33396 3 1 0.00224344 8.22932e+06
71 1054 76519 3 1 0.00162102 5.15045e+06
72 49359 213723 4 1 0.00180106 6.23465e+06
73 113276 301076 3 1 0.00158316 1.11233e+06
74 222274 204135 4 1 0.00179565 7.39955e+06
75 241597 23313 3 1 0.00159991 3.52958e+06
76 262075 123004 3 1 0.00158689 1.18471e+06
77 346088 24467 3 1 0.00130272 2.09408e+06
78 173437 354216 3 1 0.00159591 2.46882e+06
79 276596 135733 3 1 0.00161779 4.49378e+06
80 52473 155324 4 1 0.00210571 8.26944e+06
81 8772 289168 3 1 0.00159584 2.61743e+06
82 104141 316741 3 1 0.00158054 635224
83 319343 175015 3 1 0.0015915 1.48288e+06
84 199411 302728 4 1 0.00240261 8.75879e+06
85 176327 371052 4 1 0.00162704 6.90273e+06
86 179619 218357 3 1 0.00158545 859692
87 260212 95279 4 1 0.00176516 1.1778e+06
88 149197 272884 4 1 0.00178512 6.58613e+06
89 380456 131963 3 1 0.00160483 2.83644e+06
90 241759 259765 4 1 0.00180295 6.12219e+06
91 29761 328990 4 1 0.00181433 1.03448e+07
92 361806 363935 2 1 0.00145594 77612.9
93 255017 340117 3 1 0.00162962 1.46537e+06
94 327418 26436 4 1 0.00178929 4.70746e+06
95 278787 24407 3 1 0.00161733 2.91405e+06
96 71238 361693 4 1 0.00179303 5.99655e+06
97 75955 201779 3 1 0.00160045 2.64487e+06
98 206232 135361 3 1 0.00159782 2.94401e+06
99 27254 380758 5 1 0.00364186 6.31076e+07
max-ST-CON-level 5
min_time 0.00130272 s
max_time 0.00401662 s
mean_time 0.00184194 s
stddev_time 0.000445161
min_CONPS                   248.965 
max_CONPS                   767.623 
mean_CONPS                  565.455 
stddev_CONPS                98.1088 
mean_ST, mean_time, stddev_ST: 565.455, 0.00184194, 98.1088 
-----ST_CON_VISITED_NODES-----
min_visited, max_visited, mean_visited, stddev_visited: 14, 35013, 1914.41, 3932.82
