SCALE 16
Edgefactor 16.0
MPI-Nodes 1
Num-ST-CON=100
Filename graphs/streets/roadNet-TX.mtx.txt.alt
Seed1 1266532363
Seed2 1962687923
ST-CON-RUN RED-V BLUE-V DEPTH MN-FOUND TIME(Sec) TEPS
0 641719 12455 203 1 0.0843355 5.84341e+06
1 252718 32891 240 1 0.089808 9.8543e+06
2 459504 730855 137 1 0.0530996 7.59557e+06
3 10896 1031387 79 1 0.0197433 3.61889e+06
4 232411 675347 103 1 0.0248898 5.85859e+06
5 297703 979694 831 0 0.237235 8.09603e+06
6 749352 10454 185 1 0.0678135 7.60561e+06
7 1199763 1297565 367 1 0.119271 8.58882e+06
8 13588 467274 201 1 0.0725106 8.3555e+06
9 380807 1112890 97 1 0.0277421 7.15702e+06
10 286050 842389 210 1 0.0923379 7.5694e+06
11 153007 1076157 283 1 0.125463 8.17045e+06
12 385415 1143699 291 1 0.0685947 9.71793e+06
13 323029 738739 30 1 0.00898956 1.11363e+06
14 135484 1216519 355 1 0.12561 8.88382e+06
15 357480 383146 116 1 0.0281385 8.05387e+06
16 492136 1267122 340 1 0.148852 7.56425e+06
17 568131 865416 73 1 0.0181211 3.71424e+06
18 951302 1251807 48 1 0.0128372 2.73206e+06
19 536152 875762 301 1 0.120094 9.04544e+06
20 1188548 519221 249 1 0.0857151 8.58921e+06
21 178360 614960 322 1 0.117694 9.46453e+06
22 1314100 564062 221 1 0.092241 8.08217e+06
23 1223872 356954 341 1 0.123461 7.98978e+06
24 814007 1291530 318 1 0.112909 1.05721e+07
25 976513 500521 190 1 0.0789832 8.00248e+06
26 379604 988520 196 1 0.0779267 7.37114e+06
27 127410 497679 323 1 0.120761 9.65828e+06
28 652385 567851 161 1 0.055108 7.32324e+06
29 219088 1271032 131 1 0.0312688 7.4935e+06
30 925321 1069190 213 1 0.0920013 8.06893e+06
31 809400 630736 237 1 0.0805906 7.93913e+06
32 1169850 728039 210 1 0.0763422 8.63414e+06
33 672748 908292 255 1 0.106051 8.04948e+06
34 655572 875946 188 1 0.0734473 8.19513e+06
35 924503 1205281 311 1 0.107951 8.35018e+06
36 980795 1073916 271 1 0.0984916 7.82547e+06
37 126342 536618 323 1 0.128372 8.9738e+06
38 1147184 1041805 246 1 0.0970819 8.07079e+06
39 816140 1275791 222 1 0.0648479 8.07817e+06
40 491204 842186 61 1 0.0166223 5.88455e+06
41 898489 745123 302 1 0.117792 8.07477e+06
42 141070 1287889 199 1 0.0617476 8.05286e+06
43 981210 688414 315 1 0.108152 8.14916e+06
44 168074 1364595 342 1 0.116509 8.93042e+06
45 764460 197565 447 1 0.154488 7.83883e+06
46 280360 1184925 178 1 0.0620331 6.7812e+06
47 159586 665043 284 1 0.099796 8.42556e+06
48 1109639 1101099 30 1 0.00898986 1.31771e+06
49 583960 416826 230 1 0.0923465 8.94302e+06
50 861816 98512 164 1 0.0663326 7.67311e+06
51 271802 163899 110 1 0.0354084 6.99602e+06
52 885738 221068 311 1 0.0869778 6.83023e+06
53 12248 387858 170 1 0.0569883 8.01161e+06
54 223240 624067 225 1 0.0851435 7.83616e+06
55 154516 732937 229 1 0.0868629 8.5303e+06
56 1262575 434207 410 1 0.133447 8.90798e+06
57 315608 137682 911 0 0.248323 7.73453e+06
58 901682 262455 258 1 0.106335 7.89607e+06
59 729203 439130 399 1 0.137443 9.18852e+06
60 962888 1074298 183 1 0.0717054 7.11797e+06
61 1119446 273807 212 1 0.0838091 7.9901e+06
62 855854 1271139 371 1 0.113473 7.55365e+06
63 426732 36729 185 1 0.0433265 7.15165e+06
64 1209387 769202 54 1 0.0141028 2.06193e+06
65 954167 245394 138 1 0.0413828 7.19876e+06
66 111267 556204 275 1 0.106432 9.50585e+06
67 1243094 1169378 151 1 0.0525232 7.43755e+06
68 1371842 486453 235 1 0.0782268 8.51218e+06
69 5689 121742 282 1 0.101544 9.36784e+06
70 344060 115355 179 1 0.0589224 8.08676e+06
71 3642 264310 193 1 0.0692092 8.3866e+06
72 170493 738231 364 1 0.124329 8.59175e+06
73 391274 1039962 209 1 0.0645318 8.40903e+06
74 767767 705112 180 1 0.0453265 8.23171e+06
75 834511 80526 212 1 0.072815 7.84204e+06
76 905245 424876 267 1 0.105551 8.27231e+06
77 1195441 84513 315 1 0.102999 8.52665e+06
78 599076 1223515 245 1 0.0871269 7.46573e+06
79 955406 468843 129 1 0.0473835 7.45829e+06
80 181251 536514 141 1 0.0510066 7.5947e+06
81 30302 998830 340 1 0.132027 9.67709e+06
82 359719 1094070 116 1 0.0396444 7.23645e+06
83 1103060 604527 283 1 0.124621 7.93588e+06
84 688795 1045669 111 1 0.0265733 5.17719e+06
85 609062 1281670 323 1 0.119909 9.20612e+06
86 620430 754239 337 1 0.113824 8.55455e+06
87 898811 329109 121 1 0.0285954 4.54297e+06
88 515348 942582 318 1 0.0987654 8.02905e+06
89 1314150 455822 177 1 0.0766805 8.18618e+06
90 835071 897266 261 1 0.108349 9.08316e+06
91 102798 1136382 176 1 0.0588112 7.33771e+06
92 1249731 1257087 43 1 0.0118535 1.45239e+06
93 880867 1174815 307 1 0.0986977 8.26284e+06
94 1130952 91315 318 1 0.12754 7.70942e+06
95 962972 84306 130 1 0.0308989 5.36764e+06
96 246067 1249340 186 1 0.0661559 7.895e+06
97 262361 696976 32 1 0.00974766 692884
98 712355 467558 114 1 0.0349086 7.11819e+06
99 94140 1315194 180 1 0.0688748 7.85588e+06
max-ST-CON-level 911
min_time 0.00898956 s
max_time 0.248323 s
mean_time 0.0816067 s
stddev_time 0.0432696
min_CONPS                   4.02702 
max_CONPS                   111.24 
mean_CONPS                  20.1302 
stddev_CONPS                21.5725 
mean_ST, mean_time, stddev_ST: 20.1302, 0.0816067, 21.5725 
-----ST_CON_VISITED_NODES-----
min_visited, max_visited, mean_visited, stddev_visited: 4758, 1.37864e+06, 477865, 278895
