SCALE 16
Edgefactor 16.0
MPI-Nodes 1
Num-ST-CON=100
Filename graphs/symmetric/hugebubbles-00000.mtx.alt
Seed1 2074995868
Seed2 119909452
ST-CON-RUN RED-V BLUE-V DEPTH MN-FOUND TIME(Sec) TEPS
0 8436364 163752 2144 1 3.14009 4.87428e+06
1 3322364 432405 1476 1 2.09554 4.08852e+06
2 6040880 9608198 1276 1 1.83468 4.11029e+06
3 143252 13559140 1658 1 2.36053 3.76003e+06
4 3055405 8878456 2166 1 3.1489 5.39538e+06
5 3913762 12879555 816 1 1.14591 2.5786e+06
6 9851363 137446 1406 1 2.00067 3.56184e+06
7 15772703 17058457 1526 1 2.16755 3.91309e+06
8 178641 6143030 2595 1 3.7307 4.4097e+06
9 5006289 14630626 1797 1 2.59155 4.33718e+06
10 3760568 11074481 2255 1 3.25558 4.62091e+06
11 2011514 14147708 1802 1 2.61041 4.73345e+06
12 5066866 15035648 112 1 0.207635 247670
13 4246704 9711839 677 1 0.95015 2.25985e+06
14 1781146 15992987 791 1 1.11946 2.59777e+06
15 4699624 5037035 747 1 1.05032 2.44152e+06
16 6469872 16658240 1137 1 1.6308 3.45695e+06
17 7468941 11377198 2512 1 3.64332 4.8371e+06
18 12506302 16456890 2157 1 3.13002 5.20848e+06
19 7048527 11513220 991 1 1.41195 3.01346e+06
20 15625254 6825945 395 1 0.537145 1.25545e+06
21 2344813 8084576 1380 1 1.97502 3.32513e+06
22 17275835 7415449 1591 1 2.28465 4.42864e+06
23 16089641 4692705 2261 1 3.27136 4.55807e+06
24 10701360 16979109 2159 1 3.09157 4.63999e+06
25 12837743 6580104 1872 1 2.67194 4.47839e+06
26 4990472 12995590 1704 1 2.46184 4.46092e+06
27 1674999 6542743 1133 1 1.6273 3.81077e+06
28 8576596 7465267 620 1 0.866898 1.9105e+06
29 2880249 16709641 1372 1 1.97054 3.91922e+06
30 12164746 14056119 610 1 0.788933 1.50251e+06
31 10640793 8291979 1137 1 1.59988 3.0892e+06
32 15379452 9571173 1596 1 2.29805 4.72547e+06
33 8844290 11940868 1542 1 2.10263 2.69179e+06
34 8618486 11515639 1418 1 2.04394 4.35275e+06
35 12153984 15845245 1912 1 2.75703 4.59671e+06
36 12894028 14118256 877 1 1.24088 2.47333e+06
37 1660967 7054658 1783 1 2.54334 4.16592e+06
38 15081473 13696102 2972 1 4.27915 4.29266e+06
39 10729402 16772203 761 1 1.04326 2.06054e+06
40 6457620 11071814 2507 1 3.64266 4.62468e+06
41 11811991 9795766 1931 1 2.75997 4.17512e+06
42 1854589 16931244 1283 1 1.83642 3.42519e+06
43 12899490 9050242 3262 1 4.71305 4.80784e+06
44 2209591 17939667 1712 1 2.47791 4.84931e+06
45 10049981 2597299 828 1 1.14709 2.27027e+06
46 3685763 15577635 2964 1 4.31415 4.84293e+06
47 2098004 8742996 2900 1 4.17199 4.46715e+06
48 14587884 14475609 1106 1 1.58026 3.67589e+06
49 7677034 5479818 2568 1 3.72415 4.46551e+06
50 11329876 1295092 1572 1 2.2684 4.55036e+06
51 3573250 2154712 1699 1 2.44602 4.19635e+06
52 11644367 2906276 1601 1 2.26732 3.89245e+06
53 161025 5098983 1149 1 1.63963 3.19568e+06
54 2934828 8204303 2619 1 3.75614 4.38017e+06
55 2031357 9635571 1733 1 2.42932 3.58301e+06
56 16598455 5708317 2948 1 4.29053 4.62115e+06
57 4149154 1810037 3456 1 5.04494 4.88848e+06
58 11853978 3450367 1551 1 2.21403 3.70354e+06
59 9586483 5773031 2783 1 4.05692 5.18032e+06
60 12658620 14123267 932 1 1.2349 1.96768e+06
61 14716813 3599614 2875 1 4.1839 4.57421e+06
62 11251493 16711048 2006 1 2.90823 4.36012e+06
63 5610037 482865 529 1 0.731799 1.71974e+06
64 15899222 10112323 2288 1 3.29574 4.61217e+06
65 12543963 3226081 937 1 1.33512 3.00518e+06
66 1462785 7312146 1457 1 2.02369 2.9423e+06
67 16342346 15373243 2815 1 4.08089 5.62828e+06
68 18034933 6395164 96 1 0.18916 200825
69 74792 1600487 509 1 0.703201 1.66592e+06
70 4523195 1516520 1194 1 1.65532 2.52265e+06
71 47884 3474766 3511 1 5.06447 4.53181e+06
72 2241391 9705168 2109 1 3.07238 5.24149e+06
73 5143892 13671876 1991 1 2.89244 4.66978e+06
74 10093466 9269766 2410 1 3.48177 4.93963e+06
75 10970908 1058646 1382 1 1.98749 4.11249e+06
76 11900816 5585637 3095 1 4.48986 5.03801e+06
77 15715877 1111062 3296 1 4.76433 4.57182e+06
78 7875768 16084960 1177 1 1.60065 2.49339e+06
79 12560254 6163650 267 1 0.389358 778639
80 2382817 7053293 3043 1 4.43246 4.7489e+06
81 398375 13131132 1563 1 2.21851 3.91865e+06
82 4729058 14383207 2924 1 4.24479 4.76453e+06
83 14501389 7947424 1556 1 2.24773 3.89798e+06
84 9055258 13746907 1040 1 1.48956 3.51169e+06
85 8007037 16849491 1887 1 2.73615 4.76043e+06
86 8156497 9915611 1868 1 2.58203 3.05103e+06
87 11816235 4326638 1155 1 1.65447 3.31528e+06
88 6775029 12391662 1372 1 1.90601 3.04047e+06
89 17276492 5992470 2463 1 3.52077 4.74719e+06
90 10978273 11795925 2111 1 2.98172 4.17178e+06
91 1351445 14939461 3168 1 4.62338 4.75087e+06
92 16429605 16526313 853 1 1.14853 1.96718e+06
93 11580325 15444718 617 1 0.866294 2.00551e+06
94 14868076 1200483 1766 1 2.45631 3.256e+06
95 12659726 1108332 1509 1 2.14121 3.70424e+06
96 3234934 16424460 773 1 1.06946 2.0767e+06
97 3449135 9162805 1939 1 2.75849 3.95078e+06
98 9364986 6146756 1984 1 2.87247 4.75445e+06
99 1237620 17290210 950 1 1.34346 2.59483e+06
max-ST-CON-level 3511
min_time 0.18916 s
max_time 5.06447 s
mean_time 2.44841 s
stddev_time 1.18821
min_CONPS                   0.197454 
max_CONPS                   5.28653 
mean_CONPS                  0.623595 
stddev_CONPS                0.733346 
mean_ST, mean_time, stddev_ST: 0.623595, 2.44841, 0.733346 
-----ST_CON_VISITED_NODES-----
min_visited, max_visited, mean_visited, stddev_visited: 25385, 1.64455e+07, 6.8447e+06, 4.4218e+06
