SCALE 16
Edgefactor 16.0
MPI-Nodes 1
Num-ST-CON=100
Filename graphs/streets/netherlands_osm.mtx.txt.alt
Seed1 2010999458
Seed2 1444893892
ST-CON-RUN RED-V BLUE-V DEPTH MN-FOUND TIME(Sec) TEPS
0 1020889 19815 484 1 0.181267 4.56108e+06
1 402041 52325 325 1 0.0933067 3.47295e+06
2 731010 1162693 558 1 0.206569 5.54163e+06
3 17335 1640799 25 1 0.0161586 87260.2
4 369736 1074387 439 1 0.162408 4.7617e+06
5 473606 1558562 174 1 0.0538972 2.00558e+06
6 1192119 16632 529 1 0.234802 5.61722e+06
7 1908664 2064254 551 1 0.202947 4.69178e+06
8 21617 743371 224 1 0.0676588 2.94921e+06
9 605814 1770461 140 1 0.0447571 585069
10 455068 1340129 587 1 0.224985 4.99457e+06
11 243414 1712022 339 1 0.113422 3.60805e+06
12 613144 1819473 518 1 0.186208 3.83814e+06
13 513896 1175235 470 1 0.178061 4.58422e+06
14 215537 1935321 435 1 0.15558 5.16832e+06
15 568704 609534 446 1 0.147004 4.44898e+06
16 782923 2015823 1001 1 0.280397 4.68577e+06
17 903821 1376761 423 1 0.140771 4.31344e+06
18 1513395 1991458 386 1 0.125467 4.2645e+06
19 852946 1393221 434 1 0.159286 4.4107e+06
20 1890821 826011 510 1 0.195677 5.04071e+06
21 283747 978319 476 1 0.177967 4.67888e+06
22 2090559 897348 465 1 0.163825 4.75113e+06
23 1947017 567867 151 1 0.0477668 1.149e+06
24 1294978 2054652 702 1 0.246451 4.72511e+06
25 1553503 796262 414 1 0.135524 4.01649e+06
26 603900 1572604 514 1 0.181898 4.68457e+06
27 202692 791741 479 1 0.132715 2.85229e+06
28 1037859 903376 413 1 0.116689 4.05945e+06
29 348540 2022044 894 1 0.311111 5.24072e+06
30 1472063 1700939 377 1 0.144957 4.52227e+06
31 1287648 1003417 425 1 0.12612 4.48494e+06
32 1861076 1158213 458 1 0.168685 5.00674e+06
33 1070253 1444971 336 1 0.115404 3.45355e+06
34 1042928 1393514 446 1 0.139185 4.59008e+06
35 1470761 1917442 324 1 0.105991 3.76067e+06
36 1560314 1708458 424 1 0.163504 4.78901e+06
37 200994 853688 200 1 0.0605966 1.91196e+06
38 1825018 1657373 415 1 0.149776 4.75278e+06
39 1298371 2029614 601 1 0.226973 4.48392e+06
40 781440 1339807 346 1 0.0991839 3.66819e+06
41 1429376 1185391 302 1 0.0981463 3.70717e+06
42 224425 2048860 784 1 0.272114 4.3776e+06
43 1560975 1095175 353 1 0.112277 4.0932e+06
44 267384 2170890 319 1 0.100327 4.55029e+06
45 1216154 314300 740 1 0.199518 3.32994e+06
46 446016 1885059 452 1 0.176865 4.82491e+06
47 253880 1057995 279 1 0.081933 3.02672e+06
48 1765288 1751702 94 1 0.0334423 744447
49 929002 663116 456 1 0.147674 4.18557e+06
50 1371035 156719 383 1 0.125081 4.66133e+06
51 432401 260743 415 1 0.151712 5.20671e+06
52 1409092 351690 602 1 0.228894 5.02817e+06
53 19485 617031 311 1 0.104489 4.16305e+06
54 355145 992807 320 1 0.0917472 1.92291e+06
55 245815 1166006 245 1 0.0726114 2.41709e+06
56 2008589 690767 462 1 0.163145 4.86927e+06
57 502091 219033 334 1 0.101923 3.59646e+06
58 1434457 417531 418 1 0.153069 4.79496e+06
59 1160066 698598 161 1 0.05055 1.59887e+06
60 1531827 1709065 434 1 0.167829 4.67266e+06
61 1780890 435591 581 1 0.191127 4.77828e+06
62 1361550 2022214 477 1 0.162108 4.60975e+06
63 678874 58431 653 1 0.252452 5.18495e+06
64 1923974 1223698 539 1 0.208933 5.19083e+06
65 1517952 390390 320 1 0.100571 3.9595e+06
66 177012 884847 79 1 0.0297569 366638
67 1977597 1860325 186 1 0.0576901 2.51386e+06
68 2182418 773882 550 1 0.214665 5.15933e+06
69 9050 193675 341 1 0.11612 3.89834e+06
70 547354 183515 539 1 0.21125 5.29763e+06
71 5794 420483 166 1 0.0517246 1.36152e+06
72 271232 1174428 87 1 0.0316823 381159
73 622465 1654442 535 1 0.194878 5.16665e+06
74 1221416 1121740 657 1 0.207467 5.15064e+06
75 1327596 128107 452 1 0.169715 4.62928e+06
76 1440125 675921 236 1 0.0725871 2.43334e+06
77 1901788 134450 436 1 0.140678 4.47465e+06
78 953051 1946450 386 1 0.112066 4.45332e+06
79 1519924 745867 463 1 0.169548 5.59746e+06
80 288346 853523 420 1 0.162142 5.62079e+06
81 48207 1589006 168 1 0.052635 1.93882e+06
82 572266 1740520 155 1 0.0492103 1.37357e+06
83 1754822 961722 654 1 0.263021 5.86944e+06
84 1095782 1663521 585 1 0.17815 5.46667e+06
85 968936 2038967 904 1 0.30057 4.59157e+06
86 987022 1199894 916 1 0.33694 4.96445e+06
87 1429889 523569 181 1 0.0555341 1.45914e+06
88 819850 1499522 431 1 0.150249 4.33991e+06
89 2090638 725152 427 1 0.161005 4.51118e+06
90 1328487 1427432 330 1 0.104718 3.75007e+06
91 163539 1807833 229 1 0.0691409 3.60383e+06
92 1988156 1999859 238 1 0.0696807 1.62838e+06
93 1401342 1868974 331 1 0.111568 4.23645e+06
94 1799195 145271 245 1 0.0725052 2.0175e+06
95 1531961 134120 263 1 0.083695 3.59306e+06
96 391461 1987534 475 1 0.169126 4.87429e+06
97 417382 1108796 590 1 0.180795 4.76794e+06
98 1133262 743822 590 1 0.188565 4.48322e+06
99 149765 2092299 589 1 0.241243 5.57703e+06
max-ST-CON-level 1001
min_time 0.0161586 s
max_time 0.33694 s
mean_time 0.145138 s
stddev_time 0.0680812
min_CONPS                   2.96789 
max_CONPS                   61.8866 
mean_CONPS                  9.6143 
stddev_CONPS                8.02015 
mean_ST, mean_time, stddev_ST: 9.6143, 0.145138, 8.02015 
-----ST_CON_VISITED_NODES-----
min_visited, max_visited, mean_visited, stddev_visited: 1219, 1.52215e+06, 584467, 367341
