SCALE 16
Edgefactor 16.0
MPI-Nodes 1
Num-ST-CON=100
Filename graphs/dense/amazon0302.txt
Seed1 1793801076
Seed2 717994738
ST-CON-RUN RED-V BLUE-V DEPTH MN-FOUND TIME(Sec) TEPS
0 120714 2343 4 1 0.00191429 754325
1 47539 6187 4 1 0.00139409 926768
2 86438 137482 4 1 0.00140772 801293
3 2049 194016 4 1 0.00144469 3.73576e+06
4 43719 127040 4 1 0.00142205 1.64551e+06
5 56001 184291 5 1 0.0016141 2.81643e+06
6 140961 1966 5 1 0.00164176 4.11571e+06
7 225689 244087 4 1 0.00218342 6.29379e+06
8 2556 87899 3 1 0.00130338 383619
9 71634 209347 3 1 0.00127426 157738
10 53809 158463 4 1 0.00145214 4.56086e+06
11 28782 202437 4 1 0.00140914 840941
12 72501 215143 5 1 0.00159439 1.89226e+06
13 60765 138965 3 1 0.0012468 198909
14 25486 228841 4 1 0.00142803 1.87531e+06
15 67246 72074 4 1 0.00144343 3.45704e+06
16 92576 238360 5 1 0.00162805 4.8033e+06
17 106872 162794 5 1 0.00235511 7.5487e+06
18 178951 235479 5 1 0.00163423 2.71014e+06
19 100856 164741 6 1 0.00178585 3.14024e+06
20 223579 97671 4 1 0.00144625 428694
21 33551 115681 6 1 0.00215803 5.52496e+06
22 247197 106106 7 1 0.00259084 1.5774e+07
23 230224 67147 4 1 0.00141586 1.84694e+06
24 153124 242951 5 1 0.00155408 1.64921e+06
25 183693 94153 4 1 0.00137995 785536
26 71408 185952 4 1 0.00143298 1.08934e+06
27 23967 93619 4 1 0.00138084 1.59323e+06
28 122721 106819 4 1 0.00138423 983217
29 41213 239096 6 1 0.00203648 5.77812e+06
30 174063 201127 4 1 0.00138167 1.25862e+06
31 152257 118648 4 1 0.00138477 4.39569e+06
32 220062 136952 3 1 0.00120991 595087
33 126551 170860 4 1 0.00138052 685974
34 123320 164775 4 1 0.00138054 1.73048e+06
35 173909 226727 5 1 0.00154135 2.23116e+06
36 184499 202016 6 1 0.00237766 1.60435e+07
37 23766 100944 6 1 0.00234809 7.12793e+06
38 215798 195975 7 1 0.00273679 1.11408e+07
39 153525 239991 5 1 0.00154672 2.86735e+06
40 92401 158425 5 1 0.00154681 2.08752e+06
41 169016 140166 4 1 0.00137448 670071
42 26537 242267 5 1 0.00185918 5.62291e+06
43 184577 129498 5 1 0.00220227 1.1589e+07
44 31616 256696 4 1 0.00141641 757549
45 143803 37164 4 1 0.00139925 2.99518e+06
46 52739 222898 4 1 0.00142402 829343
47 30020 125102 5 1 0.00155723 4.52022e+06
48 208736 207129 4 1 0.00122931 1.63099e+06
49 109849 78410 7 1 0.00250059 5.86542e+06
50 162117 18531 5 1 0.00216345 5.78704e+06
51 51129 30831 4 1 0.00139493 2.21158e+06
52 166617 41585 5 1 0.00155608 2.71452e+06
53 2304 72960 5 1 0.00156646 5.30241e+06
54 41994 117394 4 1 0.0014076 5.64861e+06
55 29066 137874 5 1 0.00156304 1.93277e+06
56 237505 81679 6 1 0.00170197 1.89604e+06
57 59369 25899 3 1 0.001209 159636
58 169617 49370 4 1 0.00138286 1.02324e+06
59 137171 82605 4 1 0.00137041 469934
60 181130 202088 6 1 0.00168743 878853
61 210581 51506 6 1 0.00241983 1.9584e+07
62 160996 239116 4 1 0.00139494 1.22442e+06
63 80273 6909 4 1 0.00134111 2.88641e+06
64 227499 144695 5 1 0.0015239 1.43973e+06
65 179489 46161 4 1 0.00202963 8.68236e+06
66 20930 104628 4 1 0.00137845 1.23835e+06
67 233840 219973 7 1 0.00300388 4.43413e+07
68 258059 91507 5 1 0.00157929 1.90276e+06
69 1070 22901 3 1 0.0012184 494912
70 64721 21699 4 1 0.00137179 555477
71 685 49719 3 1 0.00122744 1.72472e+06
72 32071 138870 4 1 0.00139669 3.41165e+06
73 73603 195629 5 1 0.00156343 3.97714e+06
74 144426 132639 4 1 0.00137761 1.12223e+06
75 156981 15148 6 1 0.00156153 3.80332e+06
76 170287 79924 6 1 0.0023204 5.28357e+06
77 224876 15898 5 1 0.00157736 5.60938e+06
78 112693 230157 3 1 0.00122733 881591
79 179723 88194 6 1 0.00171268 3.29658e+06
80 34095 100924 3 1 0.00122781 2.28129e+06
81 5700 187891 5 1 0.00155123 3.53527e+06
82 67667 205807 4 1 0.00139257 3.07274e+06
83 207498 113718 6 1 0.0023236 5.37357e+06
84 129570 196702 4 1 0.00136123 613416
85 114571 241097 5 1 0.00155567 1.61731e+06
86 116710 141881 5 1 0.00153859 1.03276e+06
87 169077 61909 5 1 0.00218572 6.36862e+06
88 96943 177310 6 1 0.00233171 6.85248e+06
89 247207 85745 5 1 0.00158716 5.37816e+06
90 157086 168786 5 1 0.00154408 5.55346e+06
91 19337 213766 4 1 0.00136945 3.67008e+06
92 235089 236472 5 1 0.00155766 4.95231e+06
93 165701 220996 4 1 0.00137734 1.5951e+06
94 212745 17177 5 1 0.00155352 1.38524e+06
95 181146 15858 4 1 0.00140632 2.69426e+06
96 46288 235015 3 1 0.00120672 237835
97 49353 131109 3 1 0.00123447 528972
98 134002 87953 5 1 0.001546 3.2057e+06
99 17708 247403 5 1 0.00156551 4.465e+06
max-ST-CON-level 7
min_time 0.00120672 s
max_time 0.00300388 s
mean_time 0.00161799 s
stddev_time 0.000382626
min_CONPS                   332.903 
max_CONPS                   828.695 
mean_CONPS                  645.519 
stddev_CONPS                120.367 
mean_ST, mean_time, stddev_ST: 645.519, 0.00161799, 120.367 
-----ST_CON_VISITED_NODES-----
min_visited, max_visited, mean_visited, stddev_visited: 54, 36510, 1992.53, 4097.18
