SCALE 16
Edgefactor 16.0
MPI-Nodes 1
Num-ST-CON=100
Graph-type RMAT
Seed1 670021781
Seed2 1422323141
ST-CON-RUN RED-V BLUE-V DEPTH MN-FOUND TIME(Sec) TEPS
0 11886 50287 2 1 0.00061817 3.07796e+07
1 512 29665 2 1 0.000649028 5.29191e+07
2 10931 34242 2 1 0.000638887 566611
3 14002 41198 1 1 0.000440591 460745
4 35244 56688 2 1 0.000613054 1.3237e+07
5 56429 60005 2 1 0.000601749 8.90521e+07
6 639 39611 2 1 0.000615946 1.18796e+08
7 17910 35045 2 1 0.000613511 1.29272e+07
8 13454 60574 2 1 0.00058828 7.51003e+06
9 7196 64181 1 1 0.000415067 1.83127e+07
10 18127 9292 2 1 0.000609009 1.5607e+08
11 15193 31279 2 1 0.000594823 3.67118e+07
12 16813 19604 1 1 0.000442518 1.40107e+06
13 23146 10397 2 1 0.000581896 1.20984e+06
14 26721 18242 2 1 0.000616872 4.2816e+07
15 44743 34472 1 1 0.000414595 3.72412e+06
16 55901 12344 2 1 0.000607981 2.25501e+06
17 8388 20653 2 1 0.000592699 3.57095e+07
18 61806 50528 2 1 0.000572101 5.92203e+06
19 57563 12878 2 1 0.000605757 1.12042e+07
20 38285 1727 2 1 0.000615533 9.8565e+06
21 45929 11541 1 1 0.000447911 2.01156e+06
22 17854 55000 2 1 0.00061128 1.28763e+07
23 5992 5725 2 1 0.000582334 1.20103e+07
24 10304 5425 2 1 0.000624633 1.69764e+07
25 43521 12431 2 1 0.000674199 5.05489e+06
26 38069 34721 2 1 0.000625253 4.31857e+07
27 31641 33164 2 1 0.000614493 1.62248e+07
28 30833 3787 3 1 0.000817209 3.05075e+07
29 43482 19983 2 1 0.000651268 5.66326e+07
30 46130 3974 1 1 0.000442949 641157
31 5942 57546 1 1 0.000440274 2.94362e+06
32 53956 25234 1 1 0.000443536 4.5498e+06
33 38386 46978 2 1 0.000616895 7.05015e+07
34 42259 51458 2 1 0.000587162 5.64751e+06
35 6635 28433 2 1 0.000591521 1.94549e+07
36 46149 60281 2 1 0.000588088 1.65417e+07
37 7905 35474 2 1 0.000611641 5.74847e+07
38 35955 15479 1 1 0.000415743 5.92433e+06
39 13186 44333 1 1 0.000439107 1.72418e+07
40 7505 21438 1 1 0.000417384 4.54497e+06
41 52190 42201 2 1 0.000592653 7.67481e+07
42 27465 53448 2 1 0.000623277 1.94103e+07
43 40534 59125 2 1 0.000609037 8.2573e+06
44 41659 55255 2 1 0.000614186 1.7861e+07
45 576 3965 2 1 0.000611836 1.53129e+07
46 10499 58761 2 1 0.000616035 6.648e+07
47 7267 21990 2 1 0.000611734 6.5437e+06
48 59383 61858 2 1 0.000624881 6.93972e+07
49 14844 52911 1 1 0.000443169 3.98042e+06
50 42409 33614 2 1 0.000582023 1.72038e+07
51 34297 38147 2 1 0.000590741 1.87561e+06
52 45288 65310 1 1 0.000429249 4.37741e+06
53 52651 19107 2 1 0.000588647 5.55171e+06
54 40253 31935 2 1 0.000601717 7.73653e+07
55 20070 54800 2 1 0.000579442 4.62652e+07
56 56881 23789 2 1 0.000589558 1.03264e+07
57 5233 18239 2 1 0.000610161 2.55375e+07
58 58467 29001 2 1 0.000594311 6.59082e+06
59 64522 53361 2 1 0.000603196 2.59402e+07
60 16182 13780 2 1 0.000612228 8.18323e+06
61 8018 16135 2 1 0.000592491 1.51564e+07
62 18403 54342 2 1 0.000576478 1.77977e+06
63 36110 40733 2 1 0.000592747 4.05907e+06
64 28176 16890 2 1 0.000593147 3.38432e+07
65 1425 28729 2 1 0.000596699 2.46221e+07
66 16918 49021 2 1 0.000596636 3.15435e+06
67 32396 14675 2 1 0.000648955 6.06344e+07
68 28646 62767 2 1 0.000593809 1.56869e+07
69 29181 64896 2 1 0.000593458 5.86394e+06
70 42274 17717 2 1 0.000594825 4.01294e+07
71 24238 23338 2 1 0.000590409 6.6564e+06
72 61809 51348 1 1 0.000407541 2.67458e+06
73 39276 15156 2 1 0.000573694 3.46021e+07
74 4835 15653 2 1 0.000604298 3.44002e+07
75 58779 41912 2 1 0.000632092 4.76671e+06
76 53192 26986 2 1 0.000622921 1.50452e+07
77 11573 39337 2 1 0.000580696 2.01999e+06
78 33504 12103 2 1 0.00059909 2.44404e+07
79 585 32085 2 1 0.000596156 3.38502e+06
80 1546 55376 2 1 0.000573164 3.19245e+07
81 34374 56731 2 1 0.000558543 3.42462e+07
82 48509 35007 2 1 0.000570992 2.11702e+07
83 46078 48462 2 1 0.000572565 1.92555e+07
84 61029 12438 2 1 0.000598935 7.85845e+07
85 21977 46257 2 1 0.000592615 2.9547e+06
86 52343 29670 2 1 0.000582679 2.44303e+07
87 50615 21909 2 1 0.000602238 3.90311e+07
88 53792 39683 2 1 0.000598985 1.82008e+07
89 57217 38698 2 1 0.000610048 6.71914e+07
90 40703 51734 2 1 0.000599003 1.04707e+07
91 58877 21520 2 1 0.000597025 1.20564e+07
92 24420 4471 1 1 0.000434078 101364
93 28923 41081 2 1 0.000610926 1.17788e+07
94 26529 26997 2 1 0.000597665 1.97201e+07
95 16788 56526 2 1 0.000584673 7.11509e+06
96 60745 16247 2 1 0.000594384 3.02835e+06
97 46493 20542 2 1 0.000593964 1.10697e+07
98 23407 39614 2 1 0.000582861 2.82469e+07
99 59781 35542 2 1 0.000595501 1.52947e+07
max-ST-CON-level 3
min_time 0.000407541 s
max_time 0.000817209 s
mean_time 0.00057856 s
stddev_time 6.82863e-05
min_CONPS                   1223.68 
max_CONPS                   2453.74 
mean_CONPS                  1756.99 
stddev_CONPS                247.831 
mean_ST, mean_time, stddev_ST: 1756.99, 0.00057856, 247.831 
-----ST_CON_VISITED_NODES-----
min_visited, max_visited, mean_visited, stddev_visited: 3, 248, 30.74, 39.0831
