SCALE 16
Edgefactor 16.0
MPI-Nodes 1
Num-ST-CON=100
Filename graphs/dense/soc-LiveJournal1.txt
Seed1 1103395107
Seed2 765058835
ST-CON-RUN RED-V BLUE-V DEPTH MN-FOUND TIME(Sec) TEPS
0 2232534 43334 2 1 0.0345454 93760.7
1 879204 114428 2 1 0.0221657 52062.4
2 1598611 2542639 3 1 0.0226404 360064
3 37909 3588185 3 1 0.0225794 121305
4 808558 2349525 3 1 0.0227736 1.50683e+06
5 1035707 3408345 3 1 0.0226661 3.36596e+06
6 2606988 36372 3 1 0.0225822 370824
7 4173966 4514218 4 1 0.0229885 714009
8 47274 1625644 3 1 0.0236083 5.32631e+06
9 1324825 3871735 3 1 0.0226767 2.31343e+06
10 995167 2930664 3 1 0.022521 141823
11 532311 3743940 3 1 0.0227195 3.88781e+06
12 1340856 3978917 3 1 0.0224876 424634
13 1123814 2570066 3 1 0.0227305 1.6056e+06
14 471348 4232260 3 1 0.0225594 532284
15 1243672 1332962 3 1 0.023933 2.89465e+07
16 1712136 4408307 4 1 0.0278008 8.91031e+07
17 1976522 3010773 3 1 0.0225519 465504
18 3309571 4355024 4 1 0.0229243 869646
19 1865267 3046769 3 1 0.0225522 148411
20 4134946 1806365 3 1 0.0226317 377567
21 620513 2139439 3 1 0.0230098 3.53976e+06
22 4571743 1962367 3 1 0.0221544 394910
23 4257838 1241841 3 1 0.0225386 354547
24 2831925 4493219 4 1 0.0254735 1.43558e+08
25 3397281 1741307 3 1 0.0227261 1.30678e+06
26 1320639 3439052 3 1 0.022733 2.12048e+06
27 443258 1731420 2 1 0.0220809 160818
28 2269644 1975550 3 1 0.0225599 1.03143e+06
29 762206 4421910 4 1 0.0230329 534714
30 3219184 3719702 3 1 0.0225748 310169
31 2815897 2194325 3 1 0.0222627 362805
32 4069899 2532841 3 1 0.0225208 252477
33 2340484 3159938 3 1 0.022607 677534
34 2280729 3047409 3 1 0.0226316 146344
35 3216336 4193163 4 1 0.0230304 1.14514e+06
36 3412175 3736146 4 1 0.0230392 963751
37 439545 1866890 3 1 0.0226311 4.32653e+06
38 3991044 3624430 3 1 0.0225191 59416.2
39 2839346 4438466 3 1 0.0241063 2.76866e+07
40 1708894 2929959 2 1 0.0221379 11428.3
41 3125833 2592275 3 1 0.0226215 315408
42 490784 4480553 3 1 0.0225784 516999
43 3413621 2394985 3 1 0.022513 283880
44 584729 4747414 4 1 0.0242695 8.00329e+06
45 2659549 687329 3 1 0.0225349 441759
46 975371 4122344 3 1 0.0236322 3.00053e+06
47 555199 2313678 2 1 0.0223082 1.34359e+06
48 3860424 3830713 3 1 0.0226177 122559
49 2031590 1450136 3 1 0.0236844 4.99482e+06
50 2998250 342723 3 1 0.0226121 368342
51 945597 570206 2 1 0.0222141 145223
52 3081475 769094 3 1 0.0235327 4.38517e+06
53 42612 1349355 2 1 0.0221709 58770.8
54 776650 2171123 3 1 0.0226352 1.69661e+06
55 537562 2549883 2 1 0.0223265 59077.7
56 4392486 1510604 3 1 0.0225289 230105
57 1098000 478994 2 1 0.0222688 33320.2
58 3136944 913078 3 1 0.022614 3.0952e+06
59 2536892 1527730 3 1 0.0226127 765276
60 3349879 3737472 3 1 0.0226669 62425.9
61 3894543 952574 3 1 0.0228587 2.14094e+06
62 2977508 4422282 3 1 0.0225521 385464
63 1484596 127781 3 1 0.0225938 240597
64 4207446 2676047 3 1 0.0225273 490028
65 3319537 853725 3 1 0.0226397 1.54596e+06
66 387100 1935029 3 1 0.0236631 4.51712e+06
67 4324711 4068256 4 1 0.0241698 1.36938e+07
68 4772625 1692366 4 1 0.0244535 1.13762e+07
69 19792 423540 3 1 0.0226936 1.86453e+06
70 1196983 401320 3 1 0.0239458 1.03496e+07
71 12671 919535 3 1 0.0237086 4.46268e+06
72 593144 2568300 3 1 0.0236989 6.87866e+06
73 1361239 3618019 3 1 0.0239664 4.95e+07
74 2671056 2453079 3 1 0.0225382 277307
75 2903256 280152 3 1 0.0227119 1.23843e+06
76 3149339 1478139 3 1 0.022677 3.18076e+06
77 4158928 294022 3 1 0.0226742 1.72407e+06
78 2084182 4256599 3 1 0.0226077 403712
79 3323848 1631100 3 1 0.0223261 488980
80 630570 1866529 3 1 0.0229504 4.1764e+06
81 105422 3474921 3 1 0.0240007 3.64026e+07
82 1251461 3806260 3 1 0.0225075 293058
83 3837535 2103144 3 1 0.0235345 7.94354e+06
84 2396313 3637875 4 1 0.0250674 8.98488e+07
85 2118920 4458918 3 1 0.0235541 1.40186e+07
86 2158472 2623990 3 1 0.0226617 590775
87 3126957 1144968 3 1 0.0234525 1.13187e+07
88 1792891 3279233 3 1 0.0233534 8.0467e+06
89 4571917 1585800 3 1 0.0236297 3.91758e+06
90 2905205 3121582 3 1 0.0225717 453576
91 357636 3953463 3 1 0.0238286 1.3858e+07
92 4347803 4373395 4 1 0.0229808 543236
93 3064527 4087170 3 1 0.0225695 192516
94 3934572 317686 3 1 0.0237438 4.83654e+06
95 3350171 293300 3 1 0.0225639 209405
96 856067 4346441 3 1 0.0226792 1.18249e+06
97 912752 2424774 3 1 0.0226718 2.97096e+06
98 2478277 1626629 2 1 0.0220359 76193.9
99 327514 4575547 3 1 0.0235175 6.09381e+06
max-ST-CON-level 4
min_time 0.0220359 s
max_time 0.0345454 s
mean_time 0.0230883 s
stddev_time 0.00141301
min_CONPS                   28.9474 
max_CONPS                   45.3806 
mean_CONPS                  43.4336 
stddev_CONPS                2.03497 
mean_ST, mean_time, stddev_ST: 43.4336, 0.0230883, 2.03497 
-----ST_CON_VISITED_NODES-----
min_visited, max_visited, mean_visited, stddev_visited: 19, 88343, 3799.88, 11331.5
