SCALE 16
Edgefactor 16.0
MPI-Nodes 1
Num-ST-CON=100
Filename graphs/dense/email-EuAll.txt
Seed1 1321428086
Seed2 1389853824
ST-CON-RUN RED-V BLUE-V DEPTH MN-FOUND TIME(Sec) TEPS
0 122143 2370 2 1 0.00157702 88140.8
1 48102 6260 2 1 0.00102903 186583
2 87461 139110 2 1 0.00102546 641665
3 2074 196312 2 1 0.00103287 153940
4 44236 128544 3 1 0.00125443 3.33459e+06
5 56664 186473 2 1 0.00103054 164961
6 142630 1989 2 1 0.00103062 454098
7 228361 246976 11 0 0.00513078 6.64218e+07
8 2586 88940 2 1 0.000993189 64438.9
9 72482 211826 2 1 0.0012443 172787
10 54446 160339 2 1 0.00103262 227577
11 29123 204834 2 1 0.00103459 37696.1
12 73359 217690 2 1 0.00107384 96848.5
13 61484 140610 11 0 0.00516273 6.60108e+07
14 25787 231550 2 1 0.000992366 188439
15 68042 72927 2 1 0.00103289 56153.3
16 93672 241182 2 1 0.00106886 134723
17 108137 164722 2 1 0.00103311 36782
18 181069 238267 3 1 0.0018741 7.16238e+06
19 102050 166691 3 1 0.00120807 3.42614e+06
20 226226 98827 2 1 0.00105434 303509
21 33948 117050 2 1 0.00104304 489913
22 250124 107362 2 1 0.00103886 520764
23 232950 67942 2 1 0.0010304 119371
24 154937 245828 2 1 0.00104218 92114.8
25 185868 95268 2 1 0.0010533 143359
26 72253 188153 11 0 0.00542878 6.31162e+07
27 24251 94727 2 1 0.000995963 312261
28 124174 108084 11 0 0.00499602 6.82212e+07
29 41701 241926 2 1 0.00100447 45795.2
30 176124 203508 2 1 0.00104959 78126.1
31 154060 120053 12 0 0.00568841 5.99106e+07
32 222667 138574 11 0 0.00509597 6.68756e+07
33 128050 172883 11 0 0.00506778 6.72478e+07
34 124780 166726 2 1 0.000993906 519164
35 175968 229411 2 1 0.000928966 96881.9
36 186683 204407 2 1 0.00103519 52164.1
37 24047 102139 12 0 0.00569891 5.98002e+07
38 218353 198295 2 1 0.00102127 285918
39 155343 242832 11 0 0.00523485 6.51016e+07
40 93495 160300 11 0 0.00539799 6.31341e+07
41 171017 141825 2 1 0.000989828 101028
42 26851 245135 3 1 0.00205611 4.12187e+06
43 186762 131031 11 0 0.00510969 6.6696e+07
44 31991 259735 2 1 0.00102569 543047
45 145506 37604 3 1 0.00121812 4.01684e+06
46 53363 225537 2 1 0.00104008 140374
47 30375 126583 2 1 0.00103698 25072.9
48 211207 209581 2 0 0.00102711 1947.21
49 111150 79338 2 1 0.001008 504962
50 164036 18750 2 1 0.0010396 526165
51 51734 31196 11 0 0.00512926 6.64422e+07
52 168590 42077 2 1 0.000995945 338372
53 2331 73824 2 1 0.00105356 101561
54 42491 118784 2 1 0.001044 117816
55 29410 139506 2 1 0.00105253 307829
56 240316 82646 2 1 0.00104499 62201.3
57 60072 26206 2 1 0.0010484 291873
58 171625 49955 2 1 0.00103686 142739
59 138795 83583 2 1 0.00107382 42837.9
60 183274 204480 2 1 0.00105496 124176
61 213073 52116 2 1 0.0010438 17244.8
62 162902 241947 2 1 0.00104094 40348.3
63 81223 6991 2 1 0.00103336 67740
64 230193 146408 2 1 0.00104043 43251.5
65 181614 46708 2 1 0.000905832 190985
66 21178 105867 3 1 0.00122028 4.51862e+06
67 236608 222577 3 1 0.0012185 3.55354e+06
68 261114 92590 2 1 0.0010509 238844
69 1082 23172 2 1 0.0010536 4.05372e+06
70 65488 21956 2 1 0.00103363 171242
71 693 50308 2 1 0.00108722 7.03904e+06
72 32451 140514 11 0 0.00543348 6.27215e+07
73 74474 197945 2 1 0.000992464 148116
74 146135 134210 2 1 0.00105204 349796
75 158839 15327 2 1 0.00102209 29351.7
76 172303 80870 11 0 0.00540398 6.30639e+07
77 227538 16086 11 0 0.00517201 6.58924e+07
78 114027 232882 2 1 0.000997374 93244.9
79 181850 89238 11 0 0.00557835 6.10926e+07
80 34499 102119 2 1 0.000998701 235306
81 5767 190116 2 1 0.00103312 108409
82 68468 208243 11 0 0.00516055 6.60389e+07
83 209954 115064 11 0 0.0052529 6.4878e+07
84 131104 199031 11 0 0.00538838 6.32491e+07
85 115928 243951 2 1 0.00100352 528140
86 118091 143560 2 1 0.00102481 17564.3
87 171078 62642 2 1 0.00104589 62148.1
88 98090 179409 11 0 0.00515649 6.60907e+07
89 250133 86760 2 1 0.000996092 100392
90 158946 170784 2 1 0.00103724 220779
91 19566 216297 2 1 0.00102118 458295
92 237872 239272 2 1 0.00106527 26284.3
93 167663 223612 2 1 0.00103784 222579
94 215263 17380 2 1 0.00104225 42216.5
95 183290 16046 12 0 0.00537586 6.33938e+07
96 46836 237797 10 0 0.0052244 6.54941e+07
97 49937 132661 2 1 0.000996514 519812
98 135588 88994 11 0 0.00544087 6.26364e+07
99 17918 250332 2 1 0.000937283 218717
max-ST-CON-level 12
min_time 0.000905832 s
max_time 0.00569891 s
mean_time 0.00204467 s
stddev_time 0.00179266
min_CONPS                   175.472 
max_CONPS                   1103.96 
mean_CONPS                  771.426 
stddev_CONPS                330.749 
mean_ST, mean_time, stddev_ST: 771.426, 0.00204467, 330.749 
-----ST_CON_VISITED_NODES-----
min_visited, max_visited, mean_visited, stddev_visited: 4, 226682, 51956.1, 95044.4
