SCALE 16
Edgefactor 16.0
MPI-Nodes 1
Num-ST-CON=100
Filename graphs/dense/soc-Slashdot0811.txt
Seed1 318454346
Seed2 176029317
ST-CON-RUN RED-V BLUE-V DEPTH MN-FOUND TIME(Sec) TEPS
0 35628 691 2 1 0.000603149 1.29984e+06
1 14030 1826 1 1 0.000406902 203980
2 25511 40577 2 1 0.000565888 194385
3 604 57262 2 1 0.000561623 1.71111e+06
4 12903 37495 2 1 0.000559086 1.07676e+06
5 16528 54392 2 1 0.000566048 1.7896e+06
6 41604 580 2 1 0.00056784 3.7581e+06
7 66611 72041 3 1 0.000715923 2.46116e+06
8 754 25943 2 1 0.000560303 638940
9 21142 61787 2 1 0.000559591 2.76095e+06
10 15881 46769 2 1 0.000559496 561219
11 8495 59748 2 1 0.000560069 1.10344e+06
12 21398 63498 2 1 0.000587071 952185
13 17934 41014 2 1 0.000558353 372524
14 7522 67541 2 1 0.000558291 302710
15 19847 21272 2 1 0.000557115 332068
16 27323 70350 3 1 0.000731906 2.43337e+07
17 31542 48048 2 1 0.000562808 1.38946e+06
18 52816 69500 2 1 0.000563054 253972
19 29767 48622 3 1 0.000761146 2.10117e+07
20 65988 28827 3 1 0.000720764 2.91635e+06
21 9902 34142 2 1 0.000562684 2.72266e+06
22 72959 31316 3 1 0.00132683 3.11509e+07
23 67949 19818 3 1 0.000732205 1.20103e+07
24 45193 71705 2 1 0.000563233 470498
25 54216 27789 2 1 0.00056846 645604
26 21075 54882 3 1 0.000734036 1.63221e+07
27 7073 27631 2 1 0.000560168 217792
28 36220 31527 2 1 0.000560026 2.05526e+06
29 12163 70567 2 1 0.000558906 338161
30 51374 59361 2 1 0.000563451 851893
31 44938 35018 2 1 0.000560689 1.81562e+06
32 64950 40420 3 1 0.000721922 6.47161e+06
33 37351 50428 2 1 0.000560546 1.49497e+06
34 36397 48632 2 1 0.000560962 515187
35 51328 66917 3 1 0.000729262 9.44928e+06
36 54453 59624 2 1 0.000563663 424012
37 7014 29793 2 1 0.000561241 1.56439e+06
38 63691 57841 3 1 0.000729331 1.37921e+07
39 45312 70832 2 1 0.000565681 689435
40 27271 46758 2 1 0.000563987 670228
41 49884 41369 2 1 0.000563971 553220
42 7832 71503 2 1 0.000567437 1.2093e+07
43 54476 38220 2 1 0.000562321 906955
44 9331 75762 2 1 0.000564311 1.8784e+06
45 42442 10968 2 1 0.000590623 1.28e+06
46 15565 65787 2 1 0.000564722 2.40826e+06
47 8860 36923 2 1 0.000564118 3.03305e+06
48 61607 61133 2 1 0.000562508 188442
49 32421 23142 2 1 0.000565204 1.77812e+06
50 47848 5469 2 1 0.000563347 342595
51 15090 9099 2 1 0.000572013 1.79174e+07
52 49176 12273 2 1 0.000563535 436530
53 680 21533 2 1 0.000561167 1.51114e+06
54 12394 34648 2 1 0.000565739 585076
55 8578 40692 2 1 0.000566172 6.8919e+06
56 70098 24107 2 1 0.000563788 807041
57 17522 7644 2 1 0.000563319 3.31961e+06
58 50061 14571 2 1 0.000562532 1.23193e+06
59 40485 24380 2 1 0.000563313 750915
60 53459 59645 3 1 0.000720004 4.40414e+06
61 62151 15201 2 1 0.000561605 991800
62 47517 70573 3 1 0.00074142 1.91511e+07
63 23692 2039 2 1 0.000567429 2.44083e+06
64 67145 42706 2 1 0.000569369 230079
65 52975 13624 2 1 0.000574927 1.61812e+07
66 6177 30880 2 1 0.000598214 1.04812e+07
67 69016 64924 3 1 0.000738095 2.56065e+06
68 76164 27007 2 1 0.000566788 3.03817e+06
69 315 6759 2 1 0.000562852 74620
70 19102 6404 2 1 0.000567893 2.38249e+06
71 202 14674 2 1 0.000592759 8.48068e+06
72 9465 40986 2 1 0.000568228 1.11786e+07
73 21723 57738 3 1 0.000790462 1.01861e+08
74 42626 39147 2 1 0.000566686 1.00408e+06
75 46332 4470 2 1 0.000561808 2.96543e+06
76 50259 23589 2 1 0.00056348 617591
77 66371 4692 2 1 0.000563827 2.50254e+06
78 33260 67929 3 1 0.000732914 1.28132e+07
79 53044 26030 3 1 0.000724169 3.77398e+06
80 10063 29787 2 1 0.000567842 1.75753e+06
81 1682 55455 2 1 0.000562294 810963
82 19971 60743 2 1 0.000564913 237205
83 61242 33563 2 1 0.000562518 410653
84 38242 58055 2 1 0.00056782 662182
85 33815 71158 3 1 0.000720548 2.62578e+06
86 34446 41875 2 1 0.000565444 447436
87 49902 18272 3 1 0.000727551 3.99835e+06
88 28612 52332 2 1 0.000566887 248727
89 72961 25307 3 1 0.000733642 1.20399e+07
90 46363 49816 3 1 0.000762971 8.30962e+06
91 5707 63092 2 1 0.000564344 2.16357e+06
92 69385 69793 2 1 0.000563485 459639
93 48905 65225 3 1 0.000729613 5.9977e+06
94 62790 5069 2 1 0.000565094 3.03843e+06
95 53464 4680 2 1 0.000572723 1.53198e+07
96 13661 69363 2 1 0.000564847 2.04657e+06
97 14566 38696 2 1 0.000569848 6.78953e+06
98 39550 25958 2 1 0.000598272 494758
99 5226 73019 2 1 0.000572338 1.70249e+07
max-ST-CON-level 3
min_time 0.000406902 s
max_time 0.00132683 s
mean_time 0.000606198 s
stddev_time 0.000101779
min_CONPS                   753.675 
max_CONPS                   2457.59 
mean_CONPS                  1681.58 
stddev_CONPS                204.484 
mean_ST, mean_time, stddev_ST: 1681.58, 0.000606198, 204.484 
-----ST_CON_VISITED_NODES-----
min_visited, max_visited, mean_visited, stddev_visited: 3, 2548, 111.28, 353.536
