SCALE 16
Edgefactor 16.0
MPI-Nodes 1
Num-ST-CON=100
Filename graphs/dense/amazon0302.txt
Seed1 1931082208
Seed2 86140298
ST-CON-RUN RED-V BLUE-V DEPTH MN-FOUND TIME(Sec) TEPS
0 120714 2343 4 1 0.0019491 740855
1 47539 6187 4 1 0.0013736 940591
2 86438 137482 4 1 0.0013707 822938
3 2049 194016 4 1 0.00143627 3.75765e+06
4 43719 127040 4 1 0.0013793 1.69651e+06
5 56001 184291 5 1 0.00158 2.87467e+06
6 140961 1966 5 1 0.00178272 3.79307e+06
7 225689 244087 4 1 0.002158 6.37024e+06
8 2556 87899 3 1 0.0012352 404792
9 71634 209347 3 1 0.00120099 167362
10 53809 158463 4 1 0.00143739 4.60765e+06
11 28782 202437 4 1 0.00138182 857564
12 72501 215143 5 1 0.00155404 1.94203e+06
13 60765 138965 3 1 0.00121345 204376
14 25486 228841 4 1 0.00143895 1.86386e+06
15 67246 72074 4 1 0.00162093 3.08341e+06
16 92576 238360 5 1 0.00160891 4.86104e+06
17 106872 162794 5 1 0.00215693 8.24225e+06
18 178951 235479 5 1 0.00149239 2.96504e+06
19 100856 164741 6 1 0.00167264 3.35278e+06
20 223579 97671 4 1 0.00133823 466287
21 33551 115681 6 1 0.00200118 5.96197e+06
22 247197 106106 7 1 0.00254021 1.60885e+07
23 230224 67147 4 1 0.00133801 1.9544e+06
24 153124 242951 5 1 0.00148851 1.72186e+06
25 183693 94153 4 1 0.00135634 799210
26 71408 185952 4 1 0.00135535 1.14952e+06
27 23967 93619 4 1 0.00131202 1.6768e+06
28 122721 106819 4 1 0.0013402 1.01477e+06
29 41213 239096 6 1 0.00198812 5.91864e+06
30 174063 201127 4 1 0.00133654 1.30187e+06
31 152257 118648 4 1 0.00135124 4.50253e+06
32 220062 136952 3 1 0.00116288 619155
33 126551 170860 4 1 0.00134155 705901
34 123320 164775 4 1 0.00135255 1.76703e+06
35 173909 226727 5 1 0.00151167 2.27497e+06
36 184499 202016 6 1 0.00236297 1.61432e+07
37 23766 100944 6 1 0.00231552 7.22991e+06
38 215798 195975 7 1 0.00248187 1.22851e+07
39 153525 239991 5 1 0.00151971 2.91964e+06
40 92401 158425 5 1 0.00149677 2.15263e+06
41 169016 140166 4 1 0.00125312 734968
42 26537 242267 5 1 0.00182727 5.71946e+06
43 184577 129498 5 1 0.00215537 1.18425e+07
44 31616 256696 4 1 0.0013372 802424
45 143803 37164 4 1 0.00138014 3.03738e+06
46 52739 222898 4 1 0.00133071 887493
47 30020 125102 5 1 0.00150458 4.68172e+06
48 208736 207129 4 1 0.00124495 1.6105e+06
49 109849 78410 7 1 0.00245214 5.98336e+06
50 162117 18531 5 1 0.00212769 5.88431e+06
51 51129 30831 4 1 0.00134468 2.29422e+06
52 166617 41585 5 1 0.00151066 2.79414e+06
53 2304 72960 5 1 0.00153659 5.40547e+06
54 41994 117394 4 1 0.00136156 5.83964e+06
55 29066 137874 5 1 0.00149552 2.02405e+06
56 237505 81679 6 1 0.00167979 1.92107e+06
57 59369 25899 3 1 0.00117406 164386
58 169617 49370 4 1 0.0013514 1.04706e+06
59 137171 82605 4 1 0.00134824 477660
60 181130 202088 6 1 0.0016564 895313
61 210581 51506 6 1 0.00237834 1.99256e+07
62 160996 239116 4 1 0.00134302 1.27176e+06
63 80273 6909 4 1 0.0013878 2.79075e+06
64 227499 144695 5 1 0.00151916 1.44422e+06
65 179489 46161 4 1 0.00199843 8.81694e+06
66 20930 104628 4 1 0.00133515 1.27851e+06
67 233840 219973 7 1 0.0029797 4.47018e+07
68 258059 91507 5 1 0.00150762 1.99321e+06
69 1070 22901 3 1 0.00118685 513964
70 64721 21699 4 1 0.00133536 570634
71 685 49719 3 1 0.00120541 1.75625e+06
72 32071 138870 4 1 0.00135023 3.52902e+06
73 73603 195629 5 1 0.00153377 4.05407e+06
74 144426 132639 4 1 0.00134962 1.14551e+06
75 156981 15148 6 1 0.00169226 3.51009e+06
76 170287 79924 6 1 0.002282 5.37248e+06
77 224876 15898 5 1 0.00155398 5.69118e+06
78 112693 230157 3 1 0.00117819 918358
79 179723 88194 6 1 0.00168802 3.34475e+06
80 34095 100924 3 1 0.00120117 2.33272e+06
81 5700 187891 5 1 0.00152243 3.60213e+06
82 67667 205807 4 1 0.00136904 3.12846e+06
83 207498 113718 6 1 0.0022945 5.44171e+06
84 129570 196702 4 1 0.0013875 601801
85 114571 241097 5 1 0.00151981 1.65547e+06
86 116710 141881 5 1 0.0015128 1.05037e+06
87 169077 61909 5 1 0.00216667 6.4246e+06
88 96943 177310 6 1 0.00229397 6.96304e+06
89 247207 85745 5 1 0.00156297 5.4614e+06
90 157086 168786 5 1 0.00154098 5.56464e+06
91 19337 213766 4 1 0.0013629 3.68773e+06
92 235089 236472 5 1 0.00153779 5.01889e+06
93 165701 220996 4 1 0.00135258 1.62282e+06
94 212745 17177 5 1 0.00151323 1.42212e+06
95 181146 15858 4 1 0.00135613 2.79176e+06
96 46288 235015 3 1 0.00105157 272926
97 49353 131109 3 1 0.00118209 552410
98 134002 87953 5 1 0.00140759 3.52305e+06
99 17708 247403 5 1 0.00152563 4.57974e+06
max-ST-CON-level 7
min_time 0.00105157 s
max_time 0.0029797 s
mean_time 0.00157873 s
stddev_time 0.000376469
min_CONPS                   335.604 
max_CONPS                   950.963 
mean_CONPS                  662.654 
stddev_CONPS                127.48 
mean_ST, mean_time, stddev_ST: 662.654, 0.00157873, 127.48 
-----ST_CON_VISITED_NODES-----
min_visited, max_visited, mean_visited, stddev_visited: 54, 36510, 1992.62, 4097.18
