SCALE 16
Edgefactor 16.0
MPI-Nodes 1
Num-ST-CON=100
Filename graphs/dense/as-skitter.txt
Seed1 651275079
Seed2 1085796463
ST-CON-RUN RED-V BLUE-V DEPTH MN-FOUND TIME(Sec) TEPS
0 781279 15164 2 1 0.0122996 113988
1 307679 40044 2 1 0.00829858 359941
2 559436 889800 3 1 0.00853133 603072
3 13266 1255691 2 1 0.00834621 171695
4 282956 822220 2 1 0.00826816 94942.5
5 362447 1192756 3 1 0.00926504 1.72641e+07
6 912320 12728 2 1 0.00834316 108832
7 1460686 1579758 4 1 0.00874281 1.29375e+06
8 16543 568896 2 1 0.00827761 267227
9 463625 1354920 3 1 0.00857201 682337
10 348260 1025591 2 1 0.0083123 190441
11 186283 1310198 3 1 0.00980767 1.60484e+08
12 469234 1392428 3 1 0.00914708 3.47696e+06
13 393280 899398 3 1 0.0084782 435470
14 164949 1481086 3 1 0.00931829 3.5843e+07
15 435225 466472 2 1 0.00824984 28485.4
16 599165 1542694 3 1 0.00846505 188658
17 691687 1053625 3 1 0.00850655 203020
18 1158189 1524048 3 1 0.00848315 229867
19 652753 1066222 3 1 0.00857954 5.04806e+06
20 1447031 632140 3 1 0.00858165 8.02422e+06
21 217149 748700 2 1 0.00822996 115918
22 1599889 686733 3 1 0.00850434 658957
23 1490037 434584 3 1 0.00924342 9.6077e+06
24 991036 1572409 3 1 0.00850718 510862
25 1188884 609373 3 1 0.00848859 844192
26 462160 1203502 2 1 0.00824614 50569.1
27 155119 605913 2 1 0.00825627 289598
28 794265 691347 2 1 0.00823101 47867.8
29 266735 1547454 3 1 0.00923403 6.98287e+06
30 1126559 1301716 3 1 0.00914434 2.3403e+07
31 985427 767907 3 1 0.00849459 496433
32 1424268 886372 3 1 0.00854692 2.71747e+06
33 819056 1105825 3 1 0.00849909 2.00963e+06
34 798145 1066446 3 1 0.00847991 575596
35 1125562 1467404 4 1 0.0098387 4.53955e+07
36 1194096 1307470 3 1 0.0084991 454048
37 153819 653321 2 1 0.00826189 97314.3
38 1396672 1268375 3 1 0.00847485 219119
39 993633 1553248 3 1 0.00910033 1.77532e+06
40 598030 1025344 3 1 0.00865914 1.02088e+07
41 1093890 907171 3 1 0.00854139 3.22652e+06
42 171750 1567977 3 1 0.00991456 1.67844e+08
43 1194602 838129 3 1 0.00850748 38319.2
44 204627 1661365 3 1 0.00852806 3.08957e+06
45 930713 240532 2 1 0.00829672 1.18854e+06
46 341333 1442621 3 1 0.00864161 8.29499e+06
47 194293 809675 2 1 0.00824803 135911
48 1350962 1340564 4 1 0.00879575 6.51815e+06
49 710958 507477 3 1 0.00849094 1.216e+06
50 1049242 119936 2 1 0.00823647 147272
51 330913 199544 2 1 0.00825386 61304.7
52 1078367 269145 3 1 0.00851473 3.49465e+06
53 14912 472209 2 1 0.0082465 349239
54 271790 759788 2 1 0.00824677 894532
55 188120 892335 2 1 0.00841329 583482
56 1537158 528638 3 1 0.00851798 842923
57 384246 167624 2 1 0.00826074 49148.1
58 1097779 319533 3 1 0.00852379 3.28316e+06
59 887789 534631 2 1 0.00825049 71874.5
60 1172295 1307934 3 1 0.00849247 401650
61 1362902 333354 2 1 0.00831051 327056
62 1041984 1547585 3 1 0.00848703 952630
63 519537 44717 2 1 0.00826832 159283
64 1472403 936487 3 1 0.00846954 78634.7
65 1161677 298762 3 1 0.00848713 206077
66 135466 677166 3 1 0.00922333 1.3801e+07
67 1513440 1423693 3 1 0.00847593 208945
68 1670188 592246 4 1 0.0102147 9.25339e+07
69 6926 148218 2 1 0.00888431 7.92453e+06
70 418886 140442 2 1 0.00830539 219496
71 4434 321792 2 1 0.00829659 117639
72 207571 898781 2 1 0.00829017 160190
73 476368 1266131 3 1 0.00918649 7.71448e+06
74 934740 858459 3 1 0.0084908 892378
75 1015999 98039 3 1 0.00922173 1.33491e+07
76 1102116 517277 3 1 0.00854502 621415
77 1455423 102893 3 1 0.00964772 2.36107e+07
78 729363 1489604 3 1 0.00854608 2.08809e+06
79 1163186 570806 3 1 0.00912944 5.12737e+06
80 220669 653194 2 1 0.00824873 85467.7
81 36892 1216054 2 1 0.00826264 576087
82 437951 1332007 3 1 0.00942052 6.6612e+06
83 1342951 735999 3 1 0.00854749 919686
84 838593 1273080 3 1 0.0087183 188110
85 741519 1560406 3 1 0.00857589 333493
86 755361 918269 2 1 0.00833255 43204.1
87 1094283 400683 3 1 0.00856911 7.20507e+06
88 627425 1147573 2 1 0.00813452 145184
89 1599950 554953 3 1 0.00910651 3.7068e+06
90 1016681 1092403 3 1 0.00851235 1.75557e+06
91 125155 1383521 3 1 0.0091285 4.40763e+06
92 1521521 1530477 3 1 0.00851182 2.72398e+06
93 1072436 1430312 3 1 0.00852324 1.25985e+06
94 1376910 111174 3 1 0.00908222 3.20759e+06
95 1172398 102641 2 1 0.00832039 1.31027e+06
96 299582 1521044 2 1 0.00827968 24517.9
97 319419 848553 3 1 0.0085951 5.40552e+06
98 867277 569241 3 1 0.00914135 7.28011e+06
99 114614 1601220 3 1 0.00964138 9.10521e+07
max-ST-CON-level 4
min_time 0.00813452 s
max_time 0.0122996 s
mean_time 0.00867868 s
stddev_time 0.00057071
min_CONPS                   81.3036 
max_CONPS                   122.933 
mean_CONPS                  115.644 
stddev_CONPS                6.49647 
mean_ST, mean_time, stddev_ST: 115.644, 0.00867868, 6.49647 
-----ST_CON_VISITED_NODES-----
min_visited, max_visited, mean_visited, stddev_visited: 11, 71222, 4970, 13430.9
