SCALE 16
Edgefactor 16.0
MPI-Nodes 1
Num-ST-CON=100
Filename graphs/symmetric/hugetric-00020.mtx.alt
Seed1 1949547605
Seed2 1206767601
ST-CON-RUN RED-V BLUE-V DEPTH MN-FOUND TIME(Sec) TEPS
0 3280380 63673 773 1 0.509829 5.39446e+06
1 1291862 168135 1032 1 0.658427 6.13561e+06
2 2348925 3736034 1186 1 0.737181 5.90905e+06
3 55701 5272311 686 1 0.451023 6.057e+06
4 1188058 3452282 1016 1 0.699616 7.24992e+06
5 1521820 5008062 782 1 0.521072 6.63477e+06
6 3830586 53444 1484 1 0.97506 7.71638e+06
7 6133029 6632979 1064 1 0.743223 7.82309e+06
8 69462 2388644 1009 1 0.672796 6.71675e+06
9 1946636 5688946 1067 1 0.71385 6.67903e+06
10 1462252 4306181 1278 1 0.871712 7.70199e+06
11 782153 5501169 1412 1 0.931542 7.77304e+06
12 1970191 5846434 1244 1 0.856231 6.59805e+06
13 1651280 3776333 818 1 0.521845 5.70357e+06
14 692577 6218683 780 1 0.517538 6.12132e+06
15 1827393 1958591 1162 1 0.797887 7.03311e+06
16 2515733 6477359 1454 1 1.01825 7.79274e+06
17 2904209 4423888 1579 1 1.10711 7.9424e+06
18 4862927 6399067 930 1 0.62127 5.87026e+06
19 2740736 4476779 1048 1 0.664637 5.61352e+06
20 6075695 2654188 636 1 0.404625 5.13712e+06
21 911752 3143592 1048 1 0.720257 6.87912e+06
22 6717504 2883409 615 1 0.326454 3.99825e+06
23 6256266 1824702 976 1 0.680774 7.39337e+06
24 4161097 6602125 1344 1 0.93183 6.48473e+06
25 4991804 2558595 694 1 0.452167 5.49018e+06
26 1940486 5053181 1371 1 0.901234 6.61998e+06
27 651303 2544068 941 1 0.644966 7.97811e+06
28 3334908 2902781 799 1 0.544234 6.60035e+06
29 1119950 6497346 949 1 0.642832 6.25079e+06
30 4730117 5465555 813 1 0.53114 5.67745e+06
31 4137546 3224238 729 1 0.452272 5.27773e+06
32 5980118 3721637 1319 1 0.826785 6.28614e+06
33 3438997 4643065 898 1 0.602657 6.58937e+06
34 3351196 4477720 644 1 0.342234 3.92645e+06
35 4725933 6161236 676 1 0.424223 5.01474e+06
36 5013690 5489717 1445 1 1.01394 7.94017e+06
37 645847 2743120 241 1 0.140188 1.91911e+06
38 5864252 5325567 613 1 0.394913 5.14887e+06
39 4172001 6521672 541 1 0.3204 4.0257e+06
40 2510969 4305143 1157 1 0.740947 6.47222e+06
41 4592953 3808967 696 1 0.415387 4.38032e+06
42 721135 6583514 1190 1 0.827735 6.92726e+06
43 5015814 3519079 461 1 0.28546 4.12025e+06
44 859173 6975627 76 1 0.0650067 402466
45 3907816 1009929 573 1 0.352178 4.33574e+06
46 1433165 6057179 355 1 0.195531 3.36992e+06
47 815784 3399610 816 1 0.544898 5.56237e+06
48 5672326 5628669 1115 1 0.768792 7.41324e+06
49 2985123 2130762 559 1 0.345357 4.35545e+06
50 4405488 503581 629 1 0.375441 4.51322e+06
51 1389416 837834 906 1 0.604721 5.9357e+06
52 4527774 1130071 766 1 0.491462 5.60025e+06
53 62613 1982679 1084 1 0.697728 6.0059e+06
54 1141173 3190146 1243 1 0.874084 7.44333e+06
55 789869 3746678 760 1 0.501382 5.81734e+06
56 6454113 2219611 683 1 0.427468 5.08472e+06
57 1613349 703811 435 1 0.259261 3.76324e+06
58 4609279 1341634 1183 1 0.770335 6.70807e+06
59 3727590 2244774 1182 1 0.74615 5.73471e+06
60 4922154 5491665 964 1 0.662579 8.31487e+06
61 5722458 1399667 804 1 0.500433 5.0759e+06
62 4375010 6497893 360 1 0.201112 3.2347e+06
63 2181396 187756 374 1 0.206279 3.27597e+06
64 6182224 3932057 842 1 0.572476 6.00236e+06
65 4877571 1254423 1030 1 0.597865 4.71153e+06
66 568786 2843241 819 1 0.524169 5.49821e+06
67 6354528 5977704 1103 1 0.747941 6.06922e+06
68 7012670 2486684 1178 1 0.803885 6.73854e+06
69 29082 622330 335 1 0.182952 2.2939e+06
70 1758791 589680 1036 1 0.696015 6.63048e+06
71 18619 1351121 537 1 0.294958 3.7869e+06
72 871538 3773740 1339 1 0.854987 6.20409e+06
73 2000141 5316147 690 1 0.45419 5.42882e+06
74 3924724 3604439 1197 1 0.823017 8.77824e+06
75 4265907 411642 1163 1 0.745142 6.21818e+06
76 4627491 2171909 329 1 0.180822 3.01306e+06
77 6110933 432023 696 1 0.448705 5.01568e+06
78 3062399 6254446 1220 1 0.849053 7.39764e+06
79 4883906 2396662 435 1 0.230028 3.45337e+06
80 926530 2742589 1002 1 0.65834 6.0644e+06
81 154903 5105885 422 1 0.223363 3.00903e+06
82 1838838 5592740 468 1 0.268983 3.78966e+06
83 5638693 3090262 1075 1 0.738204 7.63013e+06
84 3521030 5345322 224 1 0.132902 1.74272e+06
85 3113441 6551725 340 1 0.200687 3.5244e+06
86 3171557 3855568 874 1 0.571968 5.44454e+06
87 4594603 1682362 676 1 0.448789 5.54936e+06
88 2634390 4818351 81 1 0.0678823 460533
89 6717759 2330101 411 1 0.244672 3.75256e+06
90 4268771 4586706 545 1 0.31548 3.99905e+06
91 525493 5809033 790 1 0.505419 5.57951e+06
92 6388457 6426061 1037 1 0.725644 7.33866e+06
93 4502872 6005496 278 1 0.156841 2.36408e+06
94 5781275 466793 1056 1 0.720966 6.62761e+06
95 4922584 430962 1096 1 0.710694 6.37425e+06
96 1257865 6386457 1045 1 0.695641 6.38392e+06
97 1341155 3562848 997 1 0.678356 6.39168e+06
98 3641464 2390093 769 1 0.467379 4.97026e+06
99 481233 6723093 588 1 0.356064 4.43485e+06
max-ST-CON-level 1579
min_time 0.0650067 s
max_time 1.10711 s
mean_time 0.556424 s
stddev_time 0.240756
min_CONPS                   0.903255 
max_CONPS                   15.383 
mean_CONPS                  2.51158 
stddev_CONPS                2.26814 
mean_ST, mean_time, stddev_ST: 2.51158, 0.556424, 2.26814 
-----ST_CON_VISITED_NODES-----
min_visited, max_visited, mean_visited, stddev_visited: 17440, 5.8635e+06, 2.30523e+06, 1.39566e+06
