SCALE 16
Edgefactor 16.0
MPI-Nodes 1
Num-ST-CON=100
Filename graphs/streets/belgium_osm.mtx.txt.alt
Seed1 69748188
Seed2 2046430555
ST-CON-RUN RED-V BLUE-V DEPTH MN-FOUND TIME(Sec) TEPS
0 663784 12884 158 1 0.0460486 1.60526e+06
1 261408 34022 503 1 0.11858 6.86468e+06
2 475304 755986 198 1 0.0459715 3.11458e+06
3 11271 1066851 357 1 0.0802485 2.81158e+06
4 240403 698569 150 1 0.0349259 1.47443e+06
5 307940 1013381 210 1 0.0477795 2.29891e+06
6 775118 10814 96 1 0.0232558 924673
7 1241018 1342183 122 1 0.02888 1.30402e+06
8 14055 483342 333 1 0.101282 4.96505e+06
9 393901 1151157 389 1 0.128643 4.72986e+06
10 295886 871355 230 1 0.0540465 4.20545e+06
11 158268 1113161 111 1 0.0264742 1.04944e+06
12 398668 1183025 284 1 0.0699424 4.44989e+06
13 334136 764140 299 1 0.0828833 4.42642e+06
14 140143 1258350 616 1 0.172648 5.61822e+06
15 369772 396320 579 1 0.183615 5.3285e+06
16 509058 1310693 369 1 0.121322 5.26861e+06
17 587666 895173 280 1 0.0669934 4.60903e+06
18 984013 1294850 438 1 0.15568 5.33064e+06
19 554587 905876 237 1 0.054497 2.99609e+06
20 1229416 537074 379 1 0.101115 5.07507e+06
21 184493 636105 203 1 0.0470091 3.05818e+06
22 1359286 583457 202 1 0.0461866 1.61709e+06
23 1265955 369228 164 1 0.0380264 1.94418e+06
24 841997 1335939 587 1 0.132177 5.44605e+06
25 1010091 517731 469 1 0.152095 5.38741e+06
26 392657 1022511 148 1 0.034615 2.18558e+06
27 131791 514792 525 1 0.177288 5.79654e+06
28 674818 587377 140 1 0.0328441 1.63859e+06
29 226622 1314737 167 1 0.0388564 2.46402e+06
30 957139 1105954 532 1 0.143279 6.30433e+06
31 837232 652424 224 1 0.0521692 3.05017e+06
32 1210076 753073 454 1 0.13756 5.25611e+06
33 695881 939524 452 1 0.130866 5.94813e+06
34 678114 906066 391 1 0.118814 4.85324e+06
35 956292 1246725 595 1 0.131487 3.09925e+06
36 1014520 1110843 458 1 0.147548 5.32822e+06
37 130687 555070 301 1 0.0763746 3.63194e+06
38 1186631 1077628 228 1 0.0526995 3.86168e+06
39 844204 1319660 241 1 0.0570803 4.23253e+06
40 508094 871145 340 1 0.0936598 5.01131e+06
41 929383 770744 373 1 0.0852787 4.52626e+06
42 145921 1332173 620 1 0.153917 6.27874e+06
43 1014949 712085 429 1 0.139754 5.01814e+06
44 173853 1411517 628 1 0.204496 5.20327e+06
45 790746 204359 329 1 0.0856024 5.10125e+06
46 290000 1225669 414 1 0.141193 5.59709e+06
47 165073 687911 200 1 0.045955 2.34819e+06
48 1147794 1138960 516 1 0.116316 3.69654e+06
49 604039 431159 188 1 0.0434428 1.95027e+06
50 891450 101899 335 1 0.0764238 3.54844e+06
51 281148 169535 581 1 0.166264 5.70924e+06
52 916194 228669 238 1 0.0557155 4.45573e+06
53 12669 401195 287 1 0.0732685 4.55575e+06
54 230916 645525 327 1 0.109538 5.14807e+06
55 159829 758140 691 1 0.156765 5.88192e+06
56 1305989 449138 372 1 0.12807 5.47107e+06
57 326461 142416 651 1 0.169503 5.7154e+06
58 932687 271479 212 1 0.0479979 993148
59 754277 454230 283 1 0.0651735 4.19574e+06
60 995997 1111238 112 1 0.0267053 965313
61 1157939 283222 315 1 0.0766291 4.25242e+06
62 885283 1314848 447 1 0.141243 5.43967e+06
63 441405 37992 241 1 0.0559035 4.64683e+06
64 1250972 795651 172 1 0.039948 1.91616e+06
65 986976 253832 727 1 0.237687 4.78966e+06
66 115093 575329 361 1 0.113921 5.35948e+06
67 1285838 1209588 89 1 0.0217095 161173
68 1419013 503180 298 1 0.0843068 4.38243e+06
69 5884 125928 244 1 0.058417 5.29767e+06
70 355891 119321 235 1 0.0542889 2.90321e+06
71 3767 273399 251 1 0.0673693 5.10301e+06
72 176355 763616 104 1 0.0250668 1.169e+06
73 404728 1075722 220 1 0.0512204 3.60989e+06
74 794167 729358 125 1 0.0296819 1.48548e+06
75 863206 83295 68 1 0.0173962 674113
76 936372 439485 344 1 0.0793203 4.51457e+06
77 1236547 87419 212 1 0.0500351 3.4254e+06
78 619676 1265586 337 1 0.103369 5.08649e+06
79 988258 484964 199 1 0.0464413 2.59329e+06
80 187483 554962 250 1 0.0581011 2.56605e+06
81 31344 1033175 122 1 0.0290026 1.12021e+06
82 372088 1131690 284 1 0.0652024 3.53756e+06
83 1140989 625314 341 1 0.0889186 5.37097e+06
84 712480 1081625 178 1 0.0414951 2.4587e+06
85 630004 1325741 301 1 0.0734526 4.7164e+06
86 641764 780174 364 1 0.105629 5.00519e+06
87 929717 340425 212 1 0.0481614 392991
88 533068 974993 455 1 0.104402 5.61447e+06
89 1359338 471495 155 1 0.0363404 1.99398e+06
90 863785 928119 400 1 0.100486 4.88806e+06
91 106333 1175457 332 1 0.0767057 4.88054e+06
92 1292704 1300313 584 1 0.170504 5.5427e+06
93 911156 1215211 380 1 0.119446 4.965e+06
94 1169840 94455 243 1 0.0597106 4.4237e+06
95 996084 87205 319 1 0.0760419 4.28643e+06
96 254529 1292299 384 1 0.106149 5.61663e+06
97 271382 720942 110 1 0.0265711 1.15181e+06
98 736850 483635 264 1 0.0689937 4.34686e+06
99 97377 1360417 256 1 0.0724494 5.18979e+06
max-ST-CON-level 727
min_time 0.0173962 s
max_time 0.237687 s
mean_time 0.0855856 s
stddev_time 0.0478463
min_CONPS                   4.20721 
max_CONPS                   57.4838 
mean_CONPS                  16.3957 
stddev_CONPS                10.3822 
mean_ST, mean_time, stddev_ST: 16.3957, 0.0855856, 10.3822 
-----ST_CON_VISITED_NODES-----
min_visited, max_visited, mean_visited, stddev_visited: 3294, 1.05304e+06, 364091, 287674
