SCALE 16
Edgefactor 16.0
MPI-Nodes 1
Num-ST-CON=100
Filename graphs/symmetric/hugetrace-00010.mtx.alt
Seed1 651219207
Seed2 868173156
ST-CON-RUN RED-V BLUE-V DEPTH MN-FOUND TIME(Sec) TEPS
0 5553017 107786 1776 1 2.19181 6.31256e+06
1 2186860 284619 912 1 1.08534 4.13582e+06
2 3976252 6324346 1208 1 1.44677 4.15413e+06
3 94291 8924951 946 1 1.12068 3.48851e+06
4 2011141 5844013 1335 1 1.54916 3.65011e+06
5 2576132 8477632 911 1 1.09826 4.15176e+06
6 6484404 90470 1174 1 1.36673 3.4824e+06
7 10381972 11228286 1032 1 1.2126 3.58099e+06
8 117586 4043490 1027 1 1.22113 3.97425e+06
9 3295260 9630229 1404 1 1.7119 5.11274e+06
10 2475296 7289489 1433 1 1.71284 4.00251e+06
11 1324027 9312361 1202 1 1.4051 3.76619e+06
12 3335133 9896825 1644 1 1.99821 5.52567e+06
13 2795282 6392566 1413 1 1.72346 4.88404e+06
14 1172393 10526968 687 1 0.802351 2.82913e+06
15 3093405 3315497 216 1 0.255903 839044
16 4258625 10964853 1213 1 1.40581 3.4875e+06
17 4916236 7488745 1917 1 2.35049 5.88761e+06
18 8231948 10832320 736 1 0.860398 3.26762e+06
19 4639510 7578278 1346 1 1.56781 4.3539e+06
20 10284918 4493001 907 1 1.08818 3.92723e+06
21 1543412 5321462 1431 1 1.71514 5.08034e+06
22 11371370 4881027 1260 1 1.5242 4.60205e+06
23 10590588 3088851 1670 1 1.99081 4.42872e+06
24 7043892 11176057 1509 1 1.78962 4.51099e+06
25 8450111 4331182 1129 1 1.33501 3.74938e+06
26 3284848 8554009 681 1 0.789358 2.98796e+06
27 1102525 4306590 647 1 0.743219 2.70685e+06
28 5645321 4913818 550 1 0.646 2.69403e+06
29 1895849 10998687 411 1 0.44056 1.1168e+06
30 8007128 9252075 973 1 1.16376 4.09613e+06
31 7004025 5457980 1400 1 1.70426 4.62933e+06
32 10123124 6299976 1092 1 1.31433 4.60382e+06
33 5821524 7859766 1112 1 1.33533 4.04981e+06
34 5672894 7579870 1813 1 2.20916 5.71326e+06
35 8000044 10429721 233 1 0.27147 629623
36 8487159 9292975 1146 1 1.37589 3.95045e+06
37 1093288 4643545 1723 1 2.08997 4.65455e+06
38 9926988 9015103 1799 1 2.16062 4.19708e+06
39 7062350 11039867 1021 1 1.19777 3.68124e+06
40 4250560 7287734 703 1 0.800777 2.58095e+06
41 7774936 6447808 866 1 0.996178 3.11176e+06
42 1220735 11144551 1458 1 1.75379 4.24256e+06
43 8490754 5957086 569 1 0.650377 2.44326e+06
44 1454406 11808320 1103 1 1.28216 3.5716e+06
45 6615139 1709604 1041 1 1.20995 3.46076e+06
46 2426057 10253573 1142 1 1.34099 3.71772e+06
47 1380957 5754850 775 1 0.902317 3.22324e+06
48 9602096 9528193 1305 1 1.55295 4.1639e+06
49 5053208 3606948 1044 1 1.22265 3.44601e+06
50 7457596 852460 1176 1 1.4121 4.74152e+06
51 2351999 1418283 624 1 0.719568 2.56057e+06
52 7664602 1912981 1722 1 2.09948 5.43457e+06
53 105991 3356273 858 1 0.988511 3.17736e+06
54 1931774 5400269 1163 1 1.39479 4.69753e+06
55 1337088 6342364 1352 1 1.60912 4.19348e+06
56 10925502 3757351 1771 1 2.143 5.26503e+06
57 2731072 1191410 1698 1 2.07092 4.83985e+06
58 7802573 2271114 1685 1 2.06424 5.57048e+06
59 6310053 3799947 1604 1 1.95778 6.23961e+06
60 8332207 9296274 1578 1 1.91831 4.92723e+06
61 9686959 2369352 1939 1 2.34559 4.82226e+06
62 7406003 10999613 540 1 0.600924 2.14618e+06
63 3692661 317833 656 1 0.758676 2.71075e+06
64 10465249 6656174 1010 1 1.16774 3.38805e+06
65 8256737 2123484 1310 1 1.56542 3.95139e+06
66 962840 4813030 1034 1 1.22131 3.61325e+06
67 10756924 10119038 1826 1 2.20366 4.78114e+06
68 11871026 4209451 118 1 0.162941 376277
69 49230 1053479 690 1 0.789101 2.68771e+06
70 2977275 998209 2147 1 2.65671 6.06954e+06
71 31518 2287174 364 1 0.396533 1.37569e+06
72 1475337 6388175 970 1 1.14993 3.68015e+06
73 3385833 8999157 166 1 0.208321 626850
74 6643761 6101583 975 1 1.17148 4.36249e+06
75 7221315 696826 947 1 1.11602 3.38033e+06
76 7833403 3676600 872 1 1.01134 3.01807e+06
77 10344568 731327 1131 1 1.31786 3.48001e+06
78 5184020 10587507 848 1 1.01645 3.5588e+06
79 8267461 4057062 1721 1 2.11991 5.25046e+06
80 1568427 4642647 675 1 0.779513 2.87155e+06
81 262220 8643226 1168 1 1.39316 3.9521e+06
82 3112780 9467372 506 1 0.552902 2.13006e+06
83 9545162 5231185 1514 1 1.83396 5.59311e+06
84 5960388 9048544 1081 1 1.24917 3.28305e+06
85 5270424 11090740 2063 1 2.47516 5.6819e+06
86 5368802 6526693 937 1 1.11594 4.12959e+06
87 7777730 2847897 1790 1 2.19428 5.90181e+06
88 4459487 8156489 1407 1 1.70197 4.84406e+06
89 11371802 3944387 1511 1 1.79154 3.87538e+06
90 7226163 7764361 605 1 0.705573 2.80715e+06
91 889553 9833512 1219 1 1.46595 4.63049e+06
92 10814361 10878016 469 1 0.526228 2.02237e+06
93 7622448 10166084 1738 1 2.10035 4.50102e+06
94 9786525 790186 1442 1 1.73466 4.14267e+06
95 8332935 729531 1009 1 1.18307 3.32848e+06
96 2129311 10810974 756 1 0.844814 2.55008e+06
97 2270303 6031178 542 1 0.611467 2.28366e+06
98 6164258 4045942 1019 1 1.23258 4.21192e+06
99 814631 11380831 919 1 0.994912 2.35444e+06
max-ST-CON-level 2147
min_time 0.162941 s
max_time 2.65671 s
mean_time 1.34528 s
stddev_time 0.561945
min_CONPS                   0.376405 
max_CONPS                   6.13719 
mean_CONPS                  1.00302 
stddev_CONPS                0.866587 
mean_ST, mean_time, stddev_ST: 1.00302, 1.34528, 0.866587 
-----ST_CON_VISITED_NODES-----
min_visited, max_visited, mean_visited, stddev_visited: 40902, 1.07518e+07, 3.83996e+06, 2.45265e+06
