SCALE 16
Edgefactor 16.0
MPI-Nodes 1
Num-ST-CON=100
Filename graphs/streets/road_usa.mtx.txt.alt
Seed1 1517996876
Seed2 771475247
ST-CON-RUN RED-V BLUE-V DEPTH MN-FOUND TIME(Sec) TEPS
0 11028876 214074 575 1 1.04782 1.51014e+06
1 4343333 565284 638 1 1.08129 1.91717e+06
2 7897256 12560817 1359 1 2.30472 3.62891e+06
3 187273 17725891 736 1 1.24796 1.87778e+06
4 3994338 11606824 2293 1 3.93295 4.20962e+06
5 5116469 16837469 1544 1 2.63516 4.42605e+06
6 12878708 179683 1516 1 2.57484 3.99909e+06
7 20619687 22300556 1303 1 2.23709 4.09251e+06
8 233539 8030796 1953 1 3.35677 4.69394e+06
9 6544733 19126648 1673 1 2.86852 4.79309e+06
10 4916199 14477692 2929 1 5.01348 4.09645e+06
11 2629657 18495329 2834 1 4.78667 5.01408e+06
12 6623925 19656134 1031 1 1.78974 3.96715e+06
13 5551725 12696308 1383 1 2.38081 4.52745e+06
14 2328496 20907665 1048 1 1.73772 2.21063e+06
15 6143829 6584926 565 1 1.01309 2.70183e+06
16 8458077 21777351 2040 1 3.50448 5.63078e+06
17 9764163 14873434 2510 1 4.23638 3.97399e+06
18 16349515 21514127 510 1 0.821032 950499
19 9214554 15051257 3327 1 5.5814 3.61889e+06
20 20426928 8923572 2858 1 4.8551 4.11879e+06
21 3065378 10568984 1917 1 3.22603 4.1666e+06
22 22584736 9694232 1802 1 3.05984 4.11575e+06
23 21034022 6134783 1301 1 2.26811 4.61695e+06
24 13989910 22196824 829 1 1.43738 2.95621e+06
25 16782808 8602184 1277 1 2.19948 4.02965e+06
26 6524054 16989162 700 1 1.24356 3.28112e+06
27 2189730 8553342 1097 1 1.86691 3.56881e+06
28 11212202 9759360 217 1 0.403645 420721
29 3765356 21844549 2317 1 3.93602 2.83281e+06
30 15902998 18375593 731 1 1.25774 2.51573e+06
31 13910731 10840122 395 1 0.699414 1.47681e+06
32 20105589 12512415 1284 1 2.19145 3.57597e+06
33 11562159 15610321 2265 1 3.88575 4.65895e+06
34 11266964 15054419 573 1 0.930815 992149
35 15888929 20714522 651 1 1.13572 2.02001e+06
36 16856390 18456826 1273 1 2.18724 3.59972e+06
37 2171385 9222570 2099 1 3.56744 4.32371e+06
38 19716041 17904942 2292 1 3.92827 4.90487e+06
39 14026570 21926336 3578 1 5.9527 3.32487e+06
40 8442060 14474205 1218 1 2.07701 4.48093e+06
41 15441841 12806025 1575 1 2.70368 4.86993e+06
42 2424508 22134251 1290 1 2.20706 3.33282e+06
43 16863530 11831400 1479 1 2.52664 4.65516e+06
44 2888604 23452564 2059 1 3.54657 4.07395e+06
45 13138362 3395455 3002 1 5.12583 4.2374e+06
46 4818406 20364674 1671 1 2.87595 3.54056e+06
47 2742725 11429737 2248 1 3.8951 5.97371e+06
48 19070772 18923993 1288 1 2.22158 3.51759e+06
49 10036202 7163778 224 1 0.448151 1.52181e+06
50 14811570 1693076 1099 1 1.88838 3.7326e+06
51 4671317 2816859 2198 1 3.70541 2.7951e+06
52 15222706 3799381 1774 1 3.06521 4.31034e+06
53 210509 6665912 1482 1 2.56507 4.914e+06
54 3836707 10725502 1676 1 2.88047 4.85786e+06
55 2655597 12596603 1729 1 2.96797 4.02068e+06
56 21699195 7462495 1015 1 1.75767 4.2688e+06
57 5424197 2366265 2847 1 4.87443 4.50519e+06
58 15496730 4510672 1164 1 1.99425 3.31253e+06
59 12532430 7547095 1118 1 1.95288 3.65991e+06
60 16548640 18463377 2134 1 3.67068 5.36542e+06
61 19239320 4705783 1985 1 3.42664 4.97076e+06
62 14709101 21846387 1456 1 2.41994 2.36905e+06
63 7334014 631250 942 1 1.61595 2.89517e+06
64 20785086 13219861 2302 1 3.98679 5.74826e+06
65 16398749 4217463 769 1 1.3424 1.84638e+06
66 1912301 9559184 2238 1 3.88322 5.74078e+06
67 21364383 20097473 1394 1 2.38346 3.9202e+06
68 23577106 8360412 664 1 1.14289 1.93772e+06
69 97776 2092320 2771 1 4.74976 4.44599e+06
70 5913182 1982549 1878 1 3.25234 4.73635e+06
71 62599 4542568 1758 1 3.00951 4.85203e+06
72 2930175 12687587 937 1 1.581 1.78159e+06
73 6724621 17873271 2371 1 4.06489 5.01088e+06
74 13195209 12118385 1378 1 2.35046 3.83078e+06
75 14342291 1383970 1050 1 1.77465 3.07604e+06
76 15557961 7302115 2206 1 3.79819 5.48263e+06
77 20545399 1452494 643 1 1.08255 1.76349e+06
78 10296008 21027901 1072 1 1.83035 3.77485e+06
79 16420046 8057752 3148 1 5.34099 3.80914e+06
80 3115062 9220785 2493 1 4.17801 2.8034e+06
81 520797 17166357 1053 1 1.7898 3.14134e+06
82 6182308 18803197 1435 1 2.52012 5.20956e+06
83 18957696 10389685 2308 1 3.95636 5.03822e+06
84 11837958 17971360 1498 1 2.6158 5.17186e+06
85 10467616 22027375 1599 1 2.71727 3.59096e+06
86 10663005 12962698 619 1 1.06246 1.97125e+06
87 15447389 5656224 1451 1 2.45597 3.55354e+06
88 8857010 16199646 722 1 1.25152 2.60444e+06
89 22585594 7833968 1279 1 2.16662 3.72566e+06
90 14351919 15420837 702 1 1.22265 2.20311e+06
91 1766747 19530389 2304 1 3.98372 5.74314e+06
92 21478457 21604883 2484 1 4.25378 5.72976e+06
93 15138983 20190912 2000 1 3.42899 4.97459e+06
94 19437067 1569393 2247 1 3.84436 5.87965e+06
95 16550086 1448925 1998 1 3.3883 4.35594e+06
96 4229036 21471731 494 1 0.856818 1.65318e+06
97 4509061 11978555 559 1 0.989796 1.95595e+06
98 12242865 8035667 2175 1 3.72027 4.38064e+06
99 1617943 22603527 2944 1 4.95178 4.22318e+06
max-ST-CON-level 3578
min_time 0.403645 s
max_time 5.9527 s
mean_time 2.71725 s
stddev_time 1.29466
min_CONPS                   0.167991 
max_CONPS                   2.47742 
mean_CONPS                  0.504958 
stddev_CONPS                0.375631 
mean_ST, mean_time, stddev_ST: 0.504958, 2.71725, 0.375631 
-----ST_CON_VISITED_NODES-----
min_visited, max_visited, mean_visited, stddev_visited: 146506, 2.01894e+07, 9.32009e+06, 5.82878e+06
