SCALE 16
Edgefactor 16.0
MPI-Nodes 1
Num-ST-CON=100
Filename graphs/dense/amazon0505.txt
Seed1 1699782262
Seed2 1315091852
ST-CON-RUN RED-V BLUE-V DEPTH MN-FOUND TIME(Sec) TEPS
0 188933 3667 4 1 0.0047108 4.8582e+06
1 74404 9683 3 1 0.00167367 2.21908e+06
2 135286 215176 4 1 0.00185039 2.71997e+06
3 3208 303658 3 1 0.00166298 644024
4 68426 198834 3 1 0.00164973 510992
5 87649 288439 3 1 0.00164496 795764
6 220622 3078 2 1 0.00149049 271722
7 353231 382026 5 1 0.00201641 2.36757e+06
8 4000 137573 3 1 0.00165805 997559
9 112116 327654 4 1 0.00224276 7.95759e+06
10 84218 248014 4 1 0.00262062 1.41753e+07
11 45048 316839 4 1 0.00189991 6.60556e+06
12 113473 336725 4 1 0.0018547 3.81625e+06
13 95105 217497 3 1 0.001686 4.17616e+06
14 39888 358164 3 1 0.00167837 3.29963e+06
15 105248 112804 4 1 0.00190389 6.90849e+06
16 144893 373063 2 1 0.0014939 79657.3
17 167267 254793 4 1 0.00184415 1.90602e+06
18 280080 368553 3 1 0.00166047 755207
19 157852 257839 4 1 0.00261034 7.19792e+06
20 349929 152867 4 1 0.00187767 6.4548e+06
21 52512 181055 2 1 0.00144763 102927
22 386894 166069 4 1 0.00187673 6.81451e+06
23 360329 105093 3 1 0.00166788 597167
24 239658 380249 3 1 0.00166922 459495
25 287502 147362 5 1 0.00330102 1.84491e+07
26 111762 291037 5 1 0.00308146 1.77559e+07
27 37511 146525 4 1 0.0018394 4.63846e+06
28 192073 167185 4 1 0.00181192 3.81253e+06
29 64503 374214 3 1 0.00163496 2.07834e+06
30 272430 314788 5 1 0.00363598 4.29068e+07
31 238301 185699 4 1 0.00185005 5.46688e+06
32 344424 214347 4 1 0.0018119 3.31476e+06
33 198068 267417 4 1 0.00244294 9.62243e+06
34 193012 257894 4 1 0.00181274 3.03298e+06
35 272189 354856 3 1 0.00163978 2.21555e+06
36 288763 316180 3 1 0.0016341 790035
37 37197 157989 3 1 0.00163573 635802
38 337751 306725 4 1 0.00186792 6.07682e+06
39 240286 375615 3 1 0.00164426 1.7254e+06
40 144619 247954 4 1 0.00185852 8.69509e+06
41 264530 219377 4 1 0.00188063 6.50686e+06
42 41533 379177 3 1 0.00230767 9.85628e+06
43 288885 202681 3 1 0.00164269 1.88045e+06
44 49484 401760 3 1 0.00163382 1.30981e+06
45 225070 58166 4 1 0.00184623 3.57215e+06
46 82543 348862 4 1 0.00183477 4.97445e+06
47 46985 195800 4 1 0.00187259 5.84271e+06
48 326697 324182 3 1 0.00166921 2.19684e+06
49 171928 122721 3 1 0.00163977 749494
50 253733 29003 4 1 0.00182199 4.5176e+06
51 80023 48255 4 1 0.00182045 4.10174e+06
52 260776 65086 3 1 0.0016323 581388
53 3606 114192 3 1 0.00165393 3.26071e+06
54 65725 183736 4 1 0.00161992 3.20632e+06
55 45492 215789 4 1 0.00181283 3.26838e+06
56 371724 127838 3 1 0.00227277 7.26382e+06
57 92920 40536 3 1 0.00164336 1.54805e+06
58 265471 77271 3 1 0.00165902 1.2435e+06
59 214690 129287 3 1 0.00164252 1.01247e+06
60 283491 316292 4 1 0.00183702 1.17364e+06
61 329584 80613 2 1 0.00146422 135225
62 251978 374245 3 1 0.00164523 534271
63 125637 10813 3 1 0.00164491 954458
64 356064 226466 4 1 0.00185188 7.8315e+06
65 280923 72248 4 1 0.00182102 4.37667e+06
66 32759 163756 4 1 0.00184134 6.27153e+06
67 365988 344285 4 1 0.00182133 2.541e+06
68 403894 143220 4 1 0.00182258 4.75591e+06
69 1674 35843 2 1 0.00147279 129686
70 101297 33962 3 1 0.00164502 1.11366e+06
71 1072 77817 3 1 0.00163783 1.30294e+06
72 50196 217348 3 1 0.00164949 1.53199e+06
73 115198 306183 4 1 0.0018086 2.50248e+06
74 226044 207597 3 1 0.00163581 1.13094e+06
75 245694 23708 4 1 0.00217952 8.21787e+06
76 266520 125091 4 1 0.00184099 4.42426e+06
77 351958 24882 3 1 0.00137673 5.07723e+06
78 176378 360224 4 1 0.00183835 5.7073e+06
79 281288 138035 3 1 0.00164879 2.92276e+06
80 53363 157959 4 1 0.00276228 1.94716e+07
81 8921 294073 4 1 0.00186059 7.34661e+06
82 105907 322113 3 1 0.00165922 3.51551e+06
83 324760 177983 3 1 0.00165824 1.22419e+06
84 202793 307863 4 1 0.00186563 7.51541e+06
85 179318 377346 3 1 0.00170006 9.19205e+06
86 182665 222061 4 1 0.00181122 1.00264e+06
87 264625 96895 4 1 0.00253536 1.52345e+07
88 151727 277512 4 1 0.00217613 7.86211e+06
89 386909 134202 3 1 0.00165514 1.0265e+06
90 245859 264171 3 1 0.00165069 1.33217e+06
91 30265 334570 2 1 0.0014643 94242.7
92 367942 370108 3 1 0.0016491 783456
93 259342 345886 4 1 0.00184364 5.33836e+06
94 332972 26884 3 1 0.00168484 824413
95 283516 24821 4 1 0.00184306 3.75897e+06
96 72446 367827 4 1 0.00249069 1.06938e+07
97 77243 205202 4 1 0.00184626 6.58359e+06
98 209729 137657 3 1 0.00168639 3.79984e+06
99 27716 387216 4 1 0.00253657 1.82431e+07
max-ST-CON-level 5
min_time 0.00137673 s
max_time 0.0047108 s
mean_time 0.00188664 s
stddev_time 0.000471622
min_CONPS                   212.278 
max_CONPS                   726.357 
mean_CONPS                  550.958 
stddev_CONPS                89.7531 
mean_ST, mean_time, stddev_ST: 550.958, 0.00188664, 89.7531 
-----ST_CON_VISITED_NODES-----
min_visited, max_visited, mean_visited, stddev_visited: 19, 23756, 1563.5, 2781.73
