SCALE 16
Edgefactor 16.0
MPI-Nodes 1
Num-ST-CON=100
Filename graphs/dense/amazon0312.txt
Seed1 878024652
Seed2 152286565
ST-CON-RUN RED-V BLUE-V DEPTH MN-FOUND TIME(Sec) TEPS
0 184554 3582 3 1 0.00394071 747836
1 72680 9459 4 1 0.00181341 2.176e+06
2 132150 210189 4 1 0.00255102 7.12577e+06
3 3133 296619 4 1 0.00182164 5.14645e+06
4 66840 194225 2 1 0.00144383 90730.8
5 85617 281753 3 1 0.00161519 321324
6 215508 3006 3 1 0.00145475 5.0256e+06
7 345043 373171 3 1 0.00162848 1.66167e+06
8 3907 134385 4 1 0.00179036 1.70524e+06
9 109517 320059 4 1 0.00163531 6.22265e+06
10 82266 242265 3 1 0.00161814 1.01907e+06
11 44003 309495 2 1 0.00144268 75553.9
12 110842 328920 4 1 0.00256634 9.74072e+06
13 92900 212456 3 1 0.00174831 2.35084e+06
14 38964 349862 4 1 0.00180953 3.44896e+06
15 102809 110190 3 1 0.00163292 3.37371e+06
16 141535 364415 4 1 0.00180982 3.08594e+06
17 163390 248887 3 1 0.00161346 272706
18 273588 360011 5 1 0.00380182 5.5146e+07
19 154193 251863 5 1 0.00325583 2.12502e+07
20 341818 149324 4 1 0.00180695 2.06591e+06
21 51295 176858 3 1 0.00162631 1.38289e+06
22 377926 162220 3 1 0.00162203 3.24839e+06
23 351977 102657 4 1 0.00180892 5.06102e+06
24 234103 371435 4 1 0.00178312 2.7951e+06
25 280838 143946 5 1 0.00254576 7.9214e+06
26 109171 284291 4 1 0.0017682 4.52778e+06
27 36642 143129 3 1 0.00159444 1.58613e+06
28 187621 163310 3 1 0.00143165 3.27524e+06
29 63008 365540 3 1 0.00158768 3.25821e+06
30 266116 307491 3 1 0.00157572 1.09284e+06
31 232778 181395 4 1 0.00210505 8.53568e+06
32 336441 209379 4 1 0.00175334 1.24562e+06
33 193477 261218 4 1 0.0017515 1.10876e+06
34 188538 251916 4 1 0.00210287 7.92631e+06
35 265880 346630 4 1 0.00238365 8.9233e+06
36 282069 308851 3 1 0.00158015 849920
37 36335 154327 4 1 0.00179706 6.726e+06
38 329922 299616 3 1 0.00159268 3.67557e+06
39 234716 366908 4 1 0.00242551 9.46729e+06
40 141266 242207 3 1 0.00158754 770374
41 258399 214292 3 1 0.00158214 1.72425e+06
42 40571 370388 4 1 0.00177446 4.12859e+06
43 282189 197983 3 1 0.00157422 334135
44 48337 392448 4 1 0.00181034 5.55145e+06
45 219853 56818 3 1 0.00162562 1.53787e+06
46 80629 340776 3 1 0.0016075 439192
47 45895 191261 3 1 0.00228936 1.38689e+07
48 319124 316668 3 1 0.00160672 1.28585e+06
49 167942 119876 2 1 0.00141009 104249
50 247852 28331 4 1 0.00175926 2.57096e+06
51 78168 47136 3 1 0.00158805 948335
52 254732 63577 3 1 0.00160761 368249
53 3522 111545 4 1 0.00242035 1.05138e+07
54 64202 179477 3 1 0.00159857 2.64486e+06
55 44437 210787 3 1 0.00159678 3.35549e+06
56 363108 124875 4 1 0.00176838 5.12276e+06
57 90766 39596 3 1 0.00159819 2.6236e+06
58 259317 75480 3 1 0.00160145 1.34503e+06
59 209714 126290 3 1 0.00159425 1.38937e+06
60 276920 308960 3 1 0.00158168 740351
61 321945 78745 4 1 0.00178164 5.4231e+06
62 246137 365571 4 1 0.0017848 6.43095e+06
63 122725 10563 3 1 0.00158777 2.85368e+06
64 347811 221217 3 1 0.00160293 4.57537e+06
65 274411 70573 3 1 0.0015878 677036
66 31999 159960 3 1 0.00160212 4.66257e+06
67 357505 336305 3 1 0.00158619 917290
68 394532 139900 4 1 0.00177533 5.94257e+06
69 1636 35012 3 1 0.00159215 2.40744e+06
70 98949 33175 4 1 0.00175763 1.38368e+06
71 1047 76014 4 1 0.00176658 3.59791e+06
72 49032 212310 3 1 0.00158078 1.76179e+06
73 112527 299086 4 1 0.0017993 6.17239e+06
74 220804 202785 3 1 0.0015906 2.12876e+06
75 239999 23158 4 1 0.00179315 7.97868e+06
76 260342 122191 4 1 0.00177236 4.2243e+06
77 343800 24305 4 1 0.00181832 8.94231e+06
78 172290 351874 4 1 0.00177111 2.54078e+06
79 274768 134836 4 1 0.00180296 7.42059e+06
80 52126 154297 3 1 0.00159474 1.56075e+06
81 8714 287256 3 1 0.00157749 802541
82 103452 314647 3 1 0.00145788 8.65502e+06
83 317232 173857 4 1 0.00157665 3.2588e+06
84 198092 300727 3 1 0.00129944 3.96479e+06
85 175162 368599 4 1 0.00248683 1.69035e+07
86 178431 216914 3 1 0.00227441 1.45783e+07
87 258492 94649 3 1 0.00158958 1.95084e+06
88 148210 271080 3 1 0.00160085 1.94209e+06
89 377940 131091 4 1 0.00280343 2.04753e+07
90 240160 258047 4 1 0.00180883 8.0494e+06
91 29564 326815 5 1 0.00255378 8.23093e+06
92 359414 361529 4 1 0.00242495 1.38234e+07
93 253331 337868 5 1 0.00259586 1.36171e+07
94 325254 26261 4 1 0.00178911 4.91865e+06
95 276944 24245 3 1 0.00158903 3.59717e+06
96 70767 359301 4 1 0.0017649 4.00817e+06
97 75453 200445 3 1 0.00158661 572919
98 204868 134466 3 1 0.00159445 1.16717e+06
99 27074 378240 4 1 0.00178946 7.02948e+06
max-ST-CON-level 5
min_time 0.00129944 s
max_time 0.00394071 s
mean_time 0.00183331 s
stddev_time 0.000449001
min_CONPS                   253.762 
max_CONPS                   769.563 
mean_CONPS                  567.869 
stddev_CONPS                96.4697 
mean_ST, mean_time, stddev_ST: 567.869, 0.00183331, 96.4697 
-----ST_CON_VISITED_NODES-----
min_visited, max_visited, mean_visited, stddev_visited: 20, 31767, 1672.48, 3512.2
