SCALE 16
Edgefactor 16.0
MPI-Nodes 1
Num-ST-CON=100
Filename graphs/dense/soc-LiveJournal1.txt
Seed1 930900649
Seed2 1823577875
ST-CON-RUN RED-V BLUE-V DEPTH MN-FOUND TIME(Sec) TEPS
0 2232534 43334 2 1 0.0349617 93816.9
1 879204 114428 2 1 0.0223626 51603.9
2 1598611 2542639 3 1 0.0227805 356358
3 37909 3588185 3 1 0.0227437 116340
4 808558 2349525 3 1 0.0227378 1.50864e+06
5 1035707 3408345 3 1 0.0228053 3.33089e+06
6 2606988 36372 3 1 0.0227814 364814
7 4173966 4514218 4 1 0.0229638 709116
8 47274 1625644 3 1 0.0237588 5.28685e+06
9 1324825 3871735 3 1 0.0229554 2.28552e+06
10 995167 2930664 3 1 0.0225931 141371
11 532311 3743940 3 1 0.0229028 3.85936e+06
12 1340856 3978917 3 1 0.0227788 420391
13 1123814 2570066 3 1 0.0228418 1.59777e+06
14 471348 4232260 3 1 0.0227318 530798
15 1243672 1332962 3 1 0.0241917 2.86378e+07
16 1712136 4408307 4 1 0.0279051 8.87701e+07
17 1976522 3010773 3 1 0.02269 460335
18 3309571 4355024 4 1 0.0231166 862412
19 1865267 3046769 3 1 0.0226723 147184
20 4134946 1806365 3 1 0.0227666 375067
21 620513 2139439 3 1 0.0231109 3.53301e+06
22 4571743 1962367 3 1 0.0227404 384558
23 4257838 1241841 3 1 0.0227341 351850
24 2831925 4493219 4 1 0.0255238 1.43274e+08
25 3397281 1741307 3 1 0.0228354 1.30057e+06
26 1320639 3439052 3 1 0.0229124 2.10118e+06
27 443258 1731420 2 1 0.0223778 155466
28 2269644 1975550 3 1 0.0227263 1.02309e+06
29 762206 4421910 4 1 0.0232386 528388
30 3219184 3719702 3 1 0.0228395 308369
31 2815897 2194325 3 1 0.0227445 353185
32 4069899 2532841 3 1 0.0227448 249991
33 2340484 3159938 3 1 0.0225589 677249
34 2280729 3047409 3 1 0.022673 146077
35 3216336 4193163 4 1 0.0231149 1.13736e+06
36 3412175 3736146 4 1 0.0231333 961773
37 439545 1866890 3 1 0.0226765 4.31746e+06
38 3991044 3624430 3 1 0.0226999 58943
39 2839346 4438466 3 1 0.0243315 2.74303e+07
40 1708894 2929959 2 1 0.0223746 11307.4
41 3125833 2592275 3 1 0.0226976 315055
42 490784 4480553 3 1 0.022717 513845
43 3413621 2394985 3 1 0.0227464 282287
44 584729 4747414 4 1 0.0244859 7.92984e+06
45 2659549 687329 3 1 0.0229366 434023
46 975371 4122344 3 1 0.0237185 2.98961e+06
47 555199 2313678 2 1 0.0222692 1.33885e+06
48 3860424 3830713 3 1 0.0227703 121738
49 2031590 1450136 3 1 0.0238723 4.95548e+06
50 2998250 342723 3 1 0.0227288 364075
51 945597 570206 2 1 0.0230982 139318
52 3081475 769094 3 1 0.023712 4.35243e+06
53 42612 1349355 2 1 0.0224033 57804
54 776650 2171123 3 1 0.0228188 1.67844e+06
55 537562 2549883 2 1 0.0223176 58742.9
56 4392486 1510604 3 1 0.0227444 227924
57 1098000 478994 2 1 0.0223893 33140.9
58 3136944 913078 3 1 0.0228998 3.06409e+06
59 2536892 1527730 3 1 0.0227495 760194
60 3349879 3737472 3 1 0.0227091 57465.9
61 3894543 952574 3 1 0.0232106 2.10831e+06
62 2977508 4422282 3 1 0.0227881 380813
63 1484596 127781 3 1 0.022741 239392
64 4207446 2676047 3 1 0.0223206 494566
65 3319537 853725 3 1 0.0229812 1.52264e+06
66 387100 1935029 3 1 0.0238009 4.49097e+06
67 4324711 4068256 4 1 0.0244538 1.35387e+07
68 4772625 1692366 4 1 0.0244512 1.13776e+07
69 19792 423540 3 1 0.0228519 1.85162e+06
70 1196983 401320 3 1 0.0244459 1.01383e+07
71 12671 919535 3 1 0.0238765 4.4313e+06
72 593144 2568300 3 1 0.0239872 6.79446e+06
73 1361239 3618019 3 1 0.0242742 4.88721e+07
74 2671056 2453079 3 1 0.0227307 275575
75 2903256 280152 3 1 0.0228558 1.22945e+06
76 3149339 1478139 3 1 0.0227977 3.16286e+06
77 4158928 294022 3 1 0.0228158 1.71351e+06
78 2084182 4256599 3 1 0.0228368 399574
79 3323848 1631100 3 1 0.022741 479091
80 630570 1866529 3 1 0.0231535 4.13384e+06
81 105422 3474921 3 1 0.0241191 3.62224e+07
82 1251461 3806260 3 1 0.0228115 289153
83 3837535 2103144 3 1 0.0237651 7.86691e+06
84 2396313 3637875 4 1 0.0250379 8.99549e+07
85 2118920 4458918 3 1 0.0237304 1.39067e+07
86 2158472 2623990 3 1 0.0227723 590102
87 3126957 1144968 3 1 0.0238571 1.11267e+07
88 1792891 3279233 3 1 0.0235431 7.98766e+06
89 4571917 1585800 3 1 0.0239584 3.86386e+06
90 2905205 3121582 3 1 0.0228325 447957
91 357636 3953463 3 1 0.0238461 1.38481e+07
92 4347803 4373395 4 1 0.0232134 537577
93 3064527 4087170 3 1 0.0227445 191035
94 3934572 317686 3 1 0.0239801 4.78455e+06
95 3350171 293300 3 1 0.0226992 208157
96 856067 4346441 3 1 0.0229392 1.17022e+06
97 912752 2424774 3 1 0.022942 2.93566e+06
98 2478277 1626629 2 1 0.0223552 75150.4
99 327514 4575547 3 1 0.0238006 6.02133e+06
max-ST-CON-level 4
min_time 0.0222692 s
max_time 0.0349617 s
mean_time 0.0232798 s
stddev_time 0.00142711
min_CONPS                   28.6027 
max_CONPS                   44.9051 
mean_CONPS                  43.0761 
stddev_CONPS                2.01254 
mean_ST, mean_time, stddev_ST: 43.0761, 0.0232798, 2.01254 
-----ST_CON_VISITED_NODES-----
min_visited, max_visited, mean_visited, stddev_visited: 19, 88343, 3799.88, 11331.6
