SCALE 16
Edgefactor 16.0
MPI-Nodes 1
Num-ST-CON=100
Filename graphs/symmetric/hugetric-00010.mtx.alt
Seed1 1784857821
Seed2 1845195833
ST-CON-RUN RED-V BLUE-V DEPTH MN-FOUND TIME(Sec) TEPS
0 3036278 58935 1211 1 0.811294 6.78524e+06
1 1195731 155624 1100 1 0.734909 7.6024e+06
2 2174135 3458025 589 1 0.345786 4.48887e+06
3 51556 4879983 720 1 0.437898 5.63126e+06
4 1099651 3195388 261 1 0.142137 2.91951e+06
5 1408577 4635398 777 1 0.498562 5.90533e+06
6 3545541 49467 657 1 0.316579 3.75444e+06
7 5676653 6139400 577 1 0.352617 5.10798e+06
8 64293 2210899 1059 1 0.683454 6.90179e+06
9 1801781 5265615 549 1 0.334142 4.96092e+06
10 1353442 3985746 1423 1 0.905663 6.63193e+06
11 723951 5091811 496 1 0.289264 4.31279e+06
12 1823583 5411384 897 1 0.558611 5.91091e+06
13 1528404 3495326 1014 1 0.602954 5.99952e+06
14 641040 5755934 697 1 0.447663 6.33423e+06
15 1691412 1812847 921 1 0.598962 6.5541e+06
16 2328530 5995361 1311 1 0.894288 7.95948e+06
17 2688099 4094695 221 1 0.124065 1.88279e+06
18 4501063 5922894 1138 1 0.779182 6.94421e+06
19 2536790 4143649 1239 1 0.826803 7.70774e+06
20 5623586 2456682 1031 1 0.694054 7.20083e+06
21 843906 2909668 521 1 0.304454 4.56429e+06
22 6217636 2668847 599 1 0.342958 4.77192e+06
23 5790720 1688921 716 1 0.449865 6.32221e+06
24 3851458 6110843 855 1 0.555502 6.67045e+06
25 4620350 2368203 365 1 0.187067 3.39038e+06
26 1796089 4677160 1130 1 0.744295 6.78386e+06
27 602838 2354757 441 1 0.221379 3.95313e+06
28 3086748 2686777 616 1 0.37046 4.96745e+06
29 1036612 6013860 945 1 0.621283 7.19289e+06
30 4378136 5058848 994 1 0.635604 6.84565e+06
31 3829660 2984313 538 1 0.28468 3.99425e+06
32 5535120 3444700 502 1 0.250128 3.97752e+06
33 3183092 4297561 1163 1 0.75172 6.76947e+06
34 3101824 4144520 832 1 0.517237 5.93079e+06
35 4374263 5702761 669 1 0.41881 5.46887e+06
36 4640607 5081211 1122 1 0.736656 6.876e+06
37 597788 2538997 305 1 0.160336 2.40923e+06
38 5427877 4929276 995 1 0.64154 5.77467e+06
39 3861551 6036377 1263 1 0.816532 6.36657e+06
40 2324121 3984786 978 1 0.563042 5.47632e+06
41 4251178 3525531 590 1 0.318933 4.16573e+06
42 667473 6093616 611 1 0.379886 5.47468e+06
43 4642573 3257215 422 1 0.246988 4.10834e+06
44 795240 6456551 865 1 0.531658 5.47502e+06
45 3617025 934777 789 1 0.508717 6.43799e+06
46 1326519 5606447 801 1 0.486452 5.63567e+06
47 755079 3146636 698 1 0.43094 5.077e+06
48 5250232 5209824 196 1 0.112024 1.08683e+06
49 2762992 1972206 768 1 0.483476 5.8419e+06
50 4077663 466108 895 1 0.50698 4.9327e+06
51 1286025 775488 360 1 0.185713 3.21167e+06
52 4190850 1045979 571 1 0.340544 4.78823e+06
53 57953 1835142 1359 1 0.887875 7.45383e+06
54 1056255 2952758 1304 1 0.900656 7.24181e+06
55 731092 3467877 1258 1 0.823606 5.8264e+06
56 5973844 2054444 234 1 0.129556 1.98194e+06
57 1493295 651439 656 1 0.41019 6.04812e+06
58 4266289 1241799 876 1 0.555501 6.20658e+06
59 3450210 2077734 530 1 0.25738 2.84155e+06
60 4555883 5083015 944 1 0.601361 5.75837e+06
61 5296634 1295514 1232 1 0.815364 7.34093e+06
62 4049453 6014366 298 1 0.158725 3.12048e+06
63 2019073 173784 1118 1 0.736181 7.39813e+06
64 5722187 3639462 368 1 0.198187 3.70007e+06
65 4514618 1161078 940 1 0.616104 8.10517e+06
66 526461 2631668 1240 1 0.832885 6.41386e+06
67 5881669 5532886 1276 1 0.842039 7.66972e+06
68 6490838 2301643 675 1 0.417957 5.71436e+06
69 26918 576021 700 1 0.363119 4.53996e+06
70 1627914 545801 300 1 0.15875 2.30998e+06
71 17233 1250580 1319 1 0.877443 7.79919e+06
72 806684 3492925 804 1 0.456071 4.77191e+06
73 1851305 4920557 1029 1 0.660064 5.7272e+06
74 3632675 3336222 1272 1 0.835295 6.7829e+06
75 3948469 381010 1177 1 0.73148 6.43922e+06
76 4283147 2010291 493 1 0.247111 4.15749e+06
77 5656201 399875 727 1 0.434294 5.11981e+06
78 2834517 5789035 233 1 0.130517 2.81087e+06
79 4520481 2218320 358 1 0.18537 3.43324e+06
80 857584 2538506 1336 1 0.84769 7.12849e+06
81 143376 4725942 599 1 0.317635 4.3871e+06
82 1702005 5176568 1045 1 0.624706 6.09809e+06
83 5219102 2860307 636 1 0.359442 4.5542e+06
84 3259020 4947561 904 1 0.578722 6.00625e+06
85 2881761 6064193 668 1 0.405336 5.21887e+06
86 2935553 3568664 860 1 0.517626 5.68198e+06
87 4252706 1557173 471 1 0.234313 3.85435e+06
88 2438357 4459804 835 1 0.492736 5.50554e+06
89 6217872 2156711 109 1 0.0753965 735750
90 3951120 4245396 1390 1 0.930187 8.09981e+06
91 486390 5376766 550 1 0.277943 4.04109e+06
92 5913074 5947880 1131 1 0.75829 6.60345e+06
93 4167801 5558610 374 1 0.201609 3.48004e+06
94 5351074 432058 309 1 0.163805 3.04429e+06
95 4556281 398892 1141 1 0.753119 6.80616e+06
96 1164264 5911223 1463 1 1.00278 8.23387e+06
97 1241356 3297727 561 1 0.309199 4.42305e+06
98 3370492 2212239 886 1 0.586321 7.44206e+06
99 445423 6222809 1031 1 0.68677 6.88568e+06
max-ST-CON-level 1463
min_time 0.0753965 s
max_time 1.00278 s
mean_time 0.498715 s
stddev_time 0.241482
min_CONPS                   0.997224 
max_CONPS                   13.2632 
mean_CONPS                  2.81579 
stddev_CONPS                2.0744 
mean_ST, mean_time, stddev_ST: 2.81579, 0.498715, 2.0744 
-----ST_CON_VISITED_NODES-----
min_visited, max_visited, mean_visited, stddev_visited: 36966, 5.50597e+06, 2.04265e+06, 1.37067e+06
