SCALE 16
Edgefactor 16.0
MPI-Nodes 1
Num-ST-CON=100
Filename graphs/streets/road_central.mtx.txt.alt
Seed1 566774879
Seed2 1198256074
ST-CON-RUN RED-V BLUE-V DEPTH MN-FOUND TIME(Sec) TEPS
0 6485337 125882 1076 1 1.38103 3.36389e+06
1 2554021 332405 805 1 1.03522 4.26099e+06
2 4643842 7386168 506 1 0.659101 3.48005e+06
3 110123 10423399 992 1 1.23555 3.50066e+06
4 2348800 6825189 1220 1 1.58152 3.83672e+06
5 3008650 9900978 877 1 1.12601 4.05437e+06
6 7573098 105659 1044 1 1.35908 4.41065e+06
7 12125045 13113450 1837 1 2.36444 4.47574e+06
8 137328 4722368 260 1 0.337612 1.394e+06
9 3848515 11247089 830 1 1.10156 4.56042e+06
10 2890884 8513352 1465 1 1.9111 5.36312e+06
11 1546323 10875853 879 1 1.1242 3.44358e+06
12 3895083 11558444 791 1 1.02373 3.45742e+06
13 3264594 7465841 512 1 0.674604 3.1232e+06
14 1369231 12294385 427 1 0.509923 1.34772e+06
15 3612770 3872150 222 1 0.285881 1.1836e+06
16 4973623 12805789 838 1 1.04463 3.18407e+06
17 5741644 8746062 1211 1 1.56708 4.89878e+06
18 9614045 12651004 554 1 0.69741 1.98336e+06
19 5418457 8850627 1380 1 1.78478 4.79615e+06
20 12011696 5247350 845 1 1.07706 3.9043e+06
21 1802542 6214905 1036 1 1.30396 3.56283e+06
22 13280557 5700523 1666 1 2.11074 4.12176e+06
23 12368687 3607451 1115 1 1.44723 3.36605e+06
24 8226521 13052452 1508 1 1.94116 5.33102e+06
25 9868836 5058363 1131 1 1.48326 5.13297e+06
26 3836355 9990178 821 1 1.06176 4.57144e+06
27 1287632 5029642 1464 1 1.89539 4.3624e+06
28 6593138 5738820 937 1 1.23139 4.42466e+06
29 2214151 12845303 651 1 0.814066 2.46131e+06
30 9351479 10805445 589 1 0.725305 2.04365e+06
31 8179961 6374343 1231 1 1.58626 4.85139e+06
32 11822739 7357706 975 1 1.21252 3.12669e+06
33 6798925 9179375 1459 1 1.87193 4.75023e+06
34 6625340 8852487 1183 1 1.54915 5.07656e+06
35 9343206 12180811 608 1 0.750435 2.18191e+06
36 9912104 10853212 1419 1 1.82151 4.62308e+06
37 1276845 5423170 1135 1 1.45049 4.67896e+06
38 11593671 10528687 1583 1 2.02515 4.14286e+06
39 8248078 12893397 509 1 0.611933 1.49306e+06
40 4964205 8511302 1197 1 1.54966 4.92585e+06
41 9080303 7530358 1575 1 2.05317 5.09609e+06
42 1425689 13015657 1034 1 1.30338 3.58369e+06
43 9916302 6957247 1665 1 2.1126 4.69176e+06
44 1698592 13790868 713 1 0.866803 2.34791e+06
45 7725783 1996637 998 1 1.2559 3.05066e+06
46 2833379 11975089 783 1 0.997423 3.33443e+06
47 1612811 6721056 969 1 1.12687 2.254e+06
48 11214232 11127922 1960 1 2.49942 3.66562e+06
49 5901612 4212534 753 1 0.98002 3.19871e+06
50 8709684 995584 782 1 0.994824 2.99508e+06
51 2746886 1656404 1502 1 1.9612 6.01249e+06
52 8951445 2234159 1466 1 1.91425 4.77405e+06
53 123786 3919772 536 1 0.685543 2.46724e+06
54 2256108 6306943 1090 1 1.43985 5.08385e+06
55 1561577 7407211 1874 1 2.3824 4.52721e+06
56 12759830 4388189 941 1 1.23584 4.70787e+06
57 3189604 1391441 1861 1 2.45289 5.21947e+06
58 9112580 2652421 1065 1 1.42437 5.6699e+06
59 7369475 4437937 814 1 1.06795 4.46379e+06
60 9731137 10857064 346 1 0.444338 1.92573e+06
61 11313344 2767153 574 1 0.732214 2.67208e+06
62 8649428 12846384 703 1 0.887245 2.79673e+06
63 4312638 371195 930 1 1.19579 4.74469e+06
64 12222304 7773707 426 1 0.485539 947121
65 9642996 2480005 634 1 0.784484 2.38712e+06
66 1124495 5621110 1175 1 1.42006 2.31513e+06
67 12562950 11817966 994 1 1.24782 3.17487e+06
68 13864103 4916193 1657 1 2.13938 5.3373e+06
69 57495 1230352 790 1 1.01189 2.94655e+06
70 3477143 1165803 875 1 1.12109 4.48339e+06
71 36810 2671177 1502 1 1.96562 4.78578e+06
72 1723038 7460712 1244 1 1.57279 4.22328e+06
73 3954295 10510063 787 1 1.03473 4.55462e+06
74 7759211 7126003 498 1 0.631492 2.1487e+06
75 8433732 813819 1483 1 1.86534 4.54759e+06
76 9148586 4293880 322 1 0.408429 1.69978e+06
77 12081361 854113 731 1 0.917263 2.73538e+06
78 6054387 12365088 1947 1 2.5055 4.51585e+06
79 9655520 4738220 859 1 1.11297 4.65451e+06
80 1831757 5422121 1215 1 1.60012 4.91763e+06
81 306245 10094374 1222 1 1.60877 4.9556e+06
82 3635397 11056890 1774 1 2.31001 5.07494e+06
83 11147740 6109471 2117 1 2.64252 4.49103e+06
84 6961103 10567742 1220 1 1.53588 3.8303e+06
85 6155298 12952811 1685 1 2.15685 4.68522e+06
86 6270193 7622487 1557 1 2.01486 4.76175e+06
87 9083566 3326043 1250 1 1.63365 4.84091e+06
88 5208209 9525917 650 1 0.790906 2.43721e+06
89 13281061 4606627 1542 1 2.01707 5.33049e+06
90 8439394 9067952 215 1 0.273689 856080
91 1038904 11484502 1398 1 1.76957 4.38917e+06
92 12630029 12704372 1970 1 2.53057 4.9321e+06
93 8902213 11872911 1150 1 1.49882 4.39171e+06
94 11429626 922854 1480 1 1.89844 3.96617e+06
95 9731987 852015 739 1 0.968428 4.07778e+06
96 2486810 12626074 1470 1 1.87803 3.2736e+06
97 2651474 7043779 163 1 0.227554 972046
98 7199202 4725232 700 1 0.89533 3.54126e+06
99 951403 13291607 988 1 1.29064 4.29089e+06
max-ST-CON-level 2117
min_time 0.227554 s
max_time 2.64252 s
mean_time 1.36105 s
stddev_time 0.583993
min_CONPS                   0.378427 
max_CONPS                   4.39456 
mean_CONPS                  0.963916 
stddev_CONPS                0.689054 
mean_ST, mean_time, stddev_ST: 0.963916, 1.36105, 0.689054 
-----ST_CON_VISITED_NODES-----
min_visited, max_visited, mean_visited, stddev_visited: 175009, 1.05765e+07, 4.72063e+06, 2.83073e+06
