SCALE 16
Edgefactor 16.0
MPI-Nodes 1
Num-ST-CON=100
Filename graphs/dense/email-EuAll.txt
Seed1 217404792
Seed2 254471737
ST-CON-RUN RED-V BLUE-V DEPTH MN-FOUND TIME(Sec) TEPS
0 122143 2370 2 1 0.00156198 88989.4
1 48102 6260 2 1 0.00122086 157266
2 87461 139110 2 1 0.00101165 177927
3 2074 196312 2 1 0.0010242 143527
4 44236 128544 3 1 0.001206 3.4685e+06
5 56664 186473 2 1 0.00106062 237596
6 142630 1989 2 1 0.00102013 458765
7 228361 246976 11 0 0.00511144 6.66732e+07
8 2586 88940 2 1 0.00101382 63127.4
9 72482 211826 2 1 0.00101971 141217
10 54446 160339 2 1 0.00102827 607819
11 29123 204834 2 1 0.00102659 231836
12 73359 217690 2 1 0.00124312 83660.3
13 61484 140610 11 0 0.00516981 6.59204e+07
14 25787 231550 2 1 0.00099196 217751
15 68042 72927 2 1 0.00101477 223696
16 93672 241182 2 1 0.00102906 183662
17 108137 164722 2 1 0.00102222 37173.9
18 181069 238267 3 1 0.00184496 7.28418e+06
19 102050 166691 3 1 0.00121296 3.4824e+06
20 226226 98827 2 1 0.00104832 305251
21 33948 117050 2 1 0.00101829 501824
22 250124 107362 2 1 0.00102025 162705
23 232950 67942 2 1 0.00101651 225281
24 154937 245828 2 1 0.00102654 203597
25 185868 95268 2 1 0.00123798 121973
26 72253 188153 11 0 0.00543361 6.30601e+07
27 24251 94727 2 1 0.00102293 75274.3
28 124174 108084 11 0 0.00516521 6.59865e+07
29 41701 241926 2 1 0.00099 43434.3
30 176124 203508 2 1 0.00103287 487963
31 154060 120053 12 0 0.00568956 5.98985e+07
32 222667 138574 11 0 0.00513572 6.6358e+07
33 128050 172883 11 0 0.00514181 6.62796e+07
34 124780 166726 2 1 0.000997209 330924
35 175968 229411 2 1 0.00107148 75596.3
36 186683 204407 2 1 0.00101661 240013
37 24047 102139 12 0 0.00570341 5.9753e+07
38 218353 198295 2 1 0.000991455 294517
39 155343 242832 11 0 0.00512207 6.6535e+07
40 93495 160300 11 0 0.00541188 6.29721e+07
41 171017 141825 2 1 0.000992653 100740
42 26851 245135 3 1 0.0018308 4.64278e+06
43 186762 131031 11 0 0.00508926 6.69638e+07
44 31991 259735 2 1 0.000997983 558126
45 145506 37604 3 1 0.00120468 4.06165e+06
46 53363 225537 2 1 0.00102013 480332
47 30375 126583 2 1 0.00102905 25266
48 211207 209581 2 0 0.00100747 1985.17
49 111150 79338 2 1 0.000987694 44548.2
50 164036 18750 2 1 0.00101849 64801.9
51 51734 31196 11 0 0.00513813 6.63274e+07
52 168590 42077 2 1 0.000992692 339481
53 2331 73824 2 1 0.00103115 252146
54 42491 118784 2 1 0.00105586 62508.3
55 29410 139506 2 1 0.00103012 314525
56 240316 82646 2 1 0.00101628 63959
57 60072 26206 2 1 0.00102116 263426
58 171625 49955 2 1 0.00103452 143061
59 138795 83583 2 1 0.00101492 115280
60 183274 204480 2 1 0.00102236 128135
61 213073 52116 2 1 0.0010261 17542.1
62 162902 241947 2 1 0.00102316 234567
63 81223 6991 2 1 0.00103236 67805.9
64 230193 146408 2 1 0.00102496 93661.9
65 181614 46708 2 1 0.00100074 161880
66 21178 105867 3 1 0.00143403 3.83535e+06
67 236608 222577 3 1 0.00121337 3.58589e+06
68 261114 92590 2 1 0.00100427 249933
69 1082 23172 2 1 0.00127954 3.31056e+06
70 65488 21956 2 1 0.00101444 558931
71 693 50308 2 1 0.00103935 7.36329e+06
72 32451 140514 11 0 0.00552348 6.16995e+07
73 74474 197945 2 1 0.000888284 192506
74 146135 134210 2 1 0.00102431 540852
75 158839 15327 2 1 0.000999728 494134
76 172303 80870 11 0 0.00544875 6.25457e+07
77 227538 16086 11 0 0.00509743 6.68564e+07
78 114027 232882 2 1 0.000988685 201277
79 181850 89238 11 0 0.00551751 6.17663e+07
80 34499 102119 2 1 0.000991405 237037
81 5767 190116 2 1 0.00102926 108816
82 68468 208243 11 0 0.0051712 6.59028e+07
83 209954 115064 11 0 0.0052646 6.47339e+07
84 131104 199031 11 0 0.00540806 6.30189e+07
85 115928 243951 2 1 0.000987357 141793
86 118091 143560 2 1 0.00103295 76479.7
87 171078 62642 2 1 0.00101744 63885.9
88 98090 179409 11 0 0.00514025 6.62995e+07
89 250133 86760 2 1 0.000992988 122862
90 158946 170784 2 1 0.00103201 18410.6
91 19566 216297 2 1 0.00102463 446016
92 237872 239272 2 1 0.00102528 27309.6
93 167663 223612 2 1 0.00102058 146976
94 215263 17380 2 1 0.00101493 43352.9
95 183290 16046 12 0 0.0053388 6.38338e+07
96 46836 237797 10 0 0.00524816 6.51975e+07
97 49937 132661 2 1 0.00100371 263024
98 135588 88994 11 0 0.0054308 6.27525e+07
99 17918 250332 2 1 0.000993751 206289
max-ST-CON-level 12
min_time 0.000888284 s
max_time 0.00570341 s
mean_time 0.00204412 s
stddev_time 0.00179631
min_CONPS                   175.334 
max_CONPS                   1125.77 
mean_CONPS                  773.234 
stddev_CONPS                332.651 
mean_ST, mean_time, stddev_ST: 773.234, 0.00204412, 332.651 
-----ST_CON_VISITED_NODES-----
min_visited, max_visited, mean_visited, stddev_visited: 4, 226682, 51956.1, 95044.4
