SCALE 16
Edgefactor 16.0
MPI-Nodes 1
Num-ST-CON=100
Filename graphs/dense/amazon0302.txt
Seed1 612483365
Seed2 473887165
ST-CON-RUN RED-V BLUE-V DEPTH MN-FOUND TIME(Sec) TEPS
0 120714 2343 4 1 0.00188418 769036
1 47539 6187 4 1 0.00140698 919701
2 86438 137482 4 1 0.00144717 779450
3 2049 194016 4 1 0.00148096 3.64695e+06
4 43719 127040 4 1 0.00143725 1.62811e+06
5 56001 184291 5 1 0.00164483 2.7638e+06
6 140961 1966 5 1 0.00165556 4.08141e+06
7 225689 244087 4 1 0.00243171 5.65117e+06
8 2556 87899 3 1 0.0012793 390839
9 71634 209347 3 1 0.00127232 157979
10 53809 158463 4 1 0.00148789 4.44991e+06
11 28782 202437 4 1 0.00145314 815475
12 72501 215143 5 1 0.00182268 1.65525e+06
13 60765 138965 3 1 0.00128548 192924
14 25486 228841 4 1 0.00145682 1.84099e+06
15 67246 72074 4 1 0.00147816 3.37785e+06
16 92576 238360 5 1 0.00166179 4.70396e+06
17 106872 162794 5 1 0.00222486 7.99195e+06
18 178951 235479 5 1 0.00158569 2.7931e+06
19 100856 164741 6 1 0.00197921 2.83194e+06
20 223579 97671 4 1 0.00140056 442680
21 33551 115681 6 1 0.00230508 5.17248e+06
22 247197 106106 7 1 0.00266795 1.53185e+07
23 230224 67147 4 1 0.00146742 1.78204e+06
24 153124 242951 5 1 0.00158444 1.6176e+06
25 183693 94153 4 1 0.00142229 760744
26 71408 185952 4 1 0.00141719 1.09795e+06
27 23967 93619 4 1 0.00162117 1.35705e+06
28 122721 106819 4 1 0.00141243 963588
29 41213 239096 6 1 0.00208271 5.64984e+06
30 174063 201127 4 1 0.00142244 1.22255e+06
31 152257 118648 4 1 0.00143569 4.23767e+06
32 220062 136952 3 1 0.00141971 507147
33 126551 170860 4 1 0.00161453 586548
34 123320 164775 4 1 0.00161947 1.47579e+06
35 173909 226727 5 1 0.00142703 2.4099e+06
36 184499 202016 6 1 0.00268534 1.42068e+07
37 23766 100944 6 1 0.00235442 7.10875e+06
38 215798 195975 7 1 0.00258719 1.1785e+07
39 153525 239991 5 1 0.00159192 2.78595e+06
40 92401 158425 5 1 0.00175544 1.83544e+06
41 169016 140166 4 1 0.00140271 656588
42 26537 242267 5 1 0.00190612 5.48285e+06
43 184577 129498 5 1 0.00226104 1.12904e+07
44 31616 256696 4 1 0.00139072 771543
45 143803 37164 4 1 0.00142363 2.94388e+06
46 52739 222898 4 1 0.00141332 835620
47 30020 125102 5 1 0.00181066 3.8892e+06
48 208736 207129 4 1 0.00138665 1.44954e+06
49 109849 78410 7 1 0.00278315 5.26992e+06
50 162117 18531 5 1 0.00225209 5.55928e+06
51 51129 30831 4 1 0.00126779 2.43337e+06
52 166617 41585 5 1 0.0015906 2.65498e+06
53 2304 72960 5 1 0.00161514 5.14072e+06
54 41994 117394 4 1 0.0014565 5.45968e+06
55 29066 137874 5 1 0.00158183 1.91361e+06
56 237505 81679 6 1 0.00194817 1.65643e+06
57 59369 25899 3 1 0.00120659 159955
58 169617 49370 4 1 0.00141345 1.0011e+06
59 137171 82605 4 1 0.00141291 455798
60 181130 202088 6 1 0.00173748 852383
61 210581 51506 6 1 0.00249995 1.8954e+07
62 160996 239116 4 1 0.00143483 1.19038e+06
63 80273 6909 4 1 0.00163224 2.37282e+06
64 227499 144695 5 1 0.00156873 1.39858e+06
65 179489 46161 4 1 0.00209133 8.42669e+06
66 20930 104628 4 1 0.00143187 1.19214e+06
67 233840 219973 7 1 0.00312879 4.25717e+07
68 258059 91507 5 1 0.00158845 1.89303e+06
69 1070 22901 3 1 0.00147602 408531
70 64721 21699 4 1 0.00140208 543479
71 685 49719 3 1 0.00126308 1.67606e+06
72 32071 138870 4 1 0.0014334 3.32218e+06
73 73603 195629 5 1 0.00161931 3.8399e+06
74 144426 132639 4 1 0.00142022 1.08786e+06
75 156981 15148 6 1 0.00196465 3.01936e+06
76 170287 79924 6 1 0.00236901 5.17643e+06
77 224876 15898 5 1 0.00165609 5.34211e+06
78 112693 230157 3 1 0.00145273 746868
79 179723 88194 6 1 0.00176991 3.18999e+06
80 34095 100924 3 1 0.00125776 2.22697e+06
81 5700 187891 5 1 0.00161637 3.39402e+06
82 67667 205807 4 1 0.0016975 2.52077e+06
83 207498 113718 6 1 0.00240336 5.19523e+06
84 129570 196702 4 1 0.00146524 569873
85 114571 241097 5 1 0.0015957 1.57674e+06
86 116710 141881 5 1 0.00158236 1.00356e+06
87 169077 61909 5 1 0.00220966 6.29961e+06
88 96943 177310 6 1 0.00238833 6.68793e+06
89 247207 85745 5 1 0.00162315 5.26016e+06
90 157086 168786 5 1 0.00148685 5.76655e+06
91 19337 213766 4 1 0.00143886 3.49305e+06
92 235089 236472 5 1 0.00182106 4.23599e+06
93 165701 220996 4 1 0.00142995 1.53502e+06
94 212745 17177 5 1 0.00158422 1.3584e+06
95 181146 15858 4 1 0.00144813 2.61854e+06
96 46288 235015 3 1 0.00125028 229549
97 49353 131109 3 1 0.00144871 450744
98 134002 87953 5 1 0.00181661 2.7298e+06
99 17708 247403 5 1 0.00182602 3.82472e+06
max-ST-CON-level 7
min_time 0.00120659 s
max_time 0.00312879 s
mean_time 0.00169524 s
stddev_time 0.000396265
min_CONPS                   319.612 
max_CONPS                   828.781 
mean_CONPS                  616.133 
stddev_CONPS                116.428 
mean_ST, mean_time, stddev_ST: 616.133, 0.00169524, 116.428 
-----ST_CON_VISITED_NODES-----
min_visited, max_visited, mean_visited, stddev_visited: 54, 36510, 1992.6, 4097.18
