SCALE 16
Edgefactor 16.0
MPI-Nodes 1
Num-ST-CON=100
Filename graphs/streets/roadNet-TX.mtx.txt.alt
Seed1 1580721383
Seed2 1372417510
ST-CON-RUN RED-V BLUE-V DEPTH MN-FOUND TIME(Sec) TEPS
0 641719 12455 203 1 0.084483 5.83321e+06
1 252718 32891 240 1 0.0899531 9.8384e+06
2 459504 730855 137 1 0.0531279 7.59153e+06
3 10896 1031387 79 1 0.0193511 3.69224e+06
4 232411 675347 103 1 0.0250713 5.81624e+06
5 297703 979694 831 0 0.238512 8.05268e+06
6 749352 10454 185 1 0.0675167 7.63905e+06
7 1199763 1297565 367 1 0.119654 8.56134e+06
8 13588 467274 201 1 0.0721164 8.40118e+06
9 380807 1112890 97 1 0.0277371 7.15831e+06
10 286050 842389 210 1 0.0926993 7.53987e+06
11 153007 1076157 283 1 0.125914 8.14117e+06
12 385415 1143699 291 1 0.0685742 9.72084e+06
13 323029 738739 30 1 0.00896884 1.1162e+06
14 135484 1216519 355 1 0.126314 8.8343e+06
15 357480 383146 116 1 0.0281604 8.04757e+06
16 492136 1267122 340 1 0.149306 7.54128e+06
17 568131 865416 73 1 0.0181276 3.71289e+06
18 951302 1251807 48 1 0.0129145 2.71572e+06
19 536152 875762 301 1 0.120522 9.01334e+06
20 1188548 519221 249 1 0.0866917 8.49245e+06
21 178360 614960 322 1 0.118466 9.40289e+06
22 1314100 564062 221 1 0.0924636 8.06271e+06
23 1223872 356954 341 1 0.124135 7.9464e+06
24 814007 1291530 318 1 0.113116 1.05527e+07
25 976513 500521 190 1 0.0795324 7.94722e+06
26 379604 988520 196 1 0.0781959 7.34578e+06
27 127410 497679 323 1 0.12138 9.60909e+06
28 652385 567851 161 1 0.0552595 7.30315e+06
29 219088 1271032 131 1 0.0314531 7.44961e+06
30 925321 1069190 213 1 0.0922446 8.04765e+06
31 809400 630736 237 1 0.0810362 7.89547e+06
32 1169850 728039 210 1 0.076883 8.5734e+06
33 672748 908292 255 1 0.107181 7.96463e+06
34 655572 875946 188 1 0.0739005 8.14486e+06
35 924503 1205281 311 1 0.108632 8.29777e+06
36 980795 1073916 271 1 0.0986334 7.81422e+06
37 126342 536618 323 1 0.128793 8.94444e+06
38 1147184 1041805 246 1 0.0977765 8.01345e+06
39 816140 1275791 222 1 0.0654864 7.99942e+06
40 491204 842186 61 1 0.0167472 5.84068e+06
41 898489 745123 302 1 0.118131 8.05161e+06
42 141070 1287889 199 1 0.0617173 8.05682e+06
43 981210 688414 315 1 0.108664 8.11073e+06
44 168074 1364595 342 1 0.11737 8.86492e+06
45 764460 197565 447 1 0.155129 7.80642e+06
46 280360 1184925 178 1 0.0620677 6.77742e+06
47 159586 665043 284 1 0.100404 8.37453e+06
48 1109639 1101099 30 1 0.00903437 1.31121e+06
49 583960 416826 230 1 0.0928008 8.89925e+06
50 861816 98512 164 1 0.0662427 7.68351e+06
51 271802 163899 110 1 0.035649 6.94884e+06
52 885738 221068 311 1 0.0870538 6.82427e+06
53 12248 387858 170 1 0.0574878 7.942e+06
54 223240 624067 225 1 0.0857434 7.7813e+06
55 154516 732937 229 1 0.0871324 8.50392e+06
56 1262575 434207 410 1 0.134452 8.84137e+06
57 315608 137682 911 0 0.249597 7.69504e+06
58 901682 262455 258 1 0.106537 7.88107e+06
59 729203 439130 399 1 0.138158 9.141e+06
60 962888 1074298 183 1 0.0719428 7.09448e+06
61 1119446 273807 212 1 0.0843541 7.93848e+06
62 855854 1271139 371 1 0.114316 7.49798e+06
63 426732 36729 185 1 0.0437271 7.08613e+06
64 1209387 769202 54 1 0.0141514 2.05485e+06
65 954167 245394 138 1 0.0417481 7.13578e+06
66 111267 556204 275 1 0.106515 9.49843e+06
67 1243094 1169378 151 1 0.052472 7.44481e+06
68 1371842 486453 235 1 0.0784746 8.48529e+06
69 5689 121742 282 1 0.101917 9.33359e+06
70 344060 115355 179 1 0.0591909 8.05007e+06
71 3642 264310 193 1 0.0690176 8.40988e+06
72 170493 738231 364 1 0.124543 8.57695e+06
73 391274 1039962 209 1 0.0645971 8.40054e+06
74 767767 705112 180 1 0.0457571 8.15426e+06
75 834511 80526 212 1 0.0733969 7.77989e+06
76 905245 424876 267 1 0.105748 8.25696e+06
77 1195441 84513 315 1 0.103478 8.48721e+06
78 599076 1223515 245 1 0.087409 7.44164e+06
79 955406 468843 129 1 0.0473463 7.46415e+06
80 181251 536514 141 1 0.0512734 7.55518e+06
81 30302 998830 340 1 0.132378 9.65146e+06
82 359719 1094070 116 1 0.0395833 7.24763e+06
83 1103060 604527 283 1 0.124437 7.94762e+06
84 688795 1045669 111 1 0.026524 5.1868e+06
85 609062 1281670 323 1 0.119397 9.24559e+06
86 620430 754239 337 1 0.113854 8.55231e+06
87 898811 329109 121 1 0.0285398 4.55193e+06
88 515348 942582 318 1 0.0990732 8.00412e+06
89 1314150 455822 177 1 0.0765239 8.20293e+06
90 835071 897266 261 1 0.108415 9.07758e+06
91 102798 1136382 176 1 0.0587347 7.34727e+06
92 1249731 1257087 43 1 0.0118186 1.45669e+06
93 880867 1174815 307 1 0.0988356 8.2513e+06
94 1130952 91315 318 1 0.127829 7.69198e+06
95 962972 84306 130 1 0.0308288 5.37984e+06
96 246067 1249340 186 1 0.0663099 7.87668e+06
97 262361 696976 32 1 0.00946481 713591
98 712355 467558 114 1 0.035087 7.082e+06
99 94140 1315194 180 1 0.0692209 7.8166e+06
max-ST-CON-level 911
min_time 0.00896884 s
max_time 0.249597 s
mean_time 0.0818863 s
stddev_time 0.0434812
min_CONPS                   4.00646 
max_CONPS                   111.497 
mean_CONPS                  20.1199 
stddev_CONPS                21.6823 
mean_ST, mean_time, stddev_ST: 20.1199, 0.0818863, 21.6823 
-----ST_CON_VISITED_NODES-----
min_visited, max_visited, mean_visited, stddev_visited: 4758, 1.37864e+06, 477865, 278895
