SCALE 16
Edgefactor 16.0
MPI-Nodes 1
Num-ST-CON=100
Filename graphs/dense/amazon0601.txt
Seed1 2104081580
Seed2 358869656
ST-CON-RUN RED-V BLUE-V DEPTH MN-FOUND TIME(Sec) TEPS
0 185782 3606 4 1 0.00399242 2.81158e+06
1 73163 9522 3 1 0.00166505 3.88036e+06
2 133029 211587 4 1 0.00261326 1.28541e+07
3 3154 298594 3 1 0.00161794 2.71086e+06
4 67284 195517 3 1 0.00161241 1.91887e+06
5 86187 283628 3 1 0.00161051 594223
6 216942 3026 3 1 0.00162412 4.12962e+06
7 347340 375654 3 1 0.00162937 2.7661e+06
8 3933 135279 3 1 0.00164321 4.63606e+06
9 110246 322189 4 1 0.00266431 1.75689e+07
10 82813 243877 3 1 0.00161872 1.39926e+06
11 44296 311555 3 1 0.00161219 1.08672e+06
12 111580 331109 3 1 0.00162156 2.01473e+06
13 93519 213870 3 1 0.00164146 5.71748e+06
14 39223 352191 2 1 0.00143974 114604
15 103493 110923 3 1 0.00161417 919357
16 142476 366841 4 1 0.00179921 2.12371e+06
17 164478 250544 4 1 0.00244852 1.50691e+07
18 275408 362407 4 1 0.00178726 7.5294e+06
19 155219 253539 4 1 0.00177487 7.58927e+06
20 344093 150318 4 1 0.0017589 3.93201e+06
21 51636 178035 3 1 0.00159197 1.85682e+06
22 380441 163300 3 1 0.0015008 1.89632e+06
23 354319 103340 3 1 0.00158651 2.63976e+06
24 235661 373907 4 1 0.00240769 9.39322e+06
25 282707 144904 4 1 0.00179512 7.81063e+06
26 109898 286183 4 1 0.00238372 9.13487e+06
27 36886 144081 4 1 0.00207808 8.51698e+06
28 188870 164397 4 1 0.00176833 4.30633e+06
29 63427 367973 3 1 0.00158349 1.65584e+06
30 267887 309538 3 1 0.0015789 1.0216e+06
31 234327 182602 3 1 0.00158122 1.15986e+06
32 338680 210772 3 1 0.00158512 863654
33 194765 262957 4 1 0.00293117 3.01122e+07
34 189792 253592 4 1 0.00180694 5.80817e+06
35 267650 348937 4 1 0.00209122 9.01246e+06
36 283947 310906 5 1 0.00263351 1.403e+07
37 36577 155354 3 1 0.00158338 2.51866e+06
38 332118 301610 3 1 0.00158586 1.03351e+06
39 236278 369350 4 1 0.00177505 4.17227e+06
40 142207 243819 4 1 0.0017591 3.98045e+06
41 260119 215718 4 1 0.00242208 9.71728e+06
42 40841 372853 4 1 0.00244533 1.42701e+07
43 284067 199300 4 1 0.00176081 849040
44 48658 395060 5 1 0.00262004 1.47925e+07
45 221316 57196 3 1 0.00159631 1.62938e+06
46 81166 343044 4 1 0.00175493 2.80809e+06
47 46201 192534 3 1 0.00159379 1.7198e+06
48 321248 318776 4 1 0.00246311 1.9585e+07
49 169060 120674 3 1 0.00158554 1.39448e+06
50 249502 28520 2 1 0.00141063 248824
51 78688 47450 3 1 0.00160697 2.9789e+06
52 256427 64000 4 1 0.00179351 5.66711e+06
53 3546 112287 3 1 0.00157802 1.64257e+06
54 64629 180671 4 1 0.00208742 8.96275e+06
55 44733 212190 4 1 0.00209488 8.61624e+06
56 365524 125706 3 1 0.00159469 982009
57 91371 39859 3 1 0.00159036 1.6795e+06
58 261043 75982 3 1 0.00158171 1.34095e+06
59 211109 127131 5 1 0.0026696 1.97085e+07
60 278763 311017 3 1 0.00158868 690510
61 324087 79269 4 1 0.00183047 5.29428e+06
62 247775 368004 2 1 0.00141986 59160.9
63 123542 10633 4 1 0.00242496 1.21507e+07
64 350126 222689 3 1 0.00158019 1.95989e+06
65 276238 71043 4 1 0.00179679 7.73991e+06
66 32212 161025 3 1 0.00158608 1.81832e+06
67 359884 338543 4 1 0.00178474 4.21181e+06
68 397158 140831 3 1 0.00167519 8.55905e+06
69 1647 35245 3 1 0.00159766 3.53329e+06
70 99608 33396 3 1 0.00225203 8.19573e+06
71 1054 76519 3 1 0.00161628 5.16803e+06
72 49359 213723 4 1 0.00179925 6.24316e+06
73 113276 301076 3 1 0.00157727 1.11648e+06
74 222274 204135 4 1 0.0017979 7.38472e+06
75 241597 23313 3 1 0.00159725 3.53546e+06
76 262075 123004 3 1 0.00129815 1.44513e+06
77 346088 24467 3 1 0.00159646 1.71066e+06
78 173437 354216 3 1 0.00160043 2.46183e+06
79 276596 135733 3 1 0.00159406 4.56508e+06
80 52473 155324 4 1 0.00208858 8.33723e+06
81 8772 289168 3 1 0.00159771 2.61687e+06
82 104141 316741 3 1 0.00158818 632170
83 319343 175015 3 1 0.00157525 1.49817e+06
84 199411 302728 4 1 0.00241742 8.70514e+06
85 176327 371052 4 1 0.00178326 6.30028e+06
86 179619 218357 3 1 0.00159634 853829
87 260212 95279 4 1 0.00175658 1.18355e+06
88 149197 272884 4 1 0.00179696 6.53714e+06
89 380456 131963 3 1 0.00160102 2.84194e+06
90 241759 259765 4 1 0.00171283 6.43906e+06
91 29761 328990 4 1 0.00181305 1.03583e+07
92 361806 363935 2 1 0.00141466 79878.1
93 255017 340117 3 1 0.00159269 1.49935e+06
94 327418 26436 4 1 0.00180109 4.67605e+06
95 278787 24407 3 1 0.00160993 2.92745e+06
96 71238 361693 4 1 0.00179383 5.99278e+06
97 75955 201779 3 1 0.00159879 2.64638e+06
98 206232 135361 3 1 0.00160075 2.93426e+06
99 27254 380758 5 1 0.00358394 6.41275e+07
max-ST-CON-level 5
min_time 0.00129815 s
max_time 0.00399242 s
mean_time 0.00183983 s
stddev_time 0.000440977
min_CONPS                   250.475 
max_CONPS                   770.326 
mean_CONPS                  565.841 
stddev_CONPS                97.8006 
mean_ST, mean_time, stddev_ST: 565.841, 0.00183983, 97.8006 
-----ST_CON_VISITED_NODES-----
min_visited, max_visited, mean_visited, stddev_visited: 14, 35013, 1914.37, 3932.79
