SCALE 16
Edgefactor 16.0
MPI-Nodes 1
Num-ST-CON=100
Filename graphs/dense/com-youtube.txt
Seed1 1693502576
Seed2 295240072
ST-CON-RUN RED-V BLUE-V DEPTH MN-FOUND TIME(Sec) TEPS
0 533234 27330 2 1 0.00882396 327971
1 209995 607302 3 1 0.00360023 2.92557e+07
2 381823 857028 3 1 0.002666 1.42348e+06
3 9054 561177 3 1 0.00406153 8.58088e+07
4 193122 814073 3 1 0.00270918 2.89386e+06
5 247375 8687 2 1 0.00246475 557866
6 622671 1078208 4 1 0.00294176 1.13034e+07
7 996940 388280 4 1 0.00373462 1.39294e+07
8 11291 924753 2 1 0.00247588 668853
9 316430 699981 2 1 0.00247613 161138
10 237693 894229 3 1 0.00275035 1.63881e+07
11 127141 950353 2 1 0.00251526 1.30722e+06
12 320259 613853 3 1 0.00266256 2.79693e+06
13 268420 1010863 4 1 0.00429978 1.29213e+08
14 112580 318374 2 1 0.00244271 725423
15 297047 1052911 3 1 0.00264982 599287
16 408939 719114 3 1 0.00330919 1.07927e+07
17 472086 1040185 3 1 0.00264176 135137
18 790481 727712 2 1 0.00244465 91628.6
19 445513 431445 3 1 0.00267518 325586
20 987620 510999 4 1 0.00410461 8.319e+07
21 148207 468705 3 1 0.00267976 1.09017e+07
22 1091948 296610 4 1 0.0039465 6.19154e+07
23 1016972 1073192 4 1 0.00394385 5.4554e+07
24 676397 415906 3 1 0.00330536 3.01613e+07
25 811431 821408 3 1 0.00260571 330428
26 315431 413545 2 1 0.00244261 106853
27 105871 471854 2 1 0.00247307 3.33755e+06
28 542098 1056160 3 1 0.00329687 5.3572e+06
29 182050 524108 3 1 0.00272971 9.85635e+06
30 768893 604962 3 1 0.00266563 2.0468e+06
31 672569 754742 3 1 0.00271751 6.98176e+06
32 972084 727865 3 1 0.00267129 1.25557e+06
33 559018 1001525 4 1 0.00308866 2.62477e+06
34 544745 445901 3 1 0.00271097 1.20105e+06
35 768212 865685 3 1 0.00286992 702459
36 814988 1060115 3 1 0.00266406 760492
37 104984 699812 2 1 0.00265257 338539
38 953249 619157 4 1 0.00284959 138266
39 678169 1070167 3 1 0.00353313 1.12942e+07
40 408164 572035 3 1 0.00266531 2.95763e+06
41 746596 1133906 3 1 0.00330238 7.44797e+06
42 117222 164166 2 1 0.00266915 427851
43 815333 984610 4 1 0.00290225 2.91395e+06
44 139660 552615 3 1 0.00389447 8.88308e+07
45 635225 914955 6 1 0.0101088 2.43801e+08
46 232964 346361 3 1 0.00253111 844689
47 132607 81858 2 1 0.00266984 77907.3
48 922051 136192 3 1 0.0027333 1.1879e+07
49 485239 183696 3 1 0.00266451 1.31243e+06
50 716123 322289 3 1 0.00266148 1.93577e+06
51 225853 518566 3 1 0.00269765 8.21715e+06
52 736001 609032 3 1 0.00263598 819808
53 10177 360803 2 1 0.00243825 83256.3
54 185500 114406 2 1 0.00244339 87992.4
55 128395 218086 3 1 0.00331352 1.37244e+07
56 1049133 364894 3 1 0.00268467 1.45679e+06
57 262254 892684 3 1 0.00263614 315234
58 749250 227519 3 1 0.00286683 129411
59 605929 1056249 4 1 0.00284061 321058
60 800109 30520 3 1 0.00267658 4.70712e+06
61 930200 203909 3 1 0.00268355 5.00233e+06
62 711169 462176 2 1 0.00269553 98681.8
63 354591 971691 4 1 0.00284851 4.17271e+06
64 1004936 404217 5 1 0.00562398 1.78424e+08
65 792862 101161 3 1 0.00271681 4.02163e+06
66 92457 95854 2 1 0.00243709 231834
67 1032945 219628 3 1 0.00265568 272246
68 1139928 613431 4 1 0.00285965 1.23512e+06
69 4727 864153 2 1 0.00249832 283390
70 285896 585911 3 1 0.00270347 3.02056e+06
71 3026 66913 2 1 0.00245642 971739
72 141670 353049 2 1 0.00243804 125511
73 325128 70226 2 1 0.00248236 116421
74 693434 1016676 3 1 0.00267967 3.62917e+06
75 752211 389583 3 1 0.00273572 7.0369e+06
76 993348 445815 3 1 0.0026816 113365
77 497801 829975 3 1 0.00273641 4.6276e+06
78 793891 909114 3 1 0.00265762 1.15856e+06
79 150609 502330 2 1 0.00246389 114453
80 25179 868896 2 1 0.002453 1.36975e+06
81 298908 1065000 3 1 0.00332649 8.47019e+06
82 916584 626732 3 1 0.00265041 143374
83 572352 273472 3 1 0.00265959 915179
84 506098 783235 3 1 0.00334464 1.95889e+07
85 515545 378764 3 1 0.0026924 2.41086e+06
86 746864 745581 3 1 0.0035288 7.22767e+06
87 428227 944273 3 1 0.00267514 1.47955e+06
88 1091989 1044573 3 1 0.00268283 1.62329e+06
89 693900 976209 4 1 0.00432851 1.14755e+08
90 85420 75878 2 1 0.00244643 85021.7
91 1038460 70054 3 1 0.00273379 1.17031e+07
92 731953 1038135 2 1 0.00240631 2.17054e+06
93 939761 579150 4 1 0.0029251 2.13976e+06
94 800179 388516 3 1 0.00267876 3.53148e+06
95 204469 1092856 2 1 0.00245791 425565
96 218008 934792 3 1 0.00280776 4.49398e+06
97 591929 593876 4 1 0.00287084 2.99982e+06
98 78225 673960 2 1 0.00245435 563489
99 10350 1153851 2 1 0.00248007 31853.9
max-ST-CON-level 6
min_time 0.00240631 s
max_time 0.0101088 s
mean_time 0.0029999 s
stddev_time 0.00106972
min_CONPS                   98.9232 
max_CONPS                   415.574 
mean_CONPS                  352.445 
stddev_CONPS                60.3868 
mean_ST, mean_time, stddev_ST: 352.445, 0.0029999, 60.3868 
-----ST_CON_VISITED_NODES-----
min_visited, max_visited, mean_visited, stddev_visited: 5, 702981, 11138.8, 71308.9
