SCALE 16
Edgefactor 16.0
MPI-Nodes 1
Num-ST-CON=100
Filename graphs/dense/amazon0505.txt
Seed1 13826542
Seed2 652556061
ST-CON-RUN RED-V BLUE-V DEPTH MN-FOUND TIME(Sec) TEPS
0 188933 3667 4 1 0.00484316 4.72357e+06
1 74404 9683 3 1 0.00164833 2.25137e+06
2 135286 215176 4 1 0.00181518 2.77713e+06
3 3208 303658 3 1 0.00167347 639989
4 68426 198834 3 1 0.00163531 515498
5 87649 288439 3 1 0.00162249 806783
6 220622 3078 2 1 0.00144354 277790
7 353231 382026 5 1 0.00197731 2.41742e+06
8 4000 137573 3 1 0.00163326 1.0127e+06
9 112116 327654 4 1 0.00221341 8.0663e+06
10 84218 248014 4 1 0.00259274 1.43277e+07
11 45048 316839 4 1 0.00185218 6.76717e+06
12 113473 336725 4 1 0.00181012 3.91465e+06
13 95105 217497 3 1 0.00166032 4.23473e+06
14 39888 358164 3 1 0.00161839 3.42378e+06
15 105248 112804 4 1 0.00180157 7.30086e+06
16 144893 373063 2 1 0.00143259 83066.4
17 167267 254793 4 1 0.00161303 2.17913e+06
18 280080 368553 3 1 0.00139134 899135
19 157852 257839 4 1 0.00241409 7.78307e+06
20 349929 152867 4 1 0.00180399 6.71623e+06
21 52512 181055 2 1 0.00143005 102794
22 386894 166069 4 1 0.00179288 7.13322e+06
23 360329 105093 3 1 0.00159392 624874
24 239658 380249 3 1 0.0016003 480536
25 287502 147362 5 1 0.00307945 1.97795e+07
26 111762 291037 5 1 0.00299496 1.82737e+07
27 37511 146525 4 1 0.00180666 4.71977e+06
28 192073 167185 4 1 0.00177957 3.88185e+06
29 64503 374214 3 1 0.00160017 2.12352e+06
30 272430 314788 5 1 0.00354082 4.40593e+07
31 238301 185699 4 1 0.00181822 5.56809e+06
32 344424 214347 4 1 0.001786 3.36281e+06
33 198068 267417 4 1 0.0024036 9.78076e+06
34 193012 257894 4 1 0.00178179 3.08566e+06
35 272189 354856 3 1 0.00159283 2.28084e+06
36 288763 316180 3 1 0.00160411 804809
37 37197 157989 3 1 0.00159686 648147
38 337751 306725 4 1 0.00179998 6.30008e+06
39 240286 375615 3 1 0.00160199 1.77405e+06
40 144619 247954 4 1 0.0018298 8.83374e+06
41 264530 219377 4 1 0.00180462 6.78482e+06
42 41533 379177 3 1 0.00225738 1.00763e+07
43 288885 202681 3 1 0.0016055 1.92401e+06
44 49484 401760 3 1 0.00160506 1.33453e+06
45 225070 58166 4 1 0.00179035 3.67749e+06
46 82543 348862 4 1 0.00180566 5.05466e+06
47 46985 195800 4 1 0.00180559 6.05953e+06
48 326697 324182 3 1 0.00159985 2.29209e+06
49 171928 122721 3 1 0.00159122 772361
50 253733 29003 4 1 0.00178717 4.6056e+06
51 80023 48255 4 1 0.00159699 4.67568e+06
52 260776 65086 3 1 0.00159427 595258
53 3606 114192 3 1 0.00162012 3.32445e+06
54 65725 183736 4 1 0.00176573 2.93532e+06
55 45492 215789 4 1 0.00181387 3.27146e+06
56 371724 127838 3 1 0.00225052 7.33695e+06
57 92920 40536 3 1 0.00160301 1.58702e+06
58 265471 77271 3 1 0.00161158 1.28011e+06
59 214690 129287 3 1 0.00159619 1.04186e+06
60 283491 316292 4 1 0.00176321 1.2239e+06
61 329584 80613 2 1 0.00142864 138593
62 251978 374245 3 1 0.00160046 548593
63 125637 10813 3 1 0.0015956 983957
64 356064 226466 4 1 0.00181817 7.97671e+06
65 280923 72248 4 1 0.00178795 4.45649e+06
66 32759 163756 4 1 0.00179587 6.43031e+06
67 365988 344285 4 1 0.00177464 2.60728e+06
68 403894 143220 4 1 0.0017879 4.84871e+06
69 1674 35843 2 1 0.00143721 133592
70 101297 33962 3 1 0.00160008 1.14494e+06
71 1072 77817 3 1 0.00160234 1.3318e+06
72 50196 217348 3 1 0.00160475 1.57158e+06
73 115198 306183 4 1 0.00177347 2.55093e+06
74 226044 207597 3 1 0.00160859 1.15008e+06
75 245694 23708 4 1 0.00212335 8.43103e+06
76 266520 125091 4 1 0.00179136 4.5457e+06
77 351958 24882 3 1 0.0016321 4.28284e+06
78 176378 360224 4 1 0.00179749 5.84037e+06
79 281288 138035 3 1 0.00160944 2.99173e+06
80 53363 157959 4 1 0.00240653 2.23534e+07
81 8921 294073 4 1 0.00180043 7.5893e+06
82 105907 322113 3 1 0.00162232 3.59979e+06
83 324760 177983 3 1 0.00160117 1.26782e+06
84 202793 307863 4 1 0.00182465 7.6842e+06
85 179318 377346 3 1 0.00165907 9.42036e+06
86 182665 222061 4 1 0.00165644 1.09693e+06
87 264625 96895 4 1 0.00249036 1.55098e+07
88 151727 277512 4 1 0.00210685 8.12776e+06
89 386909 134202 3 1 0.00161244 1.05554e+06
90 245859 264171 3 1 0.00161144 1.3609e+06
91 30265 334570 2 1 0.00143208 96363.4
92 367942 370108 3 1 0.00160952 802724
93 259342 345886 4 1 0.00180279 5.45599e+06
94 332972 26884 3 1 0.0016042 866474
95 283516 24821 4 1 0.00178661 3.87549e+06
96 72446 367827 4 1 0.00245289 1.08586e+07
97 77243 205202 4 1 0.00180573 6.7297e+06
98 209729 137657 3 1 0.00161749 3.9617e+06
99 27716 387216 4 1 0.0024906 1.85799e+07
max-ST-CON-level 5
min_time 0.00139134 s
max_time 0.00484316 s
mean_time 0.00183561 s
stddev_time 0.000467322
min_CONPS                   206.477 
max_CONPS                   718.733 
mean_CONPS                  566.206 
stddev_CONPS                91.0814 
mean_ST, mean_time, stddev_ST: 566.206, 0.00183561, 91.0814 
-----ST_CON_VISITED_NODES-----
min_visited, max_visited, mean_visited, stddev_visited: 19, 23755, 1563.57, 2781.71
