SCALE 16
Edgefactor 16.0
MPI-Nodes 1
Num-ST-CON=100
Filename graphs/symmetric/hugebubbles-00020.mtx.alt
Seed1 684168371
Seed2 474264903
ST-CON-RUN RED-V BLUE-V DEPTH MN-FOUND TIME(Sec) TEPS
0 9762728 189497 1168 1 1.88519 3.59592e+06
1 3844706 500387 1055 1 1.65173 3.33367e+06
2 6990627 11118797 1683 1 2.66254 4.21596e+06
3 165774 15690906 1534 1 2.4024 4.2578e+06
4 3535776 10274326 1786 1 2.82535 4.56428e+06
5 4529083 14904477 809 1 1.27445 2.71954e+06
6 11400193 159055 1763 1 2.77148 4.90929e+06
7 18252485 19740385 402 1 0.626535 1.38839e+06
8 206728 7108836 372 1 0.567444 1.13539e+06
9 5793378 16930851 1662 1 2.63276 4.76153e+06
10 4351805 12815609 2203 1 3.49493 5.44578e+06
11 2327764 16372009 1315 1 2.07064 4.14327e+06
12 5863479 17399551 1123 1 1.74432 2.43787e+06
13 4914370 11238733 2539 1 4.04298 5.56601e+06
14 2061177 18507402 2490 1 3.88185 5.35217e+06
15 5438499 5828957 1417 1 2.22948 4.19002e+06
16 7487064 19277246 907 1 1.42533 2.94274e+06
17 8643207 13165919 924 1 1.44107 2.64436e+06
18 14472541 19044240 992 1 1.51753 2.55292e+06
19 8156696 13323327 2247 1 3.50999 4.59855e+06
20 18081855 7899119 2721 1 4.32098 5.28835e+06
21 2713464 9355632 2775 1 4.38596 5.37596e+06
22 19991940 8581305 1285 1 2.03097 3.35515e+06
23 18619252 5430491 2939 1 4.66941 5.50823e+06
24 12383826 19648562 1171 1 1.81231 2.83954e+06
25 14856091 7614627 2953 1 4.63573 5.05194e+06
26 5775073 15038755 779 1 1.18632 2.0133e+06
27 1938343 7571392 964 1 1.52235 3.06905e+06
28 9925007 8638956 1518 1 2.31254 2.90751e+06
29 3333081 19336729 2425 1 3.86553 5.95738e+06
30 14077286 16266020 1964 1 3.08366 5.11466e+06
31 12313737 9595643 1806 1 2.80357 3.65439e+06
32 17797407 11075952 566 1 0.818564 1.15641e+06
33 10234789 13818209 1598 1 2.55101 4.8168e+06
34 9973483 13326127 1161 1 1.82415 3.13146e+06
35 14064832 18336433 1954 1 3.09885 4.48205e+06
36 14921225 16337926 1562 1 2.46554 4.01225e+06
37 1922104 8163791 2892 1 4.58821 5.08385e+06
38 17452580 15849401 2389 1 3.77079 4.4702e+06
39 12416278 19409126 574 1 0.869188 1.54377e+06
40 7472886 12812523 2234 1 3.55522 5.64064e+06
41 13669071 11335855 1575 1 2.46296 3.80623e+06
42 2146167 19593172 1334 1 2.10805 4.18115e+06
43 14927546 10473119 3103 1 4.93419 5.35977e+06
44 2556983 20760139 2044 1 3.26435 5.81083e+06
45 11630038 3005646 2396 1 3.7959 4.95156e+06
46 4265238 18026748 569 1 0.8855 1.86285e+06
47 2427852 10117569 1960 1 3.10959 5.01606e+06
48 16881389 16751462 1737 1 2.72394 3.98849e+06
49 8884016 6341355 1622 1 2.54304 3.72819e+06
50 13111157 1498706 1952 1 3.11794 5.21163e+06
51 4135036 2493475 1579 1 2.46086 3.37686e+06
52 13475093 3363201 2269 1 3.59849 4.8553e+06
53 186342 5900645 649 1 1.00636 1.95718e+06
54 3396241 9494182 2577 1 4.09555 5.32022e+06
55 2350726 11150474 1589 1 2.47997 3.55588e+06
56 19208062 6605778 1876 1 2.97167 4.21246e+06
57 4801483 2094611 2556 1 4.08111 6.23319e+06
58 13717658 3992833 2954 1 4.63957 5.19013e+06
59 11093669 6680666 1020 1 1.61867 3.1523e+06
60 14648806 16343726 1691 1 2.67507 3.96081e+06
61 17030588 4165544 1395 1 2.1601 3.0673e+06
62 13020451 19338356 487 1 0.719364 1.22049e+06
63 6492047 558781 950 1 1.50363 2.99648e+06
64 18398895 11702181 1559 1 2.46876 4.11048e+06
65 14516123 3733285 1400 1 2.22752 4.52559e+06
66 1692763 8461761 531 1 0.799916 1.49812e+06
67 18911687 17790223 2105 1 3.35868 5.35035e+06
68 20870383 7400611 1053 1 1.65862 3.30047e+06
69 86551 1852115 1514 1 2.30485 2.94174e+06
70 5234331 1754947 1355 1 2.15265 3.9514e+06
71 55412 4021068 664 1 1.00176 1.62815e+06
72 2593782 11231013 2965 1 4.71705 5.21489e+06
73 5952614 15821366 1347 1 2.10154 3.77739e+06
74 11680359 10727157 2764 1 4.36392 4.95315e+06
75 12695752 1225086 1853 1 2.93518 4.95443e+06
76 13771860 6463810 1501 1 2.32771 3.28483e+06
77 18186725 1285743 2666 1 4.24265 4.84506e+06
78 9113995 18613835 1034 1 1.62447 3.09883e+06
79 14534975 7132698 1817 1 2.78219 3.26548e+06
80 2757444 8162211 2567 1 4.08543 5.26898e+06
81 461007 15195607 1056 1 1.63311 2.72719e+06
82 5472560 16644533 1862 1 2.97973 5.89543e+06
83 16781295 9196917 510 1 0.779757 1.48905e+06
84 10478925 15908193 1068 1 1.63752 2.47404e+06
85 9265902 19498566 1208 1 1.89023 3.09679e+06
86 9438860 11474541 1497 1 2.32682 3.18438e+06
87 13673982 5006872 999 1 1.56755 2.86122e+06
88 7840199 14339877 1625 1 2.58852 5.1714e+06
89 19992699 6934605 1077 1 1.70233 3.63068e+06
90 12704275 13650479 1289 1 1.98327 3.08947e+06
91 1563919 17288241 2152 1 3.42648 5.07425e+06
92 19012665 19124577 1739 1 2.77397 4.67217e+06
93 13400982 17872934 2649 1 4.19156 5.54769e+06
94 17205633 1389222 704 1 1.10147 2.20919e+06
95 14650086 1282584 833 1 1.30303 2.59847e+06
96 3743530 19006711 2922 1 4.65551 5.71561e+06
97 3991407 10603380 1881 1 2.99015 4.79066e+06
98 10837347 7113148 1602 1 2.50937 3.40264e+06
99 1432198 20008574 970 1 1.52095 3.15705e+06
max-ST-CON-level 3103
min_time 0.567444 s
max_time 4.93419 s
mean_time 2.56499 s
stddev_time 1.13382
min_CONPS                   0.202667 
max_CONPS                   1.76229 
mean_CONPS                  0.503594 
stddev_CONPS                0.311027 
mean_ST, mean_time, stddev_ST: 0.503594, 2.56499, 0.311027 
-----ST_CON_VISITED_NODES-----
min_visited, max_visited, mean_visited, stddev_visited: 429547, 1.77425e+07, 7.521e+06, 4.99621e+06
