SCALE 16
Edgefactor 16.0
MPI-Nodes 1
Num-ST-CON=100
Filename graphs/symmetric/hugetrace-00010.mtx.alt
Seed1 709448249
Seed2 448812998
ST-CON-RUN RED-V BLUE-V DEPTH MN-FOUND TIME(Sec) TEPS
0 5553017 107786 1776 1 2.19052 6.31628e+06
1 2186860 284619 912 1 1.08778 4.12652e+06
2 3976252 6324346 1208 1 1.44906 4.14757e+06
3 94291 8924951 946 1 1.12145 3.4861e+06
4 2011141 5844013 1335 1 1.55226 3.64282e+06
5 2576132 8477632 911 1 1.09803 4.15261e+06
6 6484404 90470 1174 1 1.3678 3.47968e+06
7 10381972 11228286 1032 1 1.21364 3.57792e+06
8 117586 4043490 1027 1 1.21961 3.97921e+06
9 3295260 9630229 1404 1 1.71485 5.10396e+06
10 2475296 7289489 1433 1 1.71555 3.99619e+06
11 1324027 9312361 1202 1 1.40622 3.76321e+06
12 3335133 9896825 1644 1 1.99961 5.52177e+06
13 2795282 6392566 1413 1 1.72738 4.87297e+06
14 1172393 10526968 687 1 0.803584 2.82479e+06
15 3093405 3315497 216 1 0.256777 836177
16 4258625 10964853 1213 1 1.40822 3.48155e+06
17 4916236 7488745 1917 1 2.35284 5.88173e+06
18 8231948 10832320 736 1 0.86228 3.26049e+06
19 4639510 7578278 1346 1 1.57159 4.34343e+06
20 10284918 4493001 907 1 1.08978 3.92144e+06
21 1543412 5321462 1431 1 1.71622 5.07714e+06
22 11371370 4881027 1260 1 1.52586 4.59704e+06
23 10590588 3088851 1670 1 1.99336 4.42307e+06
24 7043892 11176057 1509 1 1.79145 4.50638e+06
25 8450111 4331182 1129 1 1.33629 3.74577e+06
26 3284848 8554009 681 1 0.790799 2.98252e+06
27 1102525 4306590 647 1 0.745363 2.69907e+06
28 5645321 4913818 550 1 0.647857 2.68631e+06
29 1895849 10998687 411 1 0.441149 1.1153e+06
30 8007128 9252075 973 1 1.16573 4.0892e+06
31 7004025 5457980 1400 1 1.70689 4.62221e+06
32 10123124 6299976 1092 1 1.3158 4.59869e+06
33 5821524 7859766 1112 1 1.33649 4.04628e+06
34 5672894 7579870 1813 1 2.21096 5.70859e+06
35 8000044 10429721 233 1 0.271773 628921
36 8487159 9292975 1146 1 1.37722 3.94664e+06
37 1093288 4643545 1723 1 2.09379 4.64604e+06
38 9926988 9015103 1799 1 2.16144 4.19549e+06
39 7062350 11039867 1021 1 1.1948 3.69039e+06
40 4250560 7287734 703 1 0.801968 2.57712e+06
41 7774936 6447808 866 1 0.998675 3.10398e+06
42 1220735 11144551 1458 1 1.75417 4.24163e+06
43 8490754 5957086 569 1 0.651372 2.43952e+06
44 1454406 11808320 1103 1 1.28428 3.56572e+06
45 6615139 1709604 1041 1 1.20989 3.46093e+06
46 2426057 10253573 1142 1 1.34263 3.71317e+06
47 1380957 5754850 775 1 0.904951 3.21386e+06
48 9602096 9528193 1305 1 1.55579 4.15629e+06
49 5053208 3606948 1044 1 1.22474 3.44012e+06
50 7457596 852460 1176 1 1.41533 4.73069e+06
51 2351999 1418283 624 1 0.723346 2.5472e+06
52 7664602 1912981 1722 1 2.09859 5.43688e+06
53 105991 3356273 858 1 0.989989 3.17262e+06
54 1931774 5400269 1163 1 1.39449 4.69857e+06
55 1337088 6342364 1352 1 1.60997 4.19126e+06
56 10925502 3757351 1771 1 2.14503 5.26004e+06
57 2731072 1191410 1698 1 2.07346 4.83394e+06
58 7802573 2271114 1685 1 2.06586 5.56611e+06
59 6310053 3799947 1604 1 1.96044 6.23114e+06
60 8332207 9296274 1578 1 1.92131 4.91954e+06
61 9686959 2369352 1939 1 2.34873 4.8158e+06
62 7406003 10999613 540 1 0.600665 2.1471e+06
63 3692661 317833 656 1 0.759196 2.7089e+06
64 10465249 6656174 1010 1 1.1709 3.37892e+06
65 8256737 2123484 1310 1 1.56871 3.94309e+06
66 962840 4813030 1034 1 1.2222 3.6106e+06
67 10756924 10119038 1826 1 2.2065 4.77498e+06
68 11871026 4209451 118 1 0.162619 377022
69 49230 1053479 690 1 0.790711 2.68224e+06
70 2977275 998209 2147 1 2.64048 6.10687e+06
71 31518 2287174 364 1 0.397224 1.37329e+06
72 1475337 6388175 970 1 1.15079 3.67741e+06
73 3385833 8999157 166 1 0.20853 626222
74 6643761 6101583 975 1 1.17255 4.35851e+06
75 7221315 696826 947 1 1.11629 3.37954e+06
76 7833403 3676600 872 1 1.01295 3.01327e+06
77 10344568 731327 1131 1 1.31844 3.47848e+06
78 5184020 10587507 848 1 1.01762 3.55471e+06
79 8267461 4057062 1721 1 2.12129 5.24705e+06
80 1568427 4642647 675 1 0.780666 2.86731e+06
81 262220 8643226 1168 1 1.39338 3.95148e+06
82 3112780 9467372 506 1 0.55297 2.1298e+06
83 9545162 5231185 1514 1 1.83104 5.60203e+06
84 5960388 9048544 1081 1 1.24749 3.28747e+06
85 5270424 11090740 2063 1 2.47229 5.68849e+06
86 5368802 6526693 937 1 1.11569 4.13051e+06
87 7777730 2847897 1790 1 2.19169 5.90878e+06
88 4459487 8156489 1407 1 1.70373 4.83905e+06
89 11371802 3944387 1511 1 1.79109 3.87637e+06
90 7226163 7764361 605 1 0.704144 2.81285e+06
91 889553 9833512 1219 1 1.46575 4.63114e+06
92 10814361 10878016 469 1 0.525647 2.02461e+06
93 7622448 10166084 1738 1 2.10027 4.5012e+06
94 9786525 790186 1442 1 1.73418 4.14381e+06
95 8332935 729531 1009 1 1.18165 3.33249e+06
96 2129311 10810974 756 1 0.84413 2.55215e+06
97 2270303 6031178 542 1 0.614086 2.27392e+06
98 6164258 4045942 1019 1 1.23132 4.21624e+06
99 814631 11380831 919 1 0.993521 2.35774e+06
max-ST-CON-level 2147
min_time 0.162619 s
max_time 2.64048 s
mean_time 1.34619 s
stddev_time 0.561714
min_CONPS                   0.37872 
max_CONPS                   6.14933 
mean_CONPS                  1.00213 
stddev_CONPS                0.866363 
mean_ST, mean_time, stddev_ST: 1.00213, 1.34619, 0.866363 
-----ST_CON_VISITED_NODES-----
min_visited, max_visited, mean_visited, stddev_visited: 40902, 1.07518e+07, 3.83996e+06, 2.45265e+06
