SCALE 16
Edgefactor 16.0
MPI-Nodes 1
Num-ST-CON=100
Filename graphs/dense/amazon0312.txt
Seed1 385213178
Seed2 1248541264
ST-CON-RUN RED-V BLUE-V DEPTH MN-FOUND TIME(Sec) TEPS
0 184554 3582 3 1 0.00378858 776280
1 72680 9459 4 1 0.00180289 2.18871e+06
2 132150 210189 4 1 0.00255095 7.12596e+06
3 3133 296619 4 1 0.00180878 5.18084e+06
4 66840 194225 2 1 0.00141502 92578.1
5 85617 281753 3 1 0.00159848 324683
6 215508 3006 3 1 0.0016229 4.5049e+06
7 345043 373171 3 1 0.00162822 1.66194e+06
8 3907 134385 4 1 0.00178429 1.70824e+06
9 109517 320059 4 1 0.00183028 5.56143e+06
10 82266 242265 3 1 0.00160698 1.02615e+06
11 44003 309495 2 1 0.0014376 75820.6
12 110842 328920 4 1 0.00253217 9.87217e+06
13 92900 212456 3 1 0.0015807 2.60138e+06
14 38964 349862 4 1 0.00179182 3.47971e+06
15 102809 110190 3 1 0.00162103 3.39908e+06
16 141535 364415 4 1 0.00181289 3.08237e+06
17 163390 248887 3 1 0.00159654 278728
18 273588 360011 5 1 0.00380266 5.51337e+07
19 154193 251863 5 1 0.0032367 2.13758e+07
20 341818 149324 4 1 0.00179596 2.07912e+06
21 51295 176858 3 1 0.00160763 1.39896e+06
22 377926 162220 3 1 0.00162652 3.24066e+06
23 351977 102657 4 1 0.00181804 5.03565e+06
24 234103 371435 4 1 0.0017709 2.81439e+06
25 280838 143946 5 1 0.00254751 7.91519e+06
26 109171 284291 4 1 0.00177839 4.50127e+06
27 36642 143129 3 1 0.00156489 1.61608e+06
28 187621 163310 3 1 0.00157723 2.97293e+06
29 63008 365540 3 1 0.00159251 3.24771e+06
30 266116 307491 3 1 0.00157636 1.09239e+06
31 232778 181395 4 1 0.00209776 8.56722e+06
32 336441 209379 4 1 0.00172963 1.26328e+06
33 193477 261218 4 1 0.0017357 1.11655e+06
34 188538 251916 4 1 0.00209327 7.96028e+06
35 265880 346630 4 1 0.00239034 8.8983e+06
36 282069 308851 3 1 0.00157234 854141
37 36335 154327 4 1 0.00179843 6.72587e+06
38 329922 299616 3 1 0.00160054 3.65688e+06
39 234716 366908 4 1 0.00241589 9.50664e+06
40 141266 242207 3 1 0.00156992 779021
41 258399 214292 3 1 0.00157784 1.72894e+06
42 40571 370388 4 1 0.00177017 4.13745e+06
43 282189 197983 3 1 0.00158213 332463
44 48337 392448 4 1 0.0017743 5.6642e+06
45 219853 56818 3 1 0.00158321 1.57907e+06
46 80629 340776 3 1 0.00157315 447510
47 45895 191261 3 1 0.00227633 1.39483e+07
48 319124 316668 3 1 0.00158851 1.30059e+06
49 167942 119876 2 1 0.00140628 104531
50 247852 28331 4 1 0.00176338 2.56666e+06
51 78168 47136 3 1 0.0015834 953642
52 254732 63577 3 1 0.00157883 374961
53 3522 111545 4 1 0.00241073 1.05557e+07
54 64202 179477 3 1 0.00161349 2.62165e+06
55 44437 210787 3 1 0.00159576 3.35639e+06
56 363108 124875 4 1 0.00177518 5.09752e+06
57 90766 39596 3 1 0.00159038 2.63899e+06
58 259317 75480 3 1 0.00158341 1.36036e+06
59 209714 126290 3 1 0.00158309 1.39916e+06
60 276920 308960 3 1 0.00146515 799233
61 321945 78745 4 1 0.00177461 5.44456e+06
62 246137 365571 4 1 0.00177118 6.48044e+06
63 122725 10563 3 1 0.00159807 2.83529e+06
64 347811 221217 3 1 0.00162114 4.52337e+06
65 274411 70573 3 1 0.0015718 683928
66 31999 159960 3 1 0.00160772 4.64945e+06
67 357505 336305 3 1 0.00156789 927359
68 394532 139900 4 1 0.00177168 5.95086e+06
69 1636 35012 3 1 0.00163898 2.33743e+06
70 98949 33175 4 1 0.00176508 1.37784e+06
71 1047 76014 4 1 0.00176098 3.61163e+06
72 49032 212310 3 1 0.00158624 1.75636e+06
73 112527 299086 4 1 0.00178579 6.2191e+06
74 220804 202785 3 1 0.00158381 2.13914e+06
75 239999 23158 4 1 0.00182441 7.83925e+06
76 260342 122191 4 1 0.00177392 4.22061e+06
77 343800 24305 4 1 0.00180461 9.01024e+06
78 172290 351874 4 1 0.00176439 2.54705e+06
79 274768 134836 4 1 0.00179051 7.47049e+06
80 52126 154297 3 1 0.00158194 1.57592e+06
81 8714 287256 3 1 0.00158411 799188
82 103452 314647 3 1 0.00164124 7.68749e+06
83 317232 173857 4 1 0.00155196 3.30549e+06
84 198092 300727 3 1 0.00129725 3.97147e+06
85 175162 368599 4 1 0.00249796 1.68297e+07
86 178431 216914 3 1 0.00230475 1.43864e+07
87 258492 94649 3 1 0.00162061 1.91224e+06
88 148210 271080 3 1 0.00158795 1.96228e+06
89 377940 131091 4 1 0.00280146 2.04886e+07
90 240160 258047 4 1 0.00179121 8.13195e+06
91 29564 326815 5 1 0.00255237 8.23901e+06
92 359414 361529 4 1 0.00242366 1.38312e+07
93 253331 337868 5 1 0.00259568 1.36184e+07
94 325254 26261 4 1 0.00177618 4.95614e+06
95 276944 24245 3 1 0.00160138 3.57005e+06
96 70767 359301 4 1 0.00177793 3.97823e+06
97 75453 200445 3 1 0.00157469 577255
98 204868 134466 3 1 0.00158292 1.16999e+06
99 27074 378240 4 1 0.00179176 7.02047e+06
max-ST-CON-level 5
min_time 0.00129725 s
max_time 0.00380266 s
mean_time 0.00183084 s
stddev_time 0.000440408
min_CONPS                   262.974 
max_CONPS                   770.861 
mean_CONPS                  568.067 
stddev_CONPS                95.5581 
mean_ST, mean_time, stddev_ST: 568.067, 0.00183084, 95.5581 
-----ST_CON_VISITED_NODES-----
min_visited, max_visited, mean_visited, stddev_visited: 20, 31767, 1672.5, 3512.21
