SCALE 16
Edgefactor 16.0
MPI-Nodes 1
Num-ST-CON=100
Filename graphs/streets/asia_osm.mtx.txt.alt
Seed1 1876440082
Seed2 639852197
ST-CON-RUN RED-V BLUE-V DEPTH MN-FOUND TIME(Sec) TEPS
0 5503884 106832 9121 1 8.6745 946380
1 2167510 282101 803 1 0.802623 783108
2 3941071 6268389 14458 1 13.9379 840902
3 93457 8845983 10127 1 9.60885 946889
4 1993346 5792305 5018 1 4.77526 975542
5 2553338 8402622 2816 1 2.68847 766806
6 6427030 89669 17344 1 16.3784 720784
7 10290112 11128938 1475 1 1.4287 461156
8 116546 4007713 9425 1 8.96643 942797
9 3266103 9545021 9378 1 8.83449 850678
10 2453395 7224992 4603 1 4.38676 1.12436e+06
11 1312312 9229966 7569 1 7.12784 645776
12 3305624 9809258 6279 1 5.94356 933869
13 2770549 6336004 3834 1 3.6873 1.15553e+06
14 1162019 10433825 9898 1 9.3806 887315
15 3066035 3286162 3715 1 3.48815 115520
16 4220945 10867836 10290 1 9.75525 869966
17 4872738 7422484 4216 1 4.01178 934142
18 8159112 10736476 3982 1 3.73501 153793
19 4598459 7511225 4966 1 4.7119 934264
20 10193917 4453247 2308 1 2.19703 360105
21 1529756 5274378 4984 1 4.74256 1.07587e+06
22 11270756 4837839 4195 1 4.03281 1.23987e+06
23 10496883 3061521 2864 1 2.7476 936772
24 6981568 11077171 4242 1 4.10828 1.26754e+06
25 8375344 4292860 4303 1 4.10613 1.01083e+06
26 3255784 8478324 15330 1 14.4576 819569
27 1092769 4268486 3229 1 3.0716 640462
28 5595372 4870341 11165 1 10.6142 1.00435e+06
29 1879074 10901371 10129 1 9.43826 188761
30 7936281 9170213 3522 1 3.35173 822523
31 6942054 5409688 4820 1 4.59679 1.14697e+06
32 10033555 6244234 3407 1 3.26516 1.29016e+06
33 5770016 7790223 4679 1 4.4464 982208
34 5622700 7512804 2566 1 2.46077 742007
35 7929260 10337439 14689 1 13.8505 830776
36 8412065 9210751 5379 1 5.09654 682412
37 1083615 4602459 1514 1 1.47356 884441
38 9839154 8935337 2913 1 2.79583 895401
39 6999863 10942186 3480 1 3.35235 1.20032e+06
40 4212951 7223252 5208 1 4.96313 1.09263e+06
41 7706144 6390758 1250 1 1.22238 770023
42 1209934 11045945 2500 1 2.3987 802261
43 8415628 5904378 7476 1 7.06617 699704
44 1441537 11703840 1588 1 1.5472 894591
45 6556608 1694478 6314 1 5.96718 857172
46 2404592 10162850 5323 1 5.07365 1.07036e+06
47 1368738 5703931 14236 1 13.4598 711636
48 9517136 9443888 5125 1 4.87099 884798
49 5008497 3575034 14081 1 13.3007 865327
50 7391611 844918 15525 1 14.6862 804227
51 2331188 1405734 4225 1 4.04339 1.13464e+06
52 7596786 1896055 9987 1 9.56068 1.06854e+06
53 105053 3326577 7823 1 7.35595 563341
54 1914682 5352487 8384 1 7.8145 169564
55 1325257 6286247 14778 1 13.9246 852326
56 10828833 3724106 1883 1 1.80959 507549
57 2706908 1180868 12637 1 11.9548 979746
58 7733536 2251019 1726 1 1.66143 493977
59 6254222 3766326 15850 1 14.9067 800130
60 8258484 9214020 4365 1 4.18991 1.4538e+06
61 9601249 2348388 3588 1 3.43403 1.02429e+06
62 7340475 10902288 3559 1 3.3787 472721
63 3659989 315021 1363 1 1.32591 572924
64 10372653 6597280 3386 1 3.23787 770733
65 8183682 2104695 10368 1 9.84051 1.05067e+06
66 954321 4770445 2473 1 2.35691 413369
67 10661747 10029505 1482 1 1.43569 469108
68 11765991 4172205 3426 1 3.32331 1.07851e+06
69 48794 1044157 15617 1 14.7722 807949
70 2950933 989377 4310 1 4.1873 1.04676e+06
71 31239 2266937 17816 1 16.822 696392
72 1462284 6331652 2714 1 2.60115 906072
73 3355875 8919532 7254 1 6.88195 998973
74 6584978 6047596 3734 1 3.57125 1.03307e+06
75 7157421 690661 5088 1 4.84566 961540
76 7764093 3644070 4690 1 4.4903 1.31658e+06
77 10253039 724857 5835 1 5.55122 1.08157e+06
78 5138151 10493829 2847 1 2.70783 460302
79 8194310 4021165 3942 1 3.83035 1.39391e+06
80 1554550 4601569 12951 1 12.3116 964740
81 259900 8566751 10471 1 9.91751 881679
82 3085238 9383605 7029 1 6.61801 514666
83 9460707 5184900 6552 1 6.20306 676982
84 5907651 8968483 6418 1 6.0949 871408
85 5223791 10992609 1420 1 1.38155 552019
86 5321299 6468945 3149 1 3.02992 1.09638e+06
87 7708912 2822699 4787 1 4.61125 1.01545e+06
88 4420029 8084321 16428 1 15.547 769153
89 11271184 3909487 807 1 0.805843 552378
90 7162226 7695662 4096 1 3.93156 1.30207e+06
91 881683 9746505 3725 1 3.63481 1.25166e+06
92 10718675 10781767 10014 1 9.68893 876166
93 7555004 10076135 9616 1 9.27173 964639
94 9699934 783195 9982 1 9.5487 832440
95 8259206 723076 4179 1 4.01214 1.09875e+06
96 2110471 10715319 5235 1 4.99853 1.12319e+06
97 2250216 5977815 6079 1 5.78024 916915
98 6109717 4010144 4310 1 4.11338 878770
99 807423 11280134 3599 1 3.38474 168543
max-ST-CON-level 17816
min_time 0.802623 s
max_time 16.822 s
mean_time 6.11787 s
stddev_time 4.12698
min_CONPS                   0.0594458 
max_CONPS                   1.24592 
mean_CONPS                  0.266259 
stddev_CONPS                0.220631 
mean_ST, mean_time, stddev_ST: 0.266259, 6.11787, 0.220631 
-----ST_CON_VISITED_NODES-----
min_visited, max_visited, mean_visited, stddev_visited: 372863, 1.12153e+07, 4.87658e+06, 3.34092e+06
