SCALE 16
Edgefactor 16.0
MPI-Nodes 1
Num-ST-CON=100
Filename graphs/symmetric/hugetric-00020.mtx.alt
Seed1 792369032
Seed2 1650344151
ST-CON-RUN RED-V BLUE-V DEPTH MN-FOUND TIME(Sec) TEPS
0 3280380 63673 773 1 0.511608 5.3757e+06
1 1291862 168135 1032 1 0.658278 6.137e+06
2 2348925 3736034 1186 1 0.739522 5.89034e+06
3 55701 5272311 686 1 0.452359 6.0391e+06
4 1188058 3452282 1016 1 0.702301 7.2222e+06
5 1521820 5008062 782 1 0.523553 6.60332e+06
6 3830586 53444 1484 1 0.979632 7.68036e+06
7 6133029 6632979 1064 1 0.744432 7.81039e+06
8 69462 2388644 1009 1 0.676342 6.68154e+06
9 1946636 5688946 1067 1 0.715695 6.66181e+06
10 1462252 4306181 1278 1 0.87508 7.67235e+06
11 782153 5501169 1412 1 0.935488 7.74026e+06
12 1970191 5846434 1244 1 0.858856 6.57788e+06
13 1651280 3776333 818 1 0.524206 5.67788e+06
14 692577 6218683 780 1 0.519113 6.10276e+06
15 1827393 1958591 1162 1 0.799932 7.01513e+06
16 2515733 6477359 1454 1 1.02195 7.76453e+06
17 2904209 4423888 1579 1 1.10982 7.92295e+06
18 4862927 6399067 930 1 0.623107 5.85295e+06
19 2740736 4476779 1048 1 0.667229 5.59171e+06
20 6075695 2654188 636 1 0.407044 5.1066e+06
21 911752 3143592 1048 1 0.721659 6.86576e+06
22 6717504 2883409 615 1 0.329726 3.95858e+06
23 6256266 1824702 976 1 0.682292 7.37693e+06
24 4161097 6602125 1344 1 0.933824 6.47088e+06
25 4991804 2558595 694 1 0.454068 5.46719e+06
26 1940486 5053181 1371 1 0.905215 6.59087e+06
27 651303 2544068 941 1 0.64673 7.95634e+06
28 3334908 2902781 799 1 0.546947 6.56761e+06
29 1119950 6497346 949 1 0.645093 6.22889e+06
30 4730117 5465555 813 1 0.53287 5.65902e+06
31 4137546 3224238 729 1 0.454946 5.24672e+06
32 5980118 3721637 1319 1 0.829439 6.26602e+06
33 3438997 4643065 898 1 0.605193 6.56175e+06
34 3351196 4477720 644 1 0.346584 3.87718e+06
35 4725933 6161236 676 1 0.4254 5.00086e+06
36 5013690 5489717 1445 1 1.01683 7.91758e+06
37 645847 2743120 241 1 0.141941 1.89542e+06
38 5864252 5325567 613 1 0.39717 5.11961e+06
39 4172001 6521672 541 1 0.321568 4.01108e+06
40 2510969 4305143 1157 1 0.744233 6.44364e+06
41 4592953 3808967 696 1 0.417884 4.35415e+06
42 721135 6583514 1190 1 0.830161 6.90701e+06
43 5015814 3519079 461 1 0.287119 4.09644e+06
44 859173 6975627 76 1 0.0652146 401168
45 3907816 1009929 573 1 0.3548 4.3037e+06
46 1433165 6057179 355 1 0.196958 3.34552e+06
47 815784 3399610 816 1 0.545263 5.55864e+06
48 5672326 5628669 1115 1 0.770054 7.40109e+06
49 2985123 2130762 559 1 0.346997 4.33487e+06
50 4405488 503581 629 1 0.377557 4.48793e+06
51 1389416 837834 906 1 0.605739 5.92573e+06
52 4527774 1130071 766 1 0.493722 5.57461e+06
53 62613 1982679 1084 1 0.699659 5.98933e+06
54 1141173 3190146 1243 1 0.876957 7.41895e+06
55 789869 3746678 760 1 0.503624 5.79144e+06
56 6454113 2219611 683 1 0.429621 5.05923e+06
57 1613349 703811 435 1 0.260812 3.74086e+06
58 4609279 1341634 1183 1 0.773144 6.6837e+06
59 3727590 2244774 1182 1 0.747072 5.72764e+06
60 4922154 5491665 964 1 0.665027 8.28426e+06
61 5722458 1399667 804 1 0.502351 5.05652e+06
62 4375010 6497893 360 1 0.203253 3.20063e+06
63 2181396 187756 374 1 0.207228 3.26097e+06
64 6182224 3932057 842 1 0.57389 5.98758e+06
65 4877571 1254423 1030 1 0.601788 4.68082e+06
66 568786 2843241 819 1 0.526686 5.47193e+06
67 6354528 5977704 1103 1 0.750632 6.04746e+06
68 7012670 2486684 1178 1 0.806326 6.71814e+06
69 29082 622330 335 1 0.184829 2.27059e+06
70 1758791 589680 1036 1 0.697785 6.61366e+06
71 18619 1351121 537 1 0.296908 3.76203e+06
72 871538 3773740 1339 1 0.858934 6.17559e+06
73 2000141 5316147 690 1 0.45523 5.4164e+06
74 3924724 3604439 1197 1 0.824615 8.76124e+06
75 4265907 411642 1163 1 0.747181 6.2012e+06
76 4627491 2171909 329 1 0.182146 2.99115e+06
77 6110933 432023 696 1 0.451273 4.98714e+06
78 3062399 6254446 1220 1 0.851561 7.37585e+06
79 4883906 2396662 435 1 0.231691 3.42858e+06
80 926530 2742589 1002 1 0.662599 6.02542e+06
81 154903 5105885 422 1 0.225993 2.97401e+06
82 1838838 5592740 468 1 0.271546 3.75389e+06
83 5638693 3090262 1075 1 0.739839 7.61327e+06
84 3521030 5345322 224 1 0.134384 1.7235e+06
85 3113441 6551725 340 1 0.202469 3.49337e+06
86 3171557 3855568 874 1 0.574545 5.42012e+06
87 4594603 1682362 676 1 0.450679 5.52609e+06
88 2634390 4818351 81 1 0.0676913 461832
89 6717759 2330101 411 1 0.245889 3.73399e+06
90 4268771 4586706 545 1 0.317747 3.97052e+06
91 525493 5809033 790 1 0.507745 5.55395e+06
92 6388457 6426061 1037 1 0.728212 7.31278e+06
93 4502872 6005496 278 1 0.158141 2.34465e+06
94 5781275 466793 1056 1 0.724021 6.59964e+06
95 4922584 430962 1096 1 0.713212 6.35175e+06
96 1257865 6386457 1045 1 0.697317 6.36857e+06
97 1341155 3562848 997 1 0.680044 6.37581e+06
98 3641464 2390093 769 1 0.469554 4.94724e+06
99 481233 6723093 588 1 0.358618 4.40327e+06
max-ST-CON-level 1579
min_time 0.0652146 s
max_time 1.10982 s
mean_time 0.558592 s
stddev_time 0.241146
min_CONPS                   0.901044 
max_CONPS                   15.334 
mean_CONPS                  2.49867 
stddev_CONPS                2.25983 
mean_ST, mean_time, stddev_ST: 2.49867, 0.558592, 2.25983 
-----ST_CON_VISITED_NODES-----
min_visited, max_visited, mean_visited, stddev_visited: 17440, 5.8635e+06, 2.30523e+06, 1.39566e+06
