SCALE 16
Edgefactor 16.0
MPI-Nodes 1
Num-ST-CON=100
Filename graphs/dense/amazon0302.txt
Seed1 1245321900
Seed2 903553461
ST-CON-RUN RED-V BLUE-V DEPTH MN-FOUND TIME(Sec) TEPS
0 120714 2343 4 1 0.00192422 752512
1 47539 6187 4 1 0.00139038 929963
2 86438 137482 4 1 0.00140873 804272
3 2049 194016 4 1 0.0014249 3.78973e+06
4 43719 127040 4 1 0.00142488 1.64646e+06
5 56001 184291 5 1 0.00159828 2.84181e+06
6 140961 1966 5 1 0.00160817 4.20166e+06
7 225689 244087 4 1 0.00215642 6.37261e+06
8 2556 87899 3 1 0.00122421 408427
9 71634 209347 3 1 0.00108528 185206
10 53809 158463 4 1 0.00143353 4.62006e+06
11 28782 202437 4 1 0.00138226 857292
12 72501 215143 5 1 0.00157743 1.91324e+06
13 60765 138965 3 1 0.00119745 207106
14 25486 228841 4 1 0.00136096 1.9692e+06
15 67246 72074 4 1 0.00138595 3.6033e+06
16 92576 238360 5 1 0.00156087 5.01131e+06
17 106872 162794 5 1 0.00219659 8.09574e+06
18 178951 235479 5 1 0.00155937 2.84025e+06
19 100856 164741 6 1 0.00172304 3.25413e+06
20 223579 97671 4 1 0.0013518 461607
21 33551 115681 6 1 0.00203903 5.8474e+06
22 247197 106106 7 1 0.00258498 1.58082e+07
23 230224 67147 4 1 0.0013639 1.91729e+06
24 153124 242951 5 1 0.00152277 1.68312e+06
25 183693 94153 4 1 0.00137133 789014
26 71408 185952 4 1 0.0013984 1.1127e+06
27 23967 93619 4 1 0.00137122 1.60805e+06
28 122721 106819 4 1 0.00137407 990490
29 41213 239096 6 1 0.0020678 5.6906e+06
30 174063 201127 4 1 0.0013544 1.28618e+06
31 152257 118648 4 1 0.0013754 4.42562e+06
32 220062 136952 3 1 0.0011849 607646
33 126551 170860 4 1 0.00133654 708543
34 123320 164775 4 1 0.00135858 1.75845e+06
35 173909 226727 5 1 0.00152968 2.24884e+06
36 184499 202016 6 1 0.00237958 1.60306e+07
37 23766 100944 6 1 0.00234137 7.14838e+06
38 215798 195975 7 1 0.00251945 1.21019e+07
39 153525 239991 5 1 0.00154262 2.87498e+06
40 92401 158425 5 1 0.00140544 2.29252e+06
41 169016 140166 4 1 0.00135929 677559
42 26537 242267 5 1 0.00184097 5.6769e+06
43 184577 129498 5 1 0.00219052 1.16511e+07
44 31616 256696 4 1 0.0013423 799377
45 143803 37164 4 1 0.00135098 3.10292e+06
46 52739 222898 4 1 0.00135486 871677
47 30020 125102 5 1 0.00159017 4.42656e+06
48 208736 207129 4 1 0.00136119 1.47665e+06
49 109849 78410 7 1 0.00248946 5.89165e+06
50 162117 18531 5 1 0.00200543 6.24456e+06
51 51129 30831 4 1 0.00135815 2.27147e+06
52 166617 41585 5 1 0.00154666 2.72911e+06
53 2304 72960 5 1 0.00157889 5.25811e+06
54 41994 117394 4 1 0.00138784 5.72977e+06
55 29066 137874 5 1 0.00152816 1.97688e+06
56 237505 81679 6 1 0.00171493 1.88171e+06
57 59369 25899 3 1 0.00118059 163477
58 169617 49370 4 1 0.00136372 1.0376e+06
59 137171 82605 4 1 0.00136077 473261
60 181130 202088 6 1 0.00167917 881983
61 210581 51506 6 1 0.00241705 1.96041e+07
62 160996 239116 4 1 0.00136329 1.25505e+06
63 80273 6909 4 1 0.00135175 2.86369e+06
64 227499 144695 5 1 0.00148506 1.47738e+06
65 179489 46161 4 1 0.00199714 8.82263e+06
66 20930 104628 4 1 0.00136016 1.255e+06
67 233840 219973 7 1 0.00298077 4.46858e+07
68 258059 91507 5 1 0.00155335 1.93839e+06
69 1070 22901 3 1 0.00119474 504714
70 64721 21699 4 1 0.00133792 569540
71 685 49719 3 1 0.00121381 1.74409e+06
72 32071 138870 4 1 0.00143347 3.32201e+06
73 73603 195629 5 1 0.00154295 4.02993e+06
74 144426 132639 4 1 0.00133937 1.15502e+06
75 156981 15148 6 1 0.00172108 3.44668e+06
76 170287 79924 6 1 0.00229395 5.34668e+06
77 224876 15898 5 1 0.00154579 5.7233e+06
78 112693 230157 3 1 0.00119967 901917
79 179723 88194 6 1 0.00171941 3.28368e+06
80 34095 100924 3 1 0.00122994 2.27735e+06
81 5700 187891 5 1 0.0015461 3.55282e+06
82 67667 205807 4 1 0.00139199 3.07546e+06
83 207498 113718 6 1 0.00231212 5.40023e+06
84 129570 196702 4 1 0.00135205 617580
85 114571 241097 5 1 0.00153832 1.63555e+06
86 116710 141881 5 1 0.00153069 1.0394e+06
87 169077 61909 5 1 0.00237995 5.84928e+06
88 96943 177310 6 1 0.00230705 6.92357e+06
89 247207 85745 5 1 0.00177222 4.81657e+06
90 157086 168786 5 1 0.00158016 5.42603e+06
91 19337 213766 4 1 0.00137649 3.65132e+06
92 235089 236472 5 1 0.00155552 4.95912e+06
93 165701 220996 4 1 0.00134652 1.63013e+06
94 212745 17177 5 1 0.00153281 1.40396e+06
95 181146 15858 4 1 0.00139032 2.72311e+06
96 46288 235015 3 1 0.00119347 240474
97 49353 131109 3 1 0.00120021 544072
98 134002 87953 5 1 0.0015301 3.23705e+06
99 17708 247403 5 1 0.00153916 4.5395e+06
max-ST-CON-level 7
min_time 0.00108528 s
max_time 0.00298077 s
mean_time 0.00159636 s
stddev_time 0.000381353
min_CONPS                   335.484 
max_CONPS                   921.42 
mean_CONPS                  655.343 
stddev_CONPS                125.755 
mean_ST, mean_time, stddev_ST: 655.343, 0.00159636, 125.755 
-----ST_CON_VISITED_NODES-----
min_visited, max_visited, mean_visited, stddev_visited: 54, 36510, 1992.58, 4097.11
