SCALE 16
Edgefactor 16.0
MPI-Nodes 1
Num-ST-CON=100
Filename graphs/streets/germany_osm.mtx.txt.alt
Seed1 1945999166
Seed2 1735754696
ST-CON-RUN RED-V BLUE-V DEPTH MN-FOUND TIME(Sec) TEPS
0 5318785 103239 866 1 0.986031 1.90537e+06
1 2094615 272613 1192 1 1.41844 3.0054e+06
2 3808530 6057578 1579 1 1.88039 3.68398e+06
3 90314 8548487 1112 1 1.30523 2.64958e+06
4 1926309 5597506 543 1 0.609235 1.422e+06
5 2467468 8120037 1855 1 2.24956 3.62245e+06
6 6210884 86654 198 1 0.234882 209960
7 9944049 10754665 382 1 0.431541 1.11737e+06
8 112626 3872931 899 1 0.943455 1.78417e+06
9 3156262 9224016 1099 1 1.19383 1.6983e+06
10 2370886 6982011 1654 1 1.93606 3.44962e+06
11 1268178 8919556 1570 1 1.8012 2.90302e+06
12 3194454 9479366 2145 1 2.60539 3.3637e+06
13 2677374 6122920 411 1 0.437487 549280
14 1122940 10082929 2035 1 2.4142 3.17563e+06
15 2962922 3175646 908 1 1.01848 2.15172e+06
16 4078991 10502344 1904 1 2.19744 2.84666e+06
17 4708864 7172861 1436 1 1.72569 3.88705e+06
18 7884716 10375401 876 1 0.995675 1.98892e+06
19 4443810 7258618 1223 1 1.46675 3.58601e+06
20 9851089 4303481 2005 1 2.43698 3.57493e+06
21 1478309 5096997 991 1 1.09134 1.61186e+06
22 10891713 4675140 1170 1 1.39733 3.09513e+06
23 10143866 2958560 1129 1 1.26401 2.18272e+06
24 6746773 10704639 1177 1 1.43113 2.9917e+06
25 8093676 4148488 836 1 0.906211 1.61483e+06
26 3146290 8193192 1611 1 1.8359 2.80805e+06
27 1056019 4124934 1425 1 1.64035 2.31516e+06
28 5407196 4706548 1670 1 1.95982 3.46922e+06
29 1815880 10534751 1685 1 1.97977 3.49657e+06
30 7669379 8861812 1417 1 1.68733 3.02316e+06
31 6708588 5227756 1407 1 1.68601 3.43932e+06
32 9696120 6034236 1222 1 1.39903 2.42735e+06
33 5575966 7528232 517 1 0.610143 1.93775e+06
34 5433605 7260143 628 1 0.654982 1.08192e+06
35 7662594 9989784 1318 1 1.5583 2.63136e+06
36 8129161 8900987 1240 1 1.45692 2.95353e+06
37 1047172 4447676 617 1 0.71214 1.80159e+06
38 9508256 8634836 1634 1 1.90844 2.92845e+06
39 6764453 10574193 1339 1 1.533 2.7433e+06
40 4071267 6980329 648 1 0.679478 1.43985e+06
41 7446981 6175833 1085 1 1.30527 3.12854e+06
42 1169243 10674462 1582 1 1.89303 3.58186e+06
43 8132605 5705810 870 1 1.02444 2.61104e+06
44 1393058 11310232 1182 1 1.39886 2.9612e+06
45 6336105 1637491 281 1 0.313711 611054
46 2323724 9821066 713 1 0.726121 1.01272e+06
47 1322706 5512104 996 1 1.11316 1.91574e+06
48 9197069 9126284 1521 1 1.80238 3.58155e+06
49 4840058 3454803 1135 1 1.34643 2.98814e+06
50 7143027 816503 517 1 0.533702 567416
51 2252789 1358458 985 1 1.15611 2.66622e+06
52 7341301 1832289 555 1 0.668676 2.11442e+06
53 101520 3214702 1104 1 1.27065 2.91278e+06
54 1850290 5172480 1540 1 1.90208 3.67821e+06
55 1280688 6074836 1739 1 2.11686 3.40602e+06
56 10464652 3598862 221 1 0.257195 536558
57 2615873 1141155 464 1 0.485215 429641
58 7473452 2175316 769 1 0.833418 1.44152e+06
59 6043888 3639661 811 1 0.873854 1.39274e+06
60 7980746 8904147 1462 1 1.68471 3.20586e+06
61 9278353 2269410 974 1 1.11925 2.57934e+06
62 7093610 10535637 344 1 0.398125 1.34286e+06
63 3536901 304427 1935 1 2.14056 2.39992e+06
64 10023814 6375409 1747 1 2.05961 3.06467e+06
65 7908459 2033913 1000 1 1.11728 1.72922e+06
66 922226 4610011 344 1 0.371681 451449
67 10303186 9692206 1225 1 1.36223 1.95824e+06
68 11370293 4031891 964 1 1.14718 2.10873e+06
69 47153 1009042 818 1 0.928809 1.89272e+06
70 2851691 956104 533 1 0.5907 1.38163e+06
71 30189 2190698 747 1 0.869899 2.37183e+06
72 1413106 6118715 506 1 0.554842 1.42876e+06
73 3243015 8619562 1419 1 1.68893 3.3644e+06
74 6363520 5844211 713 1 0.721464 677987
75 6916712 667433 1819 1 2.06837 2.73881e+06
76 7502981 3521517 2084 1 2.46892 3.00735e+06
77 9908223 700479 834 1 0.901666 1.61059e+06
78 4965352 10140914 1481 1 1.81833 3.67445e+06
79 7918730 3885931 1494 1 1.74614 3.47239e+06
80 1502270 4446815 1149 1 1.31635 2.80562e+06
81 251159 8278646 669 1 0.800692 2.79678e+06
82 2981479 9068028 1353 1 1.56098 3.0177e+06
83 9142537 5010528 817 1 0.84388 1.14865e+06
84 5708973 8666867 659 1 0.677935 1.12107e+06
85 5048112 10622920 1150 1 1.42356 3.40827e+06
86 5142340 6251390 1356 1 1.60901 3.40118e+06
87 7449657 2727770 1269 1 1.52891 3.00941e+06
88 4271381 7812440 1418 1 1.71367 3.8916e+06
89 10892127 3778009 1661 1 1.98997 3.56198e+06
90 6921355 7436852 1572 1 1.83659 3.04684e+06
91 852031 9418724 1210 1 1.47387 3.25344e+06
92 10358199 10419169 1036 1 1.24343 2.70532e+06
93 7300925 9737268 1354 1 1.61083 3.69235e+06
94 9373719 756855 1149 1 1.32093 2.5374e+06
95 7981443 698758 616 1 0.659836 1.05324e+06
96 2039494 10354955 1457 1 1.66504 3.15219e+06
97 2174539 5776777 1293 1 1.54004 3.49963e+06
98 5904243 3875280 974 1 1.17684 2.36802e+06
99 780269 10900775 1442 1 1.69592 2.87784e+06
max-ST-CON-level 2145
min_time 0.234882 s
max_time 2.60539 s
mean_time 1.32148 s
stddev_time 0.563079
min_CONPS                   0.38382 
max_CONPS                   4.25745 
mean_CONPS                  0.996899 
stddev_CONPS                0.696401 
mean_ST, mean_time, stddev_ST: 0.996899, 1.32148, 0.696401 
-----ST_CON_VISITED_NODES-----
min_visited, max_visited, mean_visited, stddev_visited: 46785, 8.17132e+06, 3.43462e+06, 2.22383e+06
