SCALE 16
Edgefactor 16.0
MPI-Nodes 1
Num-ST-CON=100
Filename graphs/streets/roadNet-PA.mtx.txt.alt
Seed1 1650105720
Seed2 1444574516
ST-CON-RUN RED-V BLUE-V DEPTH MN-FOUND TIME(Sec) TEPS
0 502420 9752 74 1 0.0235515 2.76276e+06
1 197860 25751 329 1 0.149829 9.40355e+06
2 359759 572208 46 1 0.0113596 3.80165e+06
3 8531 807503 92 1 0.0278219 7.75447e+06
4 181962 528749 157 1 0.0574375 9.33273e+06
5 233080 767031 303 1 0.137815 9.93135e+06
6 586689 8185 94 1 0.0212183 5.7778e+06
7 939330 1015902 169 1 0.061955 9.09816e+06
8 10638 365843 145 1 0.0498135 7.27237e+06
9 298145 871314 221 1 0.0849834 1.02916e+07
10 223957 659531 214 1 0.0921301 1.1861e+07
11 119794 842555 210 1 0.0860793 9.66412e+06
12 301753 895435 78 1 0.023863 6.90685e+06
13 252908 578380 158 1 0.0639202 9.58287e+06
14 106074 952449 203 1 0.0868964 1.15996e+07
15 279882 299976 182 1 0.0723056 9.80807e+06
16 385307 992067 232 1 0.0975887 1.076e+07
17 444806 677559 209 1 0.0879311 9.8062e+06
18 744802 980076 261 1 0.115895 1.10793e+07
19 419769 685660 205 1 0.0814938 1.04483e+07
20 930549 406513 132 1 0.0474787 8.43327e+06
21 139643 481470 217 1 0.0859358 1.30119e+07
22 1028848 441620 126 1 0.0386096 7.44397e+06
23 958205 279470 118 1 0.0413184 7.95791e+06
24 637310 1011176 68 1 0.0165404 6.48417e+06
25 764541 391872 133 1 0.0541411 9.77744e+06
26 297203 773941 62 1 0.0146993 5.30903e+06
27 99753 389647 228 1 0.0994487 1.13745e+07
28 510772 444587 213 1 0.0528369 8.42544e+06
29 171530 995128 143 1 0.0518026 8.55123e+06
30 724461 837100 184 1 0.0733019 1.01648e+07
31 633703 493821 123 1 0.0409527 7.84113e+06
32 915910 570003 180 1 0.0710808 9.12776e+06
33 526714 711128 167 1 0.0654855 9.4742e+06
34 513266 685804 50 1 0.0123591 4.54321e+06
35 723820 943650 95 1 0.0253644 6.74445e+06
36 767893 840801 44 1 0.0112076 3.35022e+06
37 98917 420134 333 1 0.149539 9.19964e+06
38 898164 815660 44 1 0.0110595 2.64939e+06
39 638980 998854 304 1 0.126132 1.06112e+07
40 384578 659372 88 1 0.0297587 8.04737e+06
41 703453 583378 196 1 0.0713721 1.07308e+07
42 110448 1008326 191 1 0.0709655 8.97599e+06
43 768218 538979 228 1 0.100834 1.02868e+07
44 131590 1068382 69 1 0.0168054 6.57635e+06
45 598518 154680 76 1 0.0176963 5.8201e+06
46 219502 927713 211 1 0.0856912 1.01084e+07
47 124944 520681 27 1 0.00765227 1.04596e+06
48 868769 862082 190 1 0.0634477 8.11406e+06
49 457199 326346 135 1 0.0400768 7.12175e+06
50 674741 77128 247 1 0.109446 1.08054e+07
51 212801 128322 89 1 0.0248709 6.55659e+06
52 693470 173080 70 1 0.0163024 4.82653e+06
53 9589 303665 157 1 0.0608192 8.08312e+06
54 174781 488600 141 1 0.0500323 7.9581e+06
55 120975 573838 141 1 0.0552861 8.96694e+06
56 988507 339954 174 1 0.0606493 9.26395e+06
57 247099 107795 141 1 0.0528697 8.03395e+06
58 705953 205483 259 1 0.100971 1.03788e+07
59 570915 343808 129 1 0.0457852 7.53009e+06
60 753873 841099 70 1 0.0164566 5.91758e+06
61 876447 214372 211 1 0.0754375 9.78451e+06
62 670073 995212 269 1 0.117815 1.00553e+07
63 334101 28756 138 1 0.0541072 9.2149e+06
64 946865 602231 175 1 0.0665741 1.01774e+07
65 747045 192126 78 1 0.0184258 6.13336e+06
66 87114 435468 81 1 0.0218847 6.11168e+06
67 973254 915540 147 1 0.0450003 7.76419e+06
68 1074055 380858 218 1 0.0928563 1.03782e+07
69 4454 95315 253 1 0.105516 9.47915e+06
70 269375 90315 126 1 0.0465008 9.76293e+06
71 2851 206936 180 1 0.0652358 9.26348e+06
72 133484 577983 97 1 0.0292491 7.23249e+06
73 306340 814217 121 1 0.0440497 7.87728e+06
74 601108 552053 199 1 0.0777945 1.0504e+07
75 653363 63046 229 1 0.101839 1.13744e+07
76 708743 332648 156 1 0.0554271 8.10021e+06
77 935946 66168 265 1 0.110474 8.959e+06
78 469034 957926 142 1 0.0461316 7.59264e+06
79 748015 367071 234 1 0.0995813 9.81266e+06
80 141906 420053 69 1 0.0162233 5.47082e+06
81 23724 782013 219 1 0.0972931 1.23025e+07
82 281635 856580 139 1 0.0489688 8.3879e+06
83 863618 473302 235 1 0.0953076 1.00124e+07
84 539278 818685 111 1 0.0411824 7.23443e+06
85 476852 1003457 257 1 0.112769 9.57038e+06
86 485753 590516 85 1 0.0247979 6.2417e+06
87 703706 257669 44 1 0.0110583 2.20657e+06
88 403481 737975 110 1 0.0403466 8.29804e+06
89 1028887 356876 190 1 0.0811535 1.25187e+07
90 653802 702496 149 1 0.0519387 7.94327e+06
91 80484 889707 182 1 0.0767842 1.40363e+07
92 978451 984210 25 1 0.00721451 697760
93 689656 919797 138 1 0.0439778 7.67616e+06
94 885456 71493 204 1 0.0904225 1.31646e+07
95 753939 66005 303 1 0.139168 9.99027e+06
96 192653 978145 253 1 0.104138 1.05955e+07
97 205410 545683 277 1 0.115482 1.10709e+07
98 557724 366064 52 1 0.0127577 3.92155e+06
99 73705 1029704 57 1 0.0137554 4.06712e+06
max-ST-CON-level 333
min_time 0.00721451 s
max_time 0.149829 s
mean_time 0.0611961 s
stddev_time 0.0361497
min_CONPS                   6.67426 
max_CONPS                   138.61 
mean_CONPS                  28.2258 
stddev_CONPS                26.622 
mean_ST, mean_time, stddev_ST: 28.2258, 0.0611961, 26.622 
-----ST_CON_VISITED_NODES-----
min_visited, max_visited, mean_visited, stddev_visited: 3505, 990727, 414465, 294629
