SCALE 16
Edgefactor 16.0
MPI-Nodes 1
Num-ST-CON=100
Filename graphs/dense/wiki-Talk.txt
Seed1 107748315
Seed2 628329217
ST-CON-RUN RED-V BLUE-V DEPTH MN-FOUND TIME(Sec) TEPS
0 1102726 21404 2 1 0.0175511 46777.6
1 434270 56520 2 1 0.0115722 112338
2 789610 1255898 2 1 0.0116084 41866.1
3 18724 1772330 2 1 0.0116571 1.02178e+06
4 399375 1160513 2 1 0.0116231 51621.3
5 511572 1683501 2 1 0.0116061 17577
6 1287683 17965 8 0 0.0337027 1.3817e+08
7 2061668 2229730 2 1 0.0115407 22009
8 23350 802962 2 1 0.0116068 368579
9 654377 1912386 2 1 0.0115381 31547.6
10 491548 1447558 2 1 0.0116965 286839
11 262927 1849263 2 1 0.0115545 76074.4
12 662296 1965327 2 1 0.0116145 22816.4
13 555091 1269445 2 1 0.0115691 57739.9
14 232815 2090461 2 1 0.0115726 37070.4
15 614293 658396 2 1 0.0116415 71124.6
16 845684 2177417 2 1 0.0115808 3367.64
17 976274 1487126 2 1 0.0115924 55898.7
18 1634713 2151099 2 1 0.0115658 55248.9
19 921321 1504906 2 1 0.0114885 51965.1
20 2042395 892227 2 1 0.0117351 38346.5
21 306493 1056744 2 1 0.0115803 216920
22 2258144 969282 2 1 0.0115364 17163.1
23 2103095 613388 2 1 0.0115622 69537.2
24 1398787 2219359 2 1 0.0116438 45689.7
25 1678036 860093 2 1 0.0115984 13105.3
26 652310 1698668 3 1 0.0119371 426066
27 218941 855209 2 1 0.0117513 20763.6
28 1121056 975793 3 1 0.0128902 2.49251e+06
29 376480 2184136 2 1 0.011591 59960.1
30 1590068 1837291 2 1 0.0115851 32714.4
31 1390870 1083854 2 1 0.0115706 30767.6
32 2010266 1251059 2 1 0.0115809 32985.3
33 1156047 1560804 2 1 0.0115498 34286.4
34 1126532 1505222 2 1 0.0115446 10221.2
35 1588661 2071150 2 1 0.0115545 21723.1
36 1685393 1845413 2 1 0.0116327 18998.1
37 217106 922122 2 1 0.0118091 16936.1
38 1971316 1790233 2 1 0.0115856 114366
39 1402452 2192314 2 1 0.0115479 51870.7
40 844083 1447209 3 1 0.0119852 1.17454e+06
41 1543959 1280415 2 1 0.0116621 34213.5
42 242415 2213102 2 1 0.0116057 27658.7
43 1686107 1182967 2 1 0.0117938 35951
44 288818 2344914 3 1 0.0119656 456308
45 1313644 339496 2 1 0.0115684 4581.44
46 481770 2036170 2 1 0.0116702 122706
47 274232 1142807 2 1 0.0115834 66733.7
48 1906799 1892123 2 1 0.0116275 5590.21
49 1003474 716273 2 1 0.0116305 55543.5
50 1480941 169283 2 1 0.0117243 229182
51 467063 281644 2 1 0.0115587 58743.7
52 1522048 379882 2 1 0.0116564 8321.59
53 21047 666494 2 1 0.0115975 234102
54 383614 1072393 2 1 0.0116026 102477
55 265521 1259476 2 1 0.0115663 26283.3
56 2169603 746140 2 1 0.0116217 35450.8
57 542340 236592 2 1 0.0115545 49158.5
58 1549447 451001 2 1 0.0115399 29116.3
59 1253060 754599 2 1 0.0115577 23188.1
60 1654622 1846068 2 1 0.0115858 73020.5
61 1923651 470509 3 1 0.0131375 4.76995e+06
62 1470695 2184320 2 1 0.012057 11362.7
63 733294 63115 2 1 0.0115815 83063.5
64 2078205 1321793 2 1 0.0115708 11321.6
65 1639636 421684 2 1 0.0115536 52537.7
66 191202 955779 2 1 0.0116083 56425.3
67 2136127 2009454 2 1 0.0116389 69250.8
68 2357367 835919 2 1 0.0115705 22730.2
69 9776 209201 2 1 0.0116133 62084
70 591232 198226 2 1 0.0115814 31947.8
71 6258 454190 2 1 0.0122063 4.49882e+06
72 292974 1268573 2 1 0.0115387 56765.6
73 672364 1787066 2 1 0.0115623 31568
74 1319328 1211661 2 1 0.0115807 46111.1
75 1434020 138376 2 1 0.0116347 136058
76 1555569 730105 2 1 0.0115939 26220.7
77 2054240 145228 2 1 0.0116051 50322.8
78 1029450 2102483 2 1 0.0115528 21380.1
79 1641765 805657 2 1 0.0116169 126884
80 311460 921944 2 1 0.0115786 22368.8
81 52072 1716385 2 1 0.0116488 263460
82 618140 1880045 2 1 0.0116129 3788.89
83 1895493 1038817 2 1 0.0115821 27110.9
84 1183623 1796874 2 1 0.0115584 14015.8
85 1046609 2202416 2 1 0.0116379 3780.76
86 1066145 1296081 2 1 0.0116078 11027.1
87 1544513 565540 2 1 0.01158 40760.1
88 885572 1619728 2 1 0.0116132 58812.6
89 2258230 783282 2 1 0.0115863 17865.9
90 1434982 1541859 2 1 0.0115417 55277.7
91 176649 1952754 2 1 0.0120811 58107.2
92 2147532 2160173 2 1 0.0115758 16845.5
93 1513677 2018797 2 1 0.0115844 10617.7
94 1943423 156916 2 1 0.0115942 53820.2
95 1654767 144871 2 1 0.0118408 33528.1
96 422842 2146860 2 1 0.0116145 36678.4
97 450840 1197681 2 1 0.0115787 24614.2
98 1224108 803449 2 1 0.0116151 25225.7
99 161770 2260023 3 1 0.0127166 1.67066e+06
max-ST-CON-level 8
min_time 0.0114885 s
max_time 0.0337027 s
mean_time 0.0119488 s
stddev_time 0.00228868
min_CONPS                   29.6712 
max_CONPS                   87.0438 
mean_CONPS                  84.8816 
stddev_CONPS                6.50317 
mean_ST, mean_time, stddev_ST: 84.8816, 0.0119488, 6.50317 
-----ST_CON_VISITED_NODES-----
min_visited, max_visited, mean_visited, stddev_visited: 4, 2.38896e+06, 24063.8, 238879
