SCALE 16
Edgefactor 16.0
MPI-Nodes 1
Num-ST-CON=100
Filename graphs/dense/amazon0505.txt
Seed1 1942057438
Seed2 1992171192
ST-CON-RUN RED-V BLUE-V DEPTH MN-FOUND TIME(Sec) TEPS
0 188933 3667 4 1 0.00475871 4.80739e+06
1 74404 9683 3 1 0.0016356 2.2689e+06
2 135286 215176 4 1 0.00180874 2.78259e+06
3 3208 303658 3 1 0.00165993 645207
4 68426 198834 3 1 0.00165381 509731
5 87649 288439 3 1 0.00163059 802777
6 220622 3078 2 1 0.00145484 274944
7 353231 382026 5 1 0.00197574 2.41935e+06
8 4000 137573 3 1 0.00163819 1.00965e+06
9 112116 327654 4 1 0.00219641 8.12916e+06
10 84218 248014 4 1 0.0025812 1.43945e+07
11 45048 316839 4 1 0.00185432 6.76475e+06
12 113473 336725 4 1 0.00181004 3.9104e+06
13 95105 217497 3 1 0.00165012 4.26091e+06
14 39888 358164 3 1 0.00164073 3.38447e+06
15 105248 112804 4 1 0.00185549 7.08869e+06
16 144893 373063 2 1 0.00144915 83497
17 167267 254793 4 1 0.00176213 1.99474e+06
18 280080 368553 3 1 0.00158863 787470
19 157852 257839 4 1 0.00241626 7.77607e+06
20 349929 152867 4 1 0.00179589 6.7532e+06
21 52512 181055 2 1 0.00142091 103455
22 386894 166069 4 1 0.00161046 7.94121e+06
23 360329 105093 3 1 0.00158206 629558
24 239658 380249 3 1 0.00158377 484287
25 287502 147362 5 1 0.00305358 1.99441e+07
26 111762 291037 5 1 0.00300906 1.81864e+07
27 37511 146525 4 1 0.00179076 4.76e+06
28 192073 167185 4 1 0.00177444 3.89305e+06
29 64503 374214 3 1 0.00159994 2.12383e+06
30 272430 314788 5 1 0.0035155 4.43778e+07
31 238301 185699 4 1 0.00180229 5.61676e+06
32 344424 214347 4 1 0.00177661 3.3806e+06
33 198068 267417 4 1 0.00238846 9.84484e+06
34 193012 257894 4 1 0.00177184 3.0979e+06
35 272189 354856 3 1 0.00158485 2.29233e+06
36 288763 316180 3 1 0.00159667 808559
37 37197 157989 3 1 0.0016746 618059
38 337751 306725 4 1 0.00179526 6.31664e+06
39 240286 375615 3 1 0.00159269 1.78692e+06
40 144619 247954 4 1 0.0018401 8.78541e+06
41 264530 219377 4 1 0.00184337 6.63837e+06
42 41533 379177 3 1 0.00224142 1.01485e+07
43 288885 202681 3 1 0.00162793 1.8975e+06
44 49484 401760 3 1 0.00159177 1.34441e+06
45 225070 58166 4 1 0.00178866 3.68432e+06
46 82543 348862 4 1 0.00179404 5.0874e+06
47 46985 195800 4 1 0.00179918 6.0811e+06
48 326697 324182 3 1 0.00160075 2.2908e+06
49 171928 122721 3 1 0.00159606 770021
50 253733 29003 4 1 0.00181693 4.53017e+06
51 80023 48255 4 1 0.00181934 4.10423e+06
52 260776 65086 3 1 0.00159711 594200
53 3606 114192 3 1 0.00160886 3.34771e+06
54 65725 183736 4 1 0.00176753 2.93348e+06
55 45492 215789 4 1 0.0017656 3.35581e+06
56 371724 127838 3 1 0.00223227 7.39741e+06
57 92920 40536 3 1 0.00159684 1.58939e+06
58 265471 77271 3 1 0.00162315 1.27098e+06
59 214690 129287 3 1 0.00159855 1.04032e+06
60 283491 316292 4 1 0.00175527 1.22944e+06
61 329584 80613 2 1 0.00142544 138904
62 251978 374245 3 1 0.00159443 550039
63 125637 10813 3 1 0.00158577 990058
64 356064 226466 4 1 0.00181636 7.98464e+06
65 280923 72248 4 1 0.00178961 4.45516e+06
66 32759 163756 4 1 0.0017979 6.42304e+06
67 365988 344285 4 1 0.00180807 2.55963e+06
68 403894 143220 4 1 0.00179646 4.82561e+06
69 1674 35843 2 1 0.00142827 134428
70 101297 33962 3 1 0.00159775 1.14661e+06
71 1072 77817 3 1 0.00159767 1.3357e+06
72 50196 217348 3 1 0.00159623 1.5831e+06
73 115198 306183 4 1 0.00176704 2.56021e+06
74 226044 207597 3 1 0.00160583 1.15206e+06
75 245694 23708 4 1 0.00211778 8.45037e+06
76 266520 125091 4 1 0.00179059 4.54765e+06
77 351958 24882 3 1 0.00161573 4.32623e+06
78 176378 360224 4 1 0.00166968 6.28803e+06
79 281288 138035 3 1 0.00130233 3.69262e+06
80 53363 157959 4 1 0.00272219 1.97584e+07
81 8921 294073 4 1 0.00179282 7.6215e+06
82 105907 322113 3 1 0.00162178 3.59975e+06
83 324760 177983 3 1 0.00159822 1.27017e+06
84 202793 307863 4 1 0.00182611 7.67807e+06
85 179318 377346 3 1 0.00165309 9.45322e+06
86 182665 222061 4 1 0.0017701 1.02085e+06
87 264625 96895 4 1 0.00247793 1.55876e+07
88 151727 277512 4 1 0.0021346 8.01509e+06
89 386909 134202 3 1 0.00160652 1.05632e+06
90 245859 264171 3 1 0.00159613 1.37395e+06
91 30265 334570 2 1 0.00132513 104141
92 367942 370108 3 1 0.00159883 808091
93 259342 345886 4 1 0.00178544 5.50902e+06
94 332972 26884 3 1 0.00160113 863142
95 283516 24821 4 1 0.0017692 3.91533e+06
96 72446 367827 4 1 0.00244533 1.08963e+07
97 77243 205202 4 1 0.00181108 6.71203e+06
98 209729 137657 3 1 0.00161722 3.96234e+06
99 27716 387216 4 1 0.00247713 1.86809e+07
max-ST-CON-level 5
min_time 0.00130233 s
max_time 0.00475871 s
mean_time 0.00183578 s
stddev_time 0.000466345
min_CONPS                   210.141 
max_CONPS                   767.856 
mean_CONPS                  566.655 
stddev_CONPS                93.4564 
mean_ST, mean_time, stddev_ST: 566.655, 0.00183578, 93.4564 
-----ST_CON_VISITED_NODES-----
min_visited, max_visited, mean_visited, stddev_visited: 19, 23756, 1563.49, 2781.78
