SCALE 16
Edgefactor 16.0
MPI-Nodes 1
Num-ST-CON=100
Filename graphs/dense/email-EuAll.txt
Seed1 265166970
Seed2 629541716
ST-CON-RUN RED-V BLUE-V DEPTH MN-FOUND TIME(Sec) TEPS
0 122143 2370 2 1 0.0016183 85892.7
1 48102 6260 2 1 0.00102091 188067
2 87461 139110 2 1 0.00101365 297933
3 2074 196312 2 1 0.00106874 252635
4 44236 128544 3 1 0.00120464 3.47242e+06
5 56664 186473 2 1 0.00103335 164514
6 142630 1989 2 1 0.0010362 451649
7 228361 246976 11 0 0.00510932 6.67009e+07
8 2586 88940 2 1 0.000994317 64365.8
9 72482 211826 2 1 0.00103113 208508
10 54446 160339 2 1 0.00125342 165148
11 29123 204834 2 1 0.00102672 231807
12 73359 217690 2 1 0.001032 37790.7
13 61484 140610 11 0 0.00512268 6.65269e+07
14 25787 231550 2 1 0.00100097 225782
15 68042 72927 2 1 0.00104341 43128
16 93672 241182 2 1 0.00103539 247249
17 108137 164722 2 1 0.00103878 36581.5
18 181069 238267 3 1 0.00187357 7.16439e+06
19 102050 166691 3 1 0.00122413 3.46939e+06
20 226226 98827 2 1 0.00104379 306575
21 33948 117050 2 1 0.00103336 494502
22 250124 107362 2 1 0.00102991 525288
23 232950 67942 2 1 0.0010322 296454
24 154937 245828 2 1 0.00104909 188734
25 185868 95268 2 1 0.00103784 317967
26 72253 188153 11 0 0.00544146 6.29691e+07
27 24251 94727 2 1 0.00100077 261799
28 124174 108084 11 0 0.00512759 6.64706e+07
29 41701 241926 2 1 0.000991306 43377.1
30 176124 203508 2 1 0.00102894 79693.5
31 154060 120053 12 0 0.00569879 5.98015e+07
32 222667 138574 11 0 0.00511244 6.66601e+07
33 128050 172883 11 0 0.00508546 6.7014e+07
34 124780 166726 2 1 0.000993054 332308
35 175968 229411 2 1 0.00103591 177622
36 186683 204407 2 1 0.00104303 72864.3
37 24047 102139 12 0 0.00566549 6.0153e+07
38 218353 198295 2 1 0.000994861 293508
39 155343 242832 11 0 0.00511526 6.66236e+07
40 93495 160300 11 0 0.00539248 6.31986e+07
41 171017 141825 2 1 0.000889117 112471
42 26851 245135 3 1 0.00185018 4.57901e+06
43 186762 131031 11 0 0.00510894 6.67058e+07
44 31991 259735 2 1 0.00100017 556907
45 145506 37604 3 1 0.00121047 4.04224e+06
46 53363 225537 2 1 0.00103943 471414
47 30375 126583 2 1 0.00103788 25051.1
48 211207 209581 2 0 0.00101737 1965.85
49 111150 79338 2 1 0.00121025 93369
50 164036 18750 2 1 0.001041 525457
51 51734 31196 11 0 0.00513001 6.64324e+07
52 168590 42077 2 1 0.000992561 526920
53 2331 73824 2 1 0.00104999 49524.2
54 42491 118784 2 1 0.0010316 95967.3
55 29410 139506 2 1 0.00103791 312166
56 240316 82646 2 1 0.00103883 62570.6
57 60072 26206 2 1 0.00104037 141295
58 171625 49955 2 1 0.0010612 61251.6
59 138795 83583 2 1 0.00103743 44340.3
60 183274 204480 2 1 0.00107245 122150
61 213073 52116 2 1 0.00103435 17402.2
62 162902 241947 2 1 0.00104827 40065.9
63 81223 6991 2 1 0.00103503 67630.8
64 230193 146408 2 1 0.00104621 144331
65 181614 46708 2 1 0.00104758 169916
66 21178 105867 3 1 0.00123499 4.45187e+06
67 236608 222577 3 1 0.00124714 3.47195e+06
68 261114 92590 2 1 0.0011036 227438
69 1082 23172 2 1 0.00106218 3.98801e+06
70 65488 21956 2 1 0.0010313 171628
71 693 50308 2 1 0.00108158 7.07575e+06
72 32451 140514 11 0 0.00548173 6.21694e+07
73 74474 197945 2 1 0.000996438 147526
74 146135 134210 2 1 0.00104937 88625
75 158839 15327 2 1 0.00103497 477310
76 172303 80870 11 0 0.00541377 6.29498e+07
77 227538 16086 11 0 0.00515783 6.60735e+07
78 114027 232882 2 1 0.000996787 93299.8
79 181850 89238 11 0 0.00556541 6.12347e+07
80 34499 102119 2 1 0.00099549 125566
81 5767 190116 2 1 0.00104521 68885.4
82 68468 208243 11 0 0.00515316 6.61336e+07
83 209954 115064 11 0 0.00524547 6.49699e+07
84 131104 199031 11 0 0.00538714 6.32636e+07
85 115928 243951 2 1 0.00099103 534797
86 118091 143560 2 1 0.00103383 255360
87 171078 62642 2 1 0.0010489 334636
88 98090 179409 11 0 0.00516248 6.6014e+07
89 250133 86760 2 1 0.00099097 97883.9
90 158946 170784 2 1 0.00101372 225901
91 19566 216297 2 1 0.00104045 449807
92 237872 239272 2 1 0.00103992 26925
93 167663 223612 2 1 0.00103472 223248
94 215263 17380 2 1 0.00104151 74891.4
95 183290 16046 12 0 0.00535125 6.36853e+07
96 46836 237797 10 0 0.00522527 6.54831e+07
97 49937 132661 2 1 0.000989047 523736
98 135588 88994 11 0 0.00540952 6.29993e+07
99 17918 250332 2 1 0.000999352 205133
max-ST-CON-level 12
min_time 0.000889117 s
max_time 0.00569879 s
mean_time 0.00204499 s
stddev_time 0.00178992
min_CONPS                   175.476 
max_CONPS                   1124.71 
mean_CONPS                  769.533 
stddev_CONPS                329.14 
mean_ST, mean_time, stddev_ST: 769.533, 0.00204499, 329.14 
-----ST_CON_VISITED_NODES-----
min_visited, max_visited, mean_visited, stddev_visited: 4, 226682, 51956.1, 95044.4
