SCALE 16
Edgefactor 16.0
MPI-Nodes 1
Num-ST-CON=100
Filename graphs/dense/amazon0505.txt
Seed1 487214819
Seed2 1924750837
ST-CON-RUN RED-V BLUE-V DEPTH MN-FOUND TIME(Sec) TEPS
0 188933 3667 4 1 0.00474278 4.82439e+06
1 74404 9683 3 1 0.00164811 2.25167e+06
2 135286 215176 4 1 0.00181599 2.77149e+06
3 3208 303658 3 1 0.00165232 648179
4 68426 198834 3 1 0.00161627 521571
5 87649 288439 3 1 0.00161972 808162
6 220622 3078 2 1 0.00144749 277031
7 353231 382026 5 1 0.00199817 2.39219e+06
8 4000 137573 3 1 0.00162884 1.01545e+06
9 112116 327654 4 1 0.00220284 8.10181e+06
10 84218 248014 4 1 0.0025752 1.44272e+07
11 45048 316839 4 1 0.0018797 6.6681e+06
12 113473 336725 4 1 0.00186144 3.80242e+06
13 95105 217497 3 1 0.00166109 4.23277e+06
14 39888 358164 3 1 0.00165441 3.35045e+06
15 105248 112804 4 1 0.00185877 7.07997e+06
16 144893 373063 2 1 0.00146261 82728.6
17 167267 254793 4 1 0.00180876 1.94498e+06
18 280080 368553 3 1 0.00162748 770517
19 157852 257839 4 1 0.00256675 7.32287e+06
20 349929 152867 4 1 0.00186143 6.51059e+06
21 52512 181055 2 1 0.00145658 102294
22 386894 166069 4 1 0.00185927 6.87849e+06
23 360329 105093 3 1 0.00162488 608662
24 239658 380249 3 1 0.00161191 474593
25 287502 147362 5 1 0.00307209 1.9824e+07
26 111762 291037 5 1 0.00300754 1.81923e+07
27 37511 146525 4 1 0.00180066 4.73381e+06
28 192073 167185 4 1 0.00178146 3.87773e+06
29 64503 374214 3 1 0.00152388 2.22983e+06
30 272430 314788 5 1 0.0035608 4.3812e+07
31 238301 185699 4 1 0.00183769 5.50364e+06
32 344424 214347 4 1 0.00178978 3.35573e+06
33 198068 267417 4 1 0.00242018 9.71415e+06
34 193012 257894 4 1 0.00182232 3.01155e+06
35 272189 354856 3 1 0.00160923 2.2576e+06
36 288763 316180 3 1 0.00160396 804882
37 37197 157989 3 1 0.00159451 649103
38 337751 306725 4 1 0.00180228 6.29204e+06
39 240286 375615 3 1 0.0016039 1.76881e+06
40 144619 247954 4 1 0.00180208 8.96743e+06
41 264530 219377 4 1 0.00182583 6.70215e+06
42 41533 379177 3 1 0.00227406 1.00002e+07
43 288885 202681 3 1 0.00161587 1.91166e+06
44 49484 401760 3 1 0.00164234 1.3018e+06
45 225070 58166 4 1 0.00178428 3.69336e+06
46 82543 348862 4 1 0.00183918 4.96744e+06
47 46985 195800 4 1 0.00181178 6.03882e+06
48 326697 324182 3 1 0.00160825 2.28011e+06
49 171928 122721 3 1 0.0016003 767980
50 253733 29003 4 1 0.00179995 4.57624e+06
51 80023 48255 4 1 0.00177923 4.19676e+06
52 260776 65086 3 1 0.00159286 595782
53 3606 114192 3 1 0.00162497 3.31453e+06
54 65725 183736 4 1 0.0017829 2.90706e+06
55 45492 215789 4 1 0.00179082 3.30854e+06
56 371724 127838 3 1 0.00224758 7.3448e+06
57 92920 40536 3 1 0.00161934 1.5741e+06
58 265471 77271 3 1 0.00161722 1.27564e+06
59 214690 129287 3 1 0.0016105 1.03508e+06
60 283491 316292 4 1 0.00176125 1.22413e+06
61 329584 80613 2 1 0.00142985 138476
62 251978 374245 3 1 0.00160624 544129
63 125637 10813 3 1 0.00160048 980954
64 356064 226466 4 1 0.00182363 7.95719e+06
65 280923 72248 4 1 0.00178825 4.45688e+06
66 32759 163756 4 1 0.00182362 6.33794e+06
67 365988 344285 4 1 0.00179103 2.58399e+06
68 403894 143220 4 1 0.00180185 4.80839e+06
69 1674 35843 2 1 0.00142868 135090
70 101297 33962 3 1 0.00159808 1.14637e+06
71 1072 77817 3 1 0.00160611 1.32867e+06
72 50196 217348 3 1 0.00160397 1.57235e+06
73 115198 306183 4 1 0.00177609 2.54548e+06
74 226044 207597 3 1 0.00159691 1.15849e+06
75 245694 23708 4 1 0.00213624 8.37735e+06
76 266520 125091 4 1 0.00180117 4.52372e+06
77 351958 24882 3 1 0.00163301 4.28045e+06
78 176378 360224 4 1 0.00178711 5.87263e+06
79 281288 138035 3 1 0.00131287 3.66755e+06
80 53363 157959 4 1 0.00271899 1.97816e+07
81 8921 294073 4 1 0.00180891 7.55705e+06
82 105907 322113 3 1 0.00162792 3.58741e+06
83 324760 177983 3 1 0.00160866 1.26192e+06
84 202793 307863 4 1 0.00182499 7.68663e+06
85 179318 377346 3 1 0.00165579 9.43899e+06
86 182665 222061 4 1 0.00176561 1.02797e+06
87 264625 96895 4 1 0.0024896 1.55145e+07
88 151727 277512 4 1 0.00212287 8.05938e+06
89 386909 134202 3 1 0.00162077 1.05012e+06
90 245859 264171 3 1 0.00160758 1.36789e+06
91 30265 334570 2 1 0.00143955 95863.4
92 367942 370108 3 1 0.00160787 802306
93 259342 345886 4 1 0.00181377 5.42516e+06
94 332972 26884 3 1 0.00160523 860934
95 283516 24821 4 1 0.00183333 3.78002e+06
96 72446 367827 4 1 0.00245662 1.08421e+07
97 77243 205202 4 1 0.001819 6.6806e+06
98 209729 137657 3 1 0.00162227 3.95001e+06
99 27716 387216 4 1 0.00248623 1.86125e+07
max-ST-CON-level 5
min_time 0.00131287 s
max_time 0.00474278 s
mean_time 0.00185084 s
stddev_time 0.000467048
min_CONPS                   210.847 
max_CONPS                   761.692 
mean_CONPS                  561.906 
stddev_CONPS                92.4285 
mean_ST, mean_time, stddev_ST: 561.906, 0.00185084, 92.4285 
-----ST_CON_VISITED_NODES-----
min_visited, max_visited, mean_visited, stddev_visited: 19, 23755, 1563.53, 2781.67
