SCALE 16
Edgefactor 16.0
MPI-Nodes 1
Num-ST-CON=100
Filename graphs/dense/as-skitter.txt
Seed1 199024049
Seed2 1502458593
ST-CON-RUN RED-V BLUE-V DEPTH MN-FOUND TIME(Sec) TEPS
0 781279 15164 2 1 0.0122861 114357
1 307679 40044 2 1 0.00825928 365892
2 559436 889800 3 1 0.00852768 603330
3 13266 1255691 2 1 0.00825046 173687
4 282956 822220 2 1 0.00827063 94914.2
5 362447 1192756 3 1 0.00930792 1.71846e+07
6 912320 12728 2 1 0.00841025 107963
7 1460686 1579758 4 1 0.00880275 1.28255e+06
8 16543 568896 2 1 0.00826932 267495
9 463625 1354920 3 1 0.00854188 662149
10 348260 1025591 2 1 0.00825712 191713
11 186283 1310198 3 1 0.00984466 1.59869e+08
12 469234 1392428 3 1 0.00916376 3.47303e+06
13 393280 899398 3 1 0.0084849 460230
14 164949 1481086 3 1 0.00926364 3.60574e+07
15 435225 466472 2 1 0.00826825 31203.7
16 599165 1542694 3 1 0.00851969 187448
17 691687 1053625 3 1 0.00850399 182855
18 1158189 1524048 3 1 0.00853792 229096
19 652753 1066222 3 1 0.00853982 5.07283e+06
20 1447031 632140 3 1 0.00858199 8.01423e+06
21 217149 748700 2 1 0.00812319 117442
22 1599889 686733 3 1 0.00849904 659369
23 1490037 434584 3 1 0.00918738 9.66859e+06
24 991036 1572409 3 1 0.00856051 507680
25 1188884 609373 3 1 0.00838499 856531
26 462160 1203502 2 1 0.00832993 50060.4
27 155119 605913 2 1 0.00834915 286377
28 794265 691347 2 1 0.00831467 47386.2
29 266735 1547454 3 1 0.00916949 7.02754e+06
30 1126559 1301716 3 1 0.00917773 2.33206e+07
31 985427 767907 3 1 0.00850915 495819
32 1424268 886372 3 1 0.00851898 2.72732e+06
33 819056 1105825 3 1 0.00855782 1.98953e+06
34 798145 1066446 3 1 0.00847683 581350
35 1125562 1467404 4 1 0.0098198 4.54829e+07
36 1194096 1307470 3 1 0.00850889 438718
37 153819 653321 2 1 0.00825272 93666.1
38 1396672 1268375 3 1 0.00847706 226258
39 993633 1553248 3 1 0.0091537 1.76453e+06
40 598030 1025344 3 1 0.00863834 1.02609e+07
41 1093890 907171 3 1 0.00850944 3.1961e+06
42 171750 1567977 3 1 0.00992209 1.67717e+08
43 1194602 838129 3 1 0.00838848 64016.3
44 204627 1661365 3 1 0.00851947 3.09245e+06
45 930713 240532 2 1 0.00829658 1.18856e+06
46 341333 1442621 3 1 0.00858249 8.35724e+06
47 194293 809675 2 1 0.00825869 135736
48 1350962 1340564 4 1 0.00886068 6.47038e+06
49 710958 507477 3 1 0.00851462 1.1869e+06
50 1049242 119936 2 1 0.00826554 151109
51 330913 199544 2 1 0.00824708 44136.8
52 1078367 269145 3 1 0.0085234 3.49814e+06
53 14912 472209 2 1 0.00831582 346328
54 271790 759788 2 1 0.00824938 894249
55 188120 892335 2 1 0.00833304 589101
56 1537158 528638 3 1 0.00848318 847323
57 384246 167624 2 1 0.00823489 60352.9
58 1097779 319533 3 1 0.00852414 3.28103e+06
59 887789 534631 2 1 0.00824809 71895.5
60 1172295 1307934 3 1 0.00848303 409877
61 1362902 333354 2 1 0.00833668 326029
62 1041984 1547585 3 1 0.0085001 958930
63 519537 44717 2 1 0.00826014 159440
64 1472403 936487 3 1 0.0084694 75448.1
65 1161677 298762 3 1 0.00846982 204727
66 135466 677166 3 1 0.00923077 1.37899e+07
67 1513440 1423693 3 1 0.00845562 209447
68 1670188 592246 4 1 0.0102747 9.19933e+07
69 6926 148218 2 1 0.00885455 7.94631e+06
70 418886 140442 2 1 0.00827872 220203
71 4434 321792 2 1 0.00827412 118079
72 207571 898781 2 1 0.00824674 171704
73 476368 1266131 3 1 0.00914627 7.7484e+06
74 934740 858459 3 1 0.00858351 879827
75 1015999 98039 3 1 0.00927008 1.32795e+07
76 1102116 517277 3 1 0.00852724 629278
77 1455423 102893 3 1 0.00953832 2.38818e+07
78 729363 1489604 3 1 0.0085248 2.09706e+06
79 1163186 570806 3 1 0.00928346 5.03939e+06
80 220669 653194 2 1 0.00812405 63392
81 36892 1216054 2 1 0.00826931 575622
82 437951 1332007 3 1 0.0091685 6.84867e+06
83 1342951 735999 3 1 0.00852262 897260
84 838593 1273080 3 1 0.00853998 203162
85 741519 1560406 3 1 0.00853208 335205
86 755361 918269 2 1 0.00838821 42917.4
87 1094283 400683 3 1 0.00864834 7.1431e+06
88 627425 1147573 2 1 0.00830701 142169
89 1599950 554953 3 1 0.00909158 3.71288e+06
90 1016681 1092403 3 1 0.00851968 1.75406e+06
91 125155 1383521 3 1 0.00912614 4.40876e+06
92 1521521 1530477 3 1 0.00851171 2.71873e+06
93 1072436 1430312 3 1 0.00854466 1.25962e+06
94 1376910 111174 3 1 0.00909795 3.20204e+06
95 1172398 102641 2 1 0.00825985 1.31988e+06
96 299582 1521044 2 1 0.00828529 24501.2
97 319419 848553 3 1 0.00861207 5.41264e+06
98 867277 569241 3 1 0.00918815 7.24672e+06
99 114614 1601220 3 1 0.00965415 9.09317e+07
max-ST-CON-level 4
min_time 0.00812319 s
max_time 0.0122861 s
mean_time 0.00867578 s
stddev_time 0.00057052
min_CONPS                   81.3928 
max_CONPS                   123.104 
mean_CONPS                  115.682 
stddev_CONPS                6.49962 
mean_ST, mean_time, stddev_ST: 115.682, 0.00867578, 6.49962 
-----ST_CON_VISITED_NODES-----
min_visited, max_visited, mean_visited, stddev_visited: 11, 71222, 4970.01, 13430.9
