SCALE 16
Edgefactor 16.0
MPI-Nodes 1
Num-ST-CON=100
Filename graphs/symmetric/hugebubbles-00000.mtx.alt
Seed1 487520807
Seed2 1541570261
ST-CON-RUN RED-V BLUE-V DEPTH MN-FOUND TIME(Sec) TEPS
0 8436364 163752 2144 1 3.14756 4.86272e+06
1 3322364 432405 1476 1 2.10334 4.07335e+06
2 6040880 9608198 1276 1 1.8391 4.10042e+06
3 143252 13559140 1658 1 2.36874 3.747e+06
4 3055405 8878456 2166 1 3.15589 5.38343e+06
5 3913762 12879555 816 1 1.15034 2.56867e+06
6 9851363 137446 1406 1 2.00601 3.55236e+06
7 15772703 17058457 1526 1 2.17502 3.89964e+06
8 178641 6143030 2595 1 3.74162 4.39683e+06
9 5006289 14630626 1797 1 2.59672 4.32855e+06
10 3760568 11074481 2255 1 3.26283 4.61064e+06
11 2011514 14147708 1802 1 2.61693 4.72165e+06
12 5066866 15035648 112 1 0.206587 248926
13 4246704 9711839 677 1 0.954145 2.25039e+06
14 1781146 15992987 791 1 1.12398 2.58731e+06
15 4699624 5037035 747 1 1.05534 2.42991e+06
16 6469872 16658240 1137 1 1.63449 3.44916e+06
17 7468941 11377198 2512 1 3.65195 4.82567e+06
18 12506302 16456890 2157 1 3.13763 5.19585e+06
19 7048527 11513220 991 1 1.41727 3.00214e+06
20 15625254 6825945 395 1 0.53929 1.25046e+06
21 2344813 8084576 1380 1 1.97999 3.31678e+06
22 17275835 7415449 1591 1 2.2932 4.41214e+06
23 16089641 4692705 2261 1 3.27841 4.54827e+06
24 10701360 16979109 2159 1 3.09907 4.62876e+06
25 12837743 6580104 1872 1 2.6794 4.46591e+06
26 4990472 12995590 1704 1 2.46617 4.45308e+06
27 1674999 6542743 1133 1 1.63092 3.80231e+06
28 8576596 7465267 620 1 0.87049 1.90262e+06
29 2880249 16709641 1372 1 1.97996 3.90057e+06
30 12164746 14056119 610 1 0.794096 1.49274e+06
31 10640793 8291979 1137 1 1.6065 3.07647e+06
32 15379452 9571173 1596 1 2.30409 4.71309e+06
33 8844290 11940868 1542 1 2.11177 2.68015e+06
34 8618486 11515639 1418 1 2.0487 4.34264e+06
35 12153984 15845245 1912 1 2.76268 4.58732e+06
36 12894028 14118256 877 1 1.24602 2.46313e+06
37 1660967 7054658 1783 1 2.54911 4.15648e+06
38 15081473 13696102 2972 1 4.28741 4.2844e+06
39 10729402 16772203 761 1 1.04735 2.05248e+06
40 6457620 11071814 2507 1 3.65 4.61538e+06
41 11811991 9795766 1931 1 2.76529 4.16709e+06
42 1854589 16931244 1283 1 1.8409 3.41685e+06
43 12899490 9050242 3262 1 4.71663 4.80419e+06
44 2209591 17939667 1712 1 2.48634 4.83289e+06
45 10049981 2597299 828 1 1.15201 2.26058e+06
46 3685763 15577635 2964 1 4.32198 4.83415e+06
47 2098004 8742996 2900 1 4.18143 4.45707e+06
48 14587884 14475609 1106 1 1.58393 3.66738e+06
49 7677034 5479818 2568 1 3.73122 4.45705e+06
50 11329876 1295092 1572 1 2.27538 4.53639e+06
51 3573250 2154712 1699 1 2.45421 4.18235e+06
52 11644367 2906276 1601 1 2.27206 3.88433e+06
53 161025 5098983 1149 1 1.64166 3.19174e+06
54 2934828 8204303 2619 1 3.75704 4.37912e+06
55 2031357 9635571 1733 1 2.43148 3.57983e+06
56 16598455 5708317 2948 1 4.28684 4.62512e+06
57 4149154 1810037 3456 1 5.0387 4.89453e+06
58 11853978 3450367 1551 1 2.21573 3.7007e+06
59 9586483 5773031 2783 1 4.05778 5.17922e+06
60 12658620 14123267 932 1 1.23935 1.96062e+06
61 14716813 3599614 2875 1 4.18464 4.5734e+06
62 11251493 16711048 2006 1 2.9079 4.36061e+06
63 5610037 482865 529 1 0.733246 1.71634e+06
64 15899222 10112323 2288 1 3.29581 4.61208e+06
65 12543963 3226081 937 1 1.33732 3.00025e+06
66 1462785 7312146 1457 1 2.0275 2.93677e+06
67 16342346 15373243 2815 1 4.077 5.63365e+06
68 18034933 6395164 96 1 0.190077 199856
69 74792 1600487 509 1 0.707887 1.6549e+06
70 4523195 1516520 1194 1 1.66159 2.51313e+06
71 47884 3474766 3511 1 5.06338 4.53278e+06
72 2241391 9705168 2109 1 3.07038 5.2449e+06
73 5143892 13671876 1991 1 2.89287 4.66909e+06
74 10093466 9269766 2410 1 3.47998 4.94217e+06
75 10970908 1058646 1382 1 1.98788 4.11167e+06
76 11900816 5585637 3095 1 4.48913 5.03884e+06
77 15715877 1111062 3296 1 4.76437 4.57178e+06
78 7875768 16084960 1177 1 1.60482 2.48691e+06
79 12560254 6163650 267 1 0.39177 773843
80 2382817 7053293 3043 1 4.43152 4.74992e+06
81 398375 13131132 1563 1 2.22042 3.91528e+06
82 4729058 14383207 2924 1 4.23958 4.77039e+06
83 14501389 7947424 1556 1 2.24889 3.89596e+06
84 9055258 13746907 1040 1 1.49118 3.50789e+06
85 8007037 16849491 1887 1 2.73682 4.75926e+06
86 8156497 9915611 1868 1 2.58333 3.0495e+06
87 11816235 4326638 1155 1 1.65526 3.3137e+06
88 6775029 12391662 1372 1 1.90959 3.03477e+06
89 17276492 5992470 2463 1 3.52411 4.7427e+06
90 10978273 11795925 2111 1 2.98492 4.16732e+06
91 1351445 14939461 3168 1 4.62161 4.75268e+06
92 16429605 16526313 853 1 1.15376 1.95825e+06
93 11580325 15444718 617 1 0.866841 2.00424e+06
94 14868076 1200483 1766 1 2.46149 3.24914e+06
95 12659726 1108332 1509 1 2.1391 3.70788e+06
96 3234934 16424460 773 1 1.07392 2.06807e+06
97 3449135 9162805 1939 1 2.76034 3.94813e+06
98 9364986 6146756 1984 1 2.87364 4.7525e+06
99 1237620 17290210 950 1 1.34532 2.59124e+06
max-ST-CON-level 3511
min_time 0.190077 s
max_time 5.06338 s
mean_time 2.45209 s
stddev_time 1.1876
min_CONPS                   0.197497 
max_CONPS                   5.26102 
mean_CONPS                  0.622132 
stddev_CONPS                0.732295 
mean_ST, mean_time, stddev_ST: 0.622132, 2.45209, 0.732295 
-----ST_CON_VISITED_NODES-----
min_visited, max_visited, mean_visited, stddev_visited: 25385, 1.64455e+07, 6.8447e+06, 4.4218e+06
