SCALE 16
Edgefactor 16.0
MPI-Nodes 1
Num-ST-CON=100
Filename graphs/symmetric/hugetric-00010.mtx.alt
Seed1 893725266
Seed2 1587081903
ST-CON-RUN RED-V BLUE-V DEPTH MN-FOUND TIME(Sec) TEPS
0 3036278 58935 1211 1 0.811697 6.78187e+06
1 1195731 155624 1100 1 0.735028 7.60117e+06
2 2174135 3458025 589 1 0.346275 4.48253e+06
3 51556 4879983 720 1 0.438041 5.62941e+06
4 1099651 3195388 261 1 0.142797 2.90602e+06
5 1408577 4635398 777 1 0.499209 5.89768e+06
6 3545541 49467 657 1 0.318357 3.73347e+06
7 5676653 6139400 577 1 0.353184 5.09978e+06
8 64293 2210899 1059 1 0.684219 6.89407e+06
9 1801781 5265615 549 1 0.334383 4.95733e+06
10 1353442 3985746 1423 1 0.906858 6.62319e+06
11 723951 5091811 496 1 0.289689 4.30645e+06
12 1823583 5411384 897 1 0.559613 5.90032e+06
13 1528404 3495326 1014 1 0.603445 5.99464e+06
14 641040 5755934 697 1 0.448932 6.31632e+06
15 1691412 1812847 921 1 0.599028 6.55338e+06
16 2328530 5995361 1311 1 0.894321 7.95918e+06
17 2688099 4094695 221 1 0.124376 1.87808e+06
18 4501063 5922894 1138 1 0.780073 6.93628e+06
19 2536790 4143649 1239 1 0.828366 7.6932e+06
20 5623586 2456682 1031 1 0.695132 7.18966e+06
21 843906 2909668 521 1 0.305257 4.55228e+06
22 6217636 2668847 599 1 0.344484 4.75078e+06
23 5790720 1688921 716 1 0.451077 6.30522e+06
24 3851458 6110843 855 1 0.556119 6.66305e+06
25 4620350 2368203 365 1 0.188079 3.37213e+06
26 1796089 4677160 1130 1 0.745406 6.77375e+06
27 602838 2354757 441 1 0.222454 3.93402e+06
28 3086748 2686777 616 1 0.371272 4.95659e+06
29 1036612 6013860 945 1 0.622863 7.17465e+06
30 4378136 5058848 994 1 0.637692 6.82324e+06
31 3829660 2984313 538 1 0.285529 3.98238e+06
32 5535120 3444700 502 1 0.251341 3.95832e+06
33 3183092 4297561 1163 1 0.753033 6.75767e+06
34 3101824 4144520 832 1 0.518693 5.91414e+06
35 4374263 5702761 669 1 0.419548 5.45926e+06
36 4640607 5081211 1122 1 0.737922 6.86421e+06
37 597788 2538997 305 1 0.161065 2.39832e+06
38 5427877 4929276 995 1 0.642082 5.76978e+06
39 3861551 6036377 1263 1 0.817734 6.35722e+06
40 2324121 3984786 978 1 0.564087 5.46617e+06
41 4251178 3525531 590 1 0.319125 4.16323e+06
42 667473 6093616 611 1 0.380042 5.47243e+06
43 4642573 3257215 422 1 0.247851 4.09404e+06
44 795240 6456551 865 1 0.533026 5.46097e+06
45 3617025 934777 789 1 0.509138 6.43268e+06
46 1326519 5606447 801 1 0.48809 5.61676e+06
47 755079 3146636 698 1 0.430856 5.07799e+06
48 5250232 5209824 196 1 0.112292 1.08423e+06
49 2762992 1972206 768 1 0.484181 5.83339e+06
50 4077663 466108 895 1 0.508261 4.92027e+06
51 1286025 775488 360 1 0.186219 3.20294e+06
52 4190850 1045979 571 1 0.341784 4.77086e+06
53 57953 1835142 1359 1 0.889607 7.43932e+06
54 1056255 2952758 1304 1 0.902358 7.22815e+06
55 731092 3467877 1258 1 0.825185 5.81525e+06
56 5973844 2054444 234 1 0.129908 1.97658e+06
57 1493295 651439 656 1 0.411266 6.0323e+06
58 4266289 1241799 876 1 0.55662 6.19411e+06
59 3450210 2077734 530 1 0.257966 2.83511e+06
60 4555883 5083015 944 1 0.600236 5.76916e+06
61 5296634 1295514 1232 1 0.815769 7.3373e+06
62 4049453 6014366 298 1 0.159142 3.11231e+06
63 2019073 173784 1118 1 0.736946 7.39045e+06
64 5722187 3639462 368 1 0.198925 3.68634e+06
65 4514618 1161078 940 1 0.617125 8.09176e+06
66 526461 2631668 1240 1 0.833886 6.40616e+06
67 5881669 5532886 1276 1 0.842632 7.66432e+06
68 6490838 2301643 675 1 0.418269 5.7101e+06
69 26918 576021 700 1 0.36433 4.52487e+06
70 1627914 545801 300 1 0.158914 2.30761e+06
71 17233 1250580 1319 1 0.87717 7.80161e+06
72 806684 3492925 804 1 0.457055 4.76164e+06
73 1851305 4920557 1029 1 0.660962 5.71942e+06
74 3632675 3336222 1272 1 0.837181 6.76762e+06
75 3948469 381010 1177 1 0.732337 6.43168e+06
76 4283147 2010291 493 1 0.249172 4.1231e+06
77 5656201 399875 727 1 0.435002 5.11148e+06
78 2834517 5789035 233 1 0.130526 2.81068e+06
79 4520481 2218320 358 1 0.185635 3.42835e+06
80 857584 2538506 1336 1 0.847614 7.12913e+06
81 143376 4725942 599 1 0.317587 4.38778e+06
82 1702005 5176568 1045 1 0.623615 6.10875e+06
83 5219102 2860307 636 1 0.360647 4.53898e+06
84 3259020 4947561 904 1 0.578843 6.00499e+06
85 2881761 6064193 668 1 0.40481 5.22565e+06
86 2935553 3568664 860 1 0.518739 5.66979e+06
87 4252706 1557173 471 1 0.235504 3.83486e+06
88 2438357 4459804 835 1 0.493408 5.49803e+06
89 6217872 2156711 109 1 0.0751553 738112
90 3951120 4245396 1390 1 0.931178 8.09119e+06
91 486390 5376766 550 1 0.279078 4.02465e+06
92 5913074 5947880 1131 1 0.759656 6.59157e+06
93 4167801 5558610 374 1 0.202468 3.46527e+06
94 5351074 432058 309 1 0.163906 3.04241e+06
95 4556281 398892 1141 1 0.753703 6.80088e+06
96 1164264 5911223 1463 1 1.00337 8.2291e+06
97 1241356 3297727 561 1 0.309874 4.41341e+06
98 3370492 2212239 886 1 0.586853 7.43532e+06
99 445423 6222809 1031 1 0.687337 6.88001e+06
max-ST-CON-level 1463
min_time 0.0751553 s
max_time 1.00337 s
mean_time 0.499471 s
stddev_time 0.241584
min_CONPS                   0.996646 
max_CONPS                   13.3058 
mean_CONPS                  2.81005 
stddev_CONPS                2.07198 
mean_ST, mean_time, stddev_ST: 2.81005, 0.499471, 2.07198 
-----ST_CON_VISITED_NODES-----
min_visited, max_visited, mean_visited, stddev_visited: 36966, 5.50597e+06, 2.04265e+06, 1.37067e+06
