SCALE 16
Edgefactor 16.0
MPI-Nodes 1
Num-ST-CON=100
Filename graphs/dense/com-amazon.txt
Seed1 1439002538
Seed2 1738739398
ST-CON-RUN RED-V BLUE-V DEPTH MN-FOUND TIME(Sec) TEPS
0 99491 500427 7 1 0.00571254 2.86773e+06
1 4289 14459 8 1 0.00307538 5.43932e+06
2 91496 96607 7 1 0.00226381 3.99061e+06
3 295007 218968 7 1 0.00329757 1.43736e+07
4 472327 45413 7 1 0.00292054 7.86602e+06
5 60236 290629 7 1 0.00300194 1.13007e+07
6 151731 277591 5 1 0.00188402 3.8179e+06
7 53337 31702 3 1 0.00150607 886412
8 140734 167266 5 1 0.00189584 1.85828e+06
9 211074 33271 9 1 0.0037261 2.23687e+07
10 467912 481678 5 1 0.001852 854211
11 70217 211217 6 1 0.0027585 7.32174e+06
12 481818 393223 5 1 0.00190882 3.76673e+06
13 384437 411663 5 1 0.00189431 3.60131e+06
14 149444 504572 5 1 0.00225002 5.89462e+06
15 50159 371079 7 1 0.00301019 1.07471e+07
16 364284 179449 7 1 0.00293338 5.83831e+06
17 318647 447375 5 1 0.00186158 1.06576e+06
18 258088 462505 6 1 0.00207478 3.77726e+06
19 363961 35949 10 1 0.00271059 2.25265e+06
20 386123 33190 6 1 0.00240169 6.15774e+06
21 49739 491844 4 1 0.00169447 987332
22 451628 184070 5 1 0.00174982 881805
23 321301 517770 5 1 0.00184573 893412
24 353720 319307 5 1 0.0021919 5.07323e+06
25 386286 546668 6 1 0.00277732 1.01756e+07
26 66168 159934 4 1 0.00167121 511605
27 300955 267311 7 1 0.00341485 2.38321e+07
28 62826 511122 6 1 0.0027054 7.72271e+06
29 229895 242751 7 1 0.00221379 3.25325e+06
30 107004 135057 7 1 0.00343289 2.05442e+07
31 348700 125301 5 1 0.00189798 4.06275e+06
32 4822 509537 6 1 0.00207513 3.34775e+06
33 87886 506293 5 1 0.00250637 5.05393e+06
34 60830 454863 6 1 0.00239132 4.75929e+06
35 497055 141374 4 1 0.00157167 348037
36 354977 240473 5 1 0.00187602 3.05487e+06
37 379073 410318 4 1 0.00167934 451962
38 440707 122837 8 1 0.00268494 3.59226e+06
39 336935 148301 7 1 0.00369 1.87304e+07
40 167997 195345 7 1 0.00293557 9.68499e+06
41 375640 181391 9 1 0.00320483 5.64336e+06
42 540071 126867 7 1 0.00326353 1.27935e+07
43 135451 131025 5 1 0.00190726 4.72615e+06
44 1433 225880 6 1 0.00203928 2.64554e+06
45 302257 409176 9 1 0.0036227 1.10713e+07
46 328533 329267 5 1 0.00204931 2.00896e+06
47 356380 485473 7 1 0.00287565 6.7981e+06
48 470625 463512 4 1 0.00171286 3.70376e+06
49 235846 405639 6 1 0.00238014 4.32706e+06
50 376127 104114 5 1 0.00186049 1.77964e+06
51 71355 387186 6 1 0.00269545 6.25722e+06
52 434256 248348 7 1 0.00290695 7.70637e+06
53 271167 332162 5 1 0.00196323 4.54557e+06
54 239777 323920 7 1 0.00300526 1.3687e+07
55 244253 433027 7 1 0.002858 4.57628e+06
56 517359 180136 6 1 0.00279227 1.2074e+07
57 40470 46314 8 1 0.00353789 1.74392e+07
58 346783 37430 5 1 0.00188657 3.23709e+06
59 445237 225973 4 1 0.00169858 2.69873e+06
60 379106 423885 6 1 0.00281603 1.37623e+07
61 103287 473141 10 1 0.00483631 2.47286e+07
62 37061 135999 6 1 0.00327875 2.33543e+07
63 12948 235307 4 1 0.00168354 1.59129e+06
64 406040 407867 6 1 0.0020302 2.44409e+06
65 385689 331579 6 1 0.00235061 3.72585e+06
66 4115 546163 6 1 0.00208256 4.22749e+06
67 510830 67637 4 1 0.00172853 3.76041e+06
68 183958 291378 11 1 0.00433901 1.55697e+07
69 331635 309574 12 1 0.00536702 3.10251e+07
70 450255 185958 8 1 0.00356215 1.9783e+07
71 478924 351520 9 1 0.00318377 4.63224e+06
72 150838 501053 5 1 0.001897 4.1708e+06
73 340700 47790 6 1 0.00272067 8.20459e+06
74 492816 73483 8 1 0.00347311 1.37525e+07
75 508454 271072 6 1 0.00275024 8.99739e+06
76 389164 456830 10 1 0.00379668 1.20884e+07
77 223554 540687 10 1 0.00392061 1.83357e+07
78 286617 351768 4 1 0.00168115 1.36097e+06
79 357579 344682 4 1 0.00168449 1.11309e+06
80 344845 235875 5 1 0.00188528 2.96137e+06
81 422783 197383 8 1 0.00357999 2.0685e+07
82 410141 478367 7 1 0.00252086 3.75309e+06
83 502258 96925 6 1 0.00204577 2.39274e+06
84 293342 136498 4 1 0.00168539 1.34331e+06
85 507021 14467 6 1 0.00204643 2.91337e+06
86 271017 345663 5 1 0.00190215 2.34366e+06
87 537219 123468 9 1 0.00252394 1.49608e+06
88 261816 261872 5 1 0.00185603 1.73273e+06
89 164098 36393 8 1 0.00353464 1.65632e+07
90 38782 6765 4 1 0.00171689 3.99676e+06
91 87031 176632 6 1 0.00236 4.15339e+06
92 152693 458164 4 1 0.0015871 1.1165e+06
93 245685 150703 4 1 0.00170016 1.09166e+06
94 288545 399367 6 1 0.0020861 3.97057e+06
95 170940 401632 11 1 0.00633042 6.81261e+07
96 103324 222130 6 1 0.00238922 4.51152e+06
97 172878 285454 4 1 0.00168677 530006
98 422933 464230 5 1 0.0019133 2.27095e+06
99 107793 236264 7 1 0.0025367 4.41597e+06
max-ST-CON-level 12
min_time 0.00150607 s
max_time 0.00633042 s
mean_time 0.00257275 s
stddev_time 0.000913212
min_CONPS                   157.967 
max_CONPS                   663.979 
mean_CONPS                  428.521 
stddev_CONPS                122.067 
mean_ST, mean_time, stddev_ST: 428.521, 0.00257275, 122.067 
-----ST_CON_VISITED_NODES-----
min_visited, max_visited, mean_visited, stddev_visited: 176, 137978, 7233.62, 15486.5
