SCALE 16
Edgefactor 16.0
MPI-Nodes 1
Num-ST-CON=100
Filename graphs/streets/asia_osm.mtx.txt.alt
Seed1 1824593166
Seed2 1887696284
ST-CON-RUN RED-V BLUE-V DEPTH MN-FOUND TIME(Sec) TEPS
0 5503884 106832 9121 1 8.66755 947138
1 2167510 282101 803 1 0.803345 782404
2 3941071 6268389 14458 1 13.9448 840490
3 93457 8845983 10127 1 9.60286 947479
4 1993346 5792305 5018 1 4.77569 975456
5 2553338 8402622 2816 1 2.68746 767096
6 6427030 89669 17344 1 16.3623 721496
7 10290112 11128938 1475 1 1.42653 461858
8 116546 4007713 9425 1 8.95746 943741
9 3266103 9545021 9378 1 8.83318 850804
10 2453395 7224992 4603 1 4.37836 1.12652e+06
11 1312312 9229966 7569 1 7.13435 645186
12 3305624 9809258 6279 1 5.93761 934804
13 2770549 6336004 3834 1 3.68365 1.15667e+06
14 1162019 10433825 9898 1 9.37998 887373
15 3066035 3286162 3715 1 3.4894 115479
16 4220945 10867836 10290 1 9.75062 870379
17 4872738 7422484 4216 1 4.00244 936320
18 8159112 10736476 3982 1 3.74016 153582
19 4598459 7511225 4966 1 4.71371 933905
20 10193917 4453247 2308 1 2.19857 359852
21 1529756 5274378 4984 1 4.74138 1.07613e+06
22 11270756 4837839 4195 1 4.0323 1.24003e+06
23 10496883 3061521 2864 1 2.74842 936494
24 6981568 11077171 4242 1 4.10942 1.26719e+06
25 8375344 4292860 4303 1 4.09782 1.01288e+06
26 3255784 8478324 15330 1 14.4378 820690
27 1092769 4268486 3229 1 3.07019 640757
28 5595372 4870341 11165 1 10.6046 1.00527e+06
29 1879074 10901371 10129 1 9.44757 188575
30 7936281 9170213 3522 1 3.34765 823524
31 6942054 5409688 4820 1 4.59617 1.14713e+06
32 10033555 6244234 3407 1 3.26391 1.29065e+06
33 5770016 7790223 4679 1 4.45077 981244
34 5622700 7512804 2566 1 2.4517 744752
35 7929260 10337439 14689 1 13.8472 830974
36 8412065 9210751 5379 1 5.09461 682670
37 1083615 4602459 1514 1 1.46996 886606
38 9839154 8935337 2913 1 2.78536 898766
39 6999863 10942186 3480 1 3.35424 1.19965e+06
40 4212951 7223252 5208 1 4.96771 1.09163e+06
41 7706144 6390758 1250 1 1.22539 768128
42 1209934 11045945 2500 1 2.39532 803390
43 8415628 5904378 7476 1 7.05524 700788
44 1441537 11703840 1588 1 1.54218 897501
45 6556608 1694478 6314 1 5.96565 857392
46 2404592 10162850 5323 1 5.07544 1.06999e+06
47 1368738 5703931 14236 1 13.4567 711804
48 9517136 9443888 5125 1 4.86637 885637
49 5008497 3575034 14081 1 13.287 866219
50 7391611 844918 15525 1 14.6694 805145
51 2331188 1405734 4225 1 4.03896 1.13588e+06
52 7596786 1896055 9987 1 9.56389 1.06818e+06
53 105053 3326577 7823 1 7.34686 564038
54 1914682 5352487 8384 1 7.82232 169394
55 1325257 6286247 14778 1 13.9277 852136
56 10828833 3724106 1883 1 1.80799 508000
57 2706908 1180868 12637 1 11.927 982032
58 7733536 2251019 1726 1 1.6626 493628
59 6254222 3766326 15850 1 14.9009 800442
60 8258484 9214020 4365 1 4.18606 1.45514e+06
61 9601249 2348388 3588 1 3.42832 1.02599e+06
62 7340475 10902288 3559 1 3.37909 472666
63 3659989 315021 1363 1 1.32544 573125
64 10372653 6597280 3386 1 3.23151 772251
65 8183682 2104695 10368 1 9.83362 1.05141e+06
66 954321 4770445 2473 1 2.35694 413365
67 10661747 10029505 1482 1 1.4384 468225
68 11765991 4172205 3426 1 3.32487 1.078e+06
69 48794 1044157 15617 1 14.7831 807356
70 2950933 989377 4310 1 4.18746 1.04672e+06
71 31239 2266937 17816 1 16.8137 696737
72 1462284 6331652 2714 1 2.59884 906878
73 3355875 8919532 7254 1 6.88442 998613
74 6584978 6047596 3734 1 3.56421 1.03511e+06
75 7157421 690661 5088 1 4.84685 961305
76 7764093 3644070 4690 1 4.49122 1.31631e+06
77 10253039 724857 5835 1 5.55329 1.08117e+06
78 5138151 10493829 2847 1 2.71036 459873
79 8194310 4021165 3942 1 3.83057 1.39383e+06
80 1554550 4601569 12951 1 12.3006 965602
81 259900 8566751 10471 1 9.90407 882875
82 3085238 9383605 7029 1 6.61721 514728
83 9460707 5184900 6552 1 6.19041 678365
84 5907651 8968483 6418 1 6.07515 874240
85 5223791 10992609 1420 1 1.38145 552057
86 5321299 6468945 3149 1 3.01611 1.1014e+06
87 7708912 2822699 4787 1 4.61809 1.01395e+06
88 4420029 8084321 16428 1 15.5736 767839
89 11271184 3909487 807 1 0.804697 553165
90 7162226 7695662 4096 1 3.92742 1.30344e+06
91 881683 9746505 3725 1 3.62951 1.25348e+06
92 10718675 10781767 10014 1 9.66638 878210
93 7555004 10076135 9616 1 9.26095 965762
94 9699934 783195 9982 1 9.54679 832606
95 8259206 723076 4179 1 4.00012 1.10205e+06
96 2110471 10715319 5235 1 4.97805 1.12781e+06
97 2250216 5977815 6079 1 5.77748 917353
98 6109717 4010144 4310 1 4.10882 879746
99 807423 11280134 3599 1 3.39119 168222
max-ST-CON-level 17816
min_time 0.803345 s
max_time 16.8137 s
mean_time 6.11462 s
stddev_time 4.12564
min_CONPS                   0.0594753 
max_CONPS                   1.2448 
mean_CONPS                  0.266406 
stddev_CONPS                0.220683 
mean_ST, mean_time, stddev_ST: 0.266406, 6.11462, 0.220683 
-----ST_CON_VISITED_NODES-----
min_visited, max_visited, mean_visited, stddev_visited: 372863, 1.12153e+07, 4.87658e+06, 3.34092e+06
