SCALE 16
Edgefactor 16.0
MPI-Nodes 1
Num-ST-CON=100
Filename graphs/streets/roadNet-PA.mtx.txt.alt
Seed1 1154692073
Seed2 2089092888
ST-CON-RUN RED-V BLUE-V DEPTH MN-FOUND TIME(Sec) TEPS
0 502420 9752 74 1 0.0241451 2.69483e+06
1 197860 25751 329 1 0.150815 9.34211e+06
2 359759 572208 46 1 0.0116525 3.70607e+06
3 8531 807503 92 1 0.0284414 7.58556e+06
4 181962 528749 157 1 0.0585042 9.16256e+06
5 233080 767031 303 1 0.138911 9.85301e+06
6 586689 8185 94 1 0.0219205 5.59271e+06
7 939330 1015902 169 1 0.0626229 9.00113e+06
8 10638 365843 145 1 0.0505612 7.16482e+06
9 298145 871314 221 1 0.0863092 1.01335e+07
10 223957 659531 214 1 0.0932018 1.17246e+07
11 119794 842555 210 1 0.0870655 9.55465e+06
12 301753 895435 78 1 0.0244189 6.74962e+06
13 252908 578380 158 1 0.0647909 9.45408e+06
14 106074 952449 203 1 0.0881786 1.14309e+07
15 279882 299976 182 1 0.0732881 9.67657e+06
16 385307 992067 232 1 0.0986099 1.06485e+07
17 444806 677559 209 1 0.0890097 9.68741e+06
18 744802 980076 261 1 0.117298 1.09468e+07
19 419769 685660 205 1 0.0826796 1.02984e+07
20 930549 406513 132 1 0.048392 8.27407e+06
21 139643 481470 217 1 0.087279 1.28117e+07
22 1028848 441620 126 1 0.0394074 7.29328e+06
23 958205 279470 118 1 0.041996 7.8295e+06
24 637310 1011176 68 1 0.0171289 6.2614e+06
25 764541 391872 133 1 0.0547527 9.66822e+06
26 297203 773941 62 1 0.0151707 5.14407e+06
27 99753 389647 228 1 0.100282 1.128e+07
28 510772 444587 213 1 0.0550249 8.09042e+06
29 171530 995128 143 1 0.0526489 8.41378e+06
30 724461 837100 184 1 0.0744041 1.00142e+07
31 633703 493821 123 1 0.0419009 7.66368e+06
32 915910 570003 180 1 0.0720061 9.01047e+06
33 526714 711128 167 1 0.066508 9.32854e+06
34 513266 685804 50 1 0.0127683 4.39762e+06
35 723820 943650 95 1 0.0261098 6.55191e+06
36 767893 840801 44 1 0.0113063 3.32098e+06
37 98917 420134 333 1 0.150601 9.13476e+06
38 898164 815660 44 1 0.0113259 2.58708e+06
39 638980 998854 304 1 0.127351 1.05096e+07
40 384578 659372 88 1 0.030335 7.89448e+06
41 703453 583378 196 1 0.0722791 1.05962e+07
42 110448 1008326 191 1 0.0723488 8.80435e+06
43 768218 538979 228 1 0.101765 1.01927e+07
44 131590 1068382 69 1 0.0173312 6.37684e+06
45 598518 154680 76 1 0.0182433 5.64558e+06
46 219502 927713 211 1 0.0867807 9.98145e+06
47 124944 520681 27 1 0.00769564 1.04007e+06
48 868769 862082 190 1 0.0645747 7.97244e+06
49 457199 326346 135 1 0.0410436 6.95397e+06
50 674741 77128 247 1 0.110944 1.06595e+07
51 212801 128322 89 1 0.0256099 6.36731e+06
52 693470 173080 70 1 0.0169152 4.65168e+06
53 9589 303665 157 1 0.061769 7.95883e+06
54 174781 488600 141 1 0.0508469 7.83061e+06
55 120975 573838 141 1 0.0560453 8.84547e+06
56 988507 339954 174 1 0.0615905 9.12239e+06
57 247099 107795 141 1 0.0535655 7.92959e+06
58 705953 205483 259 1 0.102399 1.02341e+07
59 570915 343808 129 1 0.0463356 7.44066e+06
60 753873 841099 70 1 0.0169348 5.75046e+06
61 876447 214372 211 1 0.0770413 9.58082e+06
62 670073 995212 269 1 0.118826 9.96973e+06
63 334101 28756 138 1 0.0549778 9.06899e+06
64 946865 602231 175 1 0.067328 1.00634e+07
65 747045 192126 78 1 0.0190017 5.94746e+06
66 87114 435468 81 1 0.0225344 5.93546e+06
67 973254 915540 147 1 0.045619 7.65892e+06
68 1074055 380858 218 1 0.0940545 1.0246e+07
69 4454 95315 253 1 0.106537 9.3883e+06
70 269375 90315 126 1 0.0469267 9.67432e+06
71 2851 206936 180 1 0.0660221 9.15313e+06
72 133484 577983 97 1 0.0298428 7.08858e+06
73 306340 814217 121 1 0.0445413 7.79034e+06
74 601108 552053 199 1 0.0789064 1.0356e+07
75 653363 63046 229 1 0.102866 1.12608e+07
76 708743 332648 156 1 0.055903 8.03126e+06
77 935946 66168 265 1 0.112189 8.82202e+06
78 469034 957926 142 1 0.0469553 7.45945e+06
79 748015 367071 234 1 0.100602 9.7131e+06
80 141906 420053 69 1 0.0167961 5.28425e+06
81 23724 782013 219 1 0.0984378 1.21594e+07
82 281635 856580 139 1 0.0496122 8.27912e+06
83 863618 473302 235 1 0.096348 9.90427e+06
84 539278 818685 111 1 0.0417375 7.1382e+06
85 476852 1003457 257 1 0.113938 9.47224e+06
86 485753 590516 85 1 0.0253626 6.10272e+06
87 703706 257669 44 1 0.0113203 2.15551e+06
88 403481 737975 110 1 0.0411228 8.14142e+06
89 1028887 356876 190 1 0.0822913 1.23456e+07
90 653802 702496 149 1 0.0530032 7.78374e+06
91 80484 889707 182 1 0.0779872 1.38198e+07
92 978451 984210 25 1 0.00724333 694846
93 689656 919797 138 1 0.0449529 7.50965e+06
94 885456 71493 204 1 0.0912114 1.30507e+07
95 753939 66005 303 1 0.140301 9.9096e+06
96 192653 978145 253 1 0.105875 1.04217e+07
97 205410 545683 277 1 0.11731 1.08984e+07
98 557724 366064 52 1 0.013265 3.77158e+06
99 73705 1029704 57 1 0.0141857 3.94377e+06
max-ST-CON-level 333
min_time 0.00724333 s
max_time 0.150815 s
mean_time 0.0620712 s
stddev_time 0.0364227
min_CONPS                   6.63065 
max_CONPS                   138.058 
mean_CONPS                  27.6477 
stddev_CONPS                26.0867 
mean_ST, mean_time, stddev_ST: 27.6477, 0.0620712, 26.0867 
-----ST_CON_VISITED_NODES-----
min_visited, max_visited, mean_visited, stddev_visited: 3504, 990727, 414464, 294629
