SCALE 16
Edgefactor 16.0
MPI-Nodes 1
Num-ST-CON=100
Filename graphs/streets/roadNet-CA.mtx.txt.alt
Seed1 184232343
Seed2 281968510
ST-CON-RUN RED-V BLUE-V DEPTH MN-FOUND TIME(Sec) TEPS
0 907868 17622 150 1 0.092675 1.1905e+07
1 357531 46532 171 1 0.0741021 8.39669e+06
2 650081 1033973 243 1 0.1202 1.50427e+07
3 15415 1459148 161 1 0.0844211 1.40635e+07
4 328803 955443 200 1 0.10414 1.27059e+07
5 421174 1386016 147 1 0.0741594 8.81448e+06
6 1060141 14791 233 1 0.121911 1.40098e+07
7 1697358 1835723 74 1 0.0267518 3.14626e+06
8 19224 661074 111 1 0.057822 1.01363e+07
9 538745 1574455 72 1 0.0302855 4.44665e+06
10 404688 1191765 176 1 0.0885844 1.1795e+07
11 216466 1522487 137 1 0.0619683 7.69995e+06
12 545264 1618041 132 1 0.0640449 1.04173e+07
13 457003 1045126 212 1 0.0995484 1.01244e+07
14 191675 1721064 214 1 0.0965156 1.02145e+07
15 505743 542053 60 1 0.0237016 3.16034e+06
16 696246 1792654 173 1 0.0881046 1.46126e+07
17 803760 1224342 326 1 0.149786 1.2217e+07
18 1345849 1770986 211 1 0.106276 1.59756e+07
19 758517 1238980 246 1 0.123794 1.65905e+07
20 1681491 734565 141 1 0.0749671 1.11032e+07
21 252333 870011 140 1 0.0612357 8.84082e+06
22 1859116 798003 109 1 0.0486525 6.51256e+06
23 1731465 504999 271 1 0.135772 1.19014e+07
24 1151612 1827184 110 1 0.0524422 7.45534e+06
25 1381516 708109 268 1 0.135424 1.37947e+07
26 537043 1398503 95 1 0.0364181 4.96484e+06
27 180252 704088 107 1 0.0504112 6.54577e+06
28 922959 803364 347 1 0.176124 1.17214e+07
29 309954 1798186 265 1 0.128111 1.48569e+07
30 1309093 1512630 190 1 0.0864679 1.25226e+07
31 1145094 892330 279 1 0.136985 1.52036e+07
32 1655039 1029989 168 1 0.0830125 1.14852e+07
33 951766 1285000 66 1 0.030069 4.35106e+06
34 927466 1239240 87 1 0.0416619 6.1738e+06
35 1307935 1705165 354 1 0.178118 1.34646e+07
36 1387573 1519317 141 1 0.0629704 7.66909e+06
37 178742 759177 154 1 0.064124 6.48918e+06
38 1622972 1473887 66 1 0.0281591 3.51058e+06
39 1154630 1804918 72 1 0.0327442 4.26604e+06
40 694928 1191478 200 1 0.106545 1.6617e+07
41 1271131 1054158 56 1 0.0225808 2.99932e+06
42 199579 1822033 202 1 0.0970673 8.66811e+06
43 1388161 973929 77 1 0.03602 4.8623e+06
44 237782 1930553 130 1 0.0584279 7.5628e+06
45 1081515 279504 255 1 0.128095 1.49543e+07
46 396638 1676366 249 1 0.125885 1.50788e+07
47 225774 940866 200 1 0.0978788 1.28146e+07
48 1569855 1557773 89 1 0.0440898 6.1676e+06
49 826153 589703 166 1 0.074543 1.01143e+07
50 1219249 139369 225 1 0.120673 1.59448e+07
51 384530 231876 81 1 0.0293695 3.65805e+06
52 1253093 312755 44 1 0.0196804 1.35018e+06
53 17328 548720 133 1 0.0672837 1.21605e+07
54 315827 882895 677 0 0.303666 9.09021e+06
55 218601 1036919 211 1 0.0930073 9.00626e+06
56 1786220 614293 209 1 0.104827 1.62524e+07
57 446505 194784 93 1 0.0397072 5.21596e+06
58 1275650 371306 94 1 0.0406516 5.3823e+06
59 1031636 621257 317 1 0.161591 1.42189e+07
60 1362240 1519856 125 1 0.06292 8.45462e+06
61 1583730 387367 121 1 0.05546 7.02388e+06
62 1210814 1798337 199 1 0.0904778 1.24065e+07
63 603716 51962 239 1 0.124952 1.6289e+07
64 1710973 1088224 309 1 0.150158 1.32384e+07
65 1349902 347170 70 1 0.0257576 3.47164e+06
66 157415 786887 117 1 0.0522427 6.08214e+06
67 1758660 1654371 46 1 0.0199858 1.99091e+06
68 1940805 688207 86 1 0.0330598 4.60015e+06
69 8048 172234 107 1 0.049788 6.68364e+06
70 486757 163198 118 1 0.0464805 4.6401e+06
71 5152 373932 185 1 0.09763 1.46545e+07
72 241204 1044408 152 1 0.0641054 6.13516e+06
73 553553 1471280 138 1 0.0671464 1.10703e+07
74 1086195 997553 289 1 0.145613 1.40807e+07
75 1180619 113924 63 1 0.0294156 4.59862e+06
76 1280690 601091 59 1 0.0263364 3.45449e+06
77 1691243 119565 156 1 0.0771378 9.89724e+06
78 847540 1730961 188 1 0.0843511 9.15302e+06
79 1351655 663293 83 1 0.0353065 4.88751e+06
80 256423 759030 51 1 0.0213426 905184
81 42870 1413089 194 1 0.104336 1.55644e+07
82 508911 1547829 126 1 0.0669875 1.26359e+07
83 1560547 855251 101 1 0.0373244 4.30555e+06
84 974469 1479355 194 1 0.101388 1.69251e+07
85 861666 1813235 112 1 0.0492126 8.31638e+06
86 877750 1067055 235 1 0.121272 1.62835e+07
87 1271588 465605 256 1 0.132545 1.67819e+07
88 729085 1333512 178 1 0.0942448 1.60901e+07
89 1859186 644871 134 1 0.0624795 9.35137e+06
90 1181412 1269402 240 1 0.128624 1.69433e+07
91 145434 1607690 66 1 0.0280445 3.96541e+06
92 1768050 1778457 41 1 0.0188621 891789
93 1246201 1662062 235 1 0.121117 1.50459e+07
94 1600008 129188 72 1 0.0306263 3.75971e+06
95 1362359 119271 176 1 0.0952179 1.46868e+07
96 348123 1767496 157 1 0.0785207 1.36773e+07
97 371174 986043 110 1 0.0484054 6.17996e+06
98 1007800 661475 190 1 0.0968966 1.46034e+07
99 133184 1591548 116 1 0.0530192 8.3752e+06
max-ST-CON-level 677
min_time 0.0188621 s
max_time 0.303666 s
mean_time 0.0793304 s
stddev_time 0.045831
min_CONPS                   3.29309 
max_CONPS                   53.0164 
mean_CONPS                  17.9258 
stddev_CONPS                11.632 
mean_ST, mean_time, stddev_ST: 17.9258, 0.0793304, 11.632 
-----ST_CON_VISITED_NODES-----
min_visited, max_visited, mean_visited, stddev_visited: 12393, 1.95703e+06, 652768, 525108
