SCALE 16
Edgefactor 16.0
MPI-Nodes 1
Num-ST-CON=100
Filename graphs/symmetric/hugebubbles-00000.mtx.alt
Seed1 582527342
Seed2 315903433
ST-CON-RUN RED-V BLUE-V DEPTH MN-FOUND TIME(Sec) TEPS
0 8436364 163752 2144 1 3.14549 4.86592e+06
1 3322364 432405 1476 1 2.09746 4.08476e+06
2 6040880 9608198 1276 1 1.83677 4.10562e+06
3 143252 13559140 1658 1 2.36541 3.75227e+06
4 3055405 8878456 2166 1 3.15297 5.38843e+06
5 3913762 12879555 816 1 1.14952 2.5705e+06
6 9851363 137446 1406 1 2.00402 3.55588e+06
7 15772703 17058457 1526 1 2.17074 3.90734e+06
8 178641 6143030 2595 1 3.73744 4.40174e+06
9 5006289 14630626 1797 1 2.59214 4.3362e+06
10 3760568 11074481 2255 1 3.25945 4.61542e+06
11 2011514 14147708 1802 1 2.61345 4.72794e+06
12 5066866 15035648 112 1 0.207496 247841
13 4246704 9711839 677 1 0.954788 2.24888e+06
14 1781146 15992987 791 1 1.12117 2.5938e+06
15 4699624 5037035 747 1 1.05256 2.43633e+06
16 6469872 16658240 1137 1 1.63266 3.45301e+06
17 7468941 11377198 2512 1 3.64421 4.83592e+06
18 12506302 16456890 2157 1 3.13371 5.20235e+06
19 7048527 11513220 991 1 1.41342 3.01031e+06
20 15625254 6825945 395 1 0.538724 1.25177e+06
21 2344813 8084576 1380 1 1.97933 3.31787e+06
22 17275835 7415449 1591 1 2.28754 4.42306e+06
23 16089641 4692705 2261 1 3.27451 4.55368e+06
24 10701360 16979109 2159 1 3.09606 4.63326e+06
25 12837743 6580104 1872 1 2.67838 4.46761e+06
26 4990472 12995590 1704 1 2.46353 4.45785e+06
27 1674999 6542743 1133 1 1.62979 3.80496e+06
28 8576596 7465267 620 1 0.868488 1.90701e+06
29 2880249 16709641 1372 1 1.97258 3.91516e+06
30 12164746 14056119 610 1 0.792936 1.49493e+06
31 10640793 8291979 1137 1 1.6023 3.08454e+06
32 15379452 9571173 1596 1 2.30053 4.72039e+06
33 8844290 11940868 1542 1 2.10762 2.68542e+06
34 8618486 11515639 1418 1 2.04455 4.35144e+06
35 12153984 15845245 1912 1 2.76168 4.58897e+06
36 12894028 14118256 877 1 1.24285 2.46941e+06
37 1660967 7054658 1783 1 2.54618 4.16126e+06
38 15081473 13696102 2972 1 4.2793 4.29252e+06
39 10729402 16772203 761 1 1.04511 2.05688e+06
40 6457620 11071814 2507 1 3.64642 4.61991e+06
41 11811991 9795766 1931 1 2.76328 4.17013e+06
42 1854589 16931244 1283 1 1.83822 3.42183e+06
43 12899490 9050242 3262 1 4.71158 4.80935e+06
44 2209591 17939667 1712 1 2.47821 4.84873e+06
45 10049981 2597299 828 1 1.14818 2.26811e+06
46 3685763 15577635 2964 1 4.31632 4.84049e+06
47 2098004 8742996 2900 1 4.17491 4.46403e+06
48 14587884 14475609 1106 1 1.58229 3.67118e+06
49 7677034 5479818 2568 1 3.72739 4.46163e+06
50 11329876 1295092 1572 1 2.27114 4.54486e+06
51 3573250 2154712 1699 1 2.44931 4.19072e+06
52 11644367 2906276 1601 1 2.2676 3.89198e+06
53 161025 5098983 1149 1 1.63954 3.19587e+06
54 2934828 8204303 2619 1 3.7497 4.38769e+06
55 2031357 9635571 1733 1 2.42741 3.58583e+06
56 16598455 5708317 2948 1 4.27874 4.63388e+06
57 4149154 1810037 3456 1 5.03283 4.90025e+06
58 11853978 3450367 1551 1 2.21279 3.7056e+06
59 9586483 5773031 2783 1 4.0506 5.1884e+06
60 12658620 14123267 932 1 1.23712 1.96416e+06
61 14716813 3599614 2875 1 4.1811 4.57727e+06
62 11251493 16711048 2006 1 2.90579 4.36378e+06
63 5610037 482865 529 1 0.732069 1.7191e+06
64 15899222 10112323 2288 1 3.28986 4.62042e+06
65 12543963 3226081 937 1 1.33408 3.00754e+06
66 1462785 7312146 1457 1 2.02152 2.94547e+06
67 16342346 15373243 2815 1 4.07695 5.63372e+06
68 18034933 6395164 96 1 0.18991 200032
69 74792 1600487 509 1 0.707136 1.65665e+06
70 4523195 1516520 1194 1 1.65712 2.51991e+06
71 47884 3474766 3511 1 5.05729 4.53824e+06
72 2241391 9705168 2109 1 3.06691 5.25083e+06
73 5143892 13671876 1991 1 2.88611 4.68003e+06
74 10093466 9269766 2410 1 3.47968 4.9426e+06
75 10970908 1058646 1382 1 1.98324 4.1213e+06
76 11900816 5585637 3095 1 4.48474 5.04376e+06
77 15715877 1111062 3296 1 4.76343 4.57269e+06
78 7875768 16084960 1177 1 1.60149 2.49207e+06
79 12560254 6163650 267 1 0.390101 777156
80 2382817 7053293 3043 1 4.42908 4.75253e+06
81 398375 13131132 1563 1 2.21872 3.91827e+06
82 4729058 14383207 2924 1 4.23349 4.77724e+06
83 14501389 7947424 1556 1 2.24472 3.90319e+06
84 9055258 13746907 1040 1 1.48557 3.52112e+06
85 8007037 16849491 1887 1 2.73381 4.76451e+06
86 8156497 9915611 1868 1 2.58102 3.05222e+06
87 11816235 4326638 1155 1 1.6523 3.31964e+06
88 6775029 12391662 1372 1 1.90493 3.0422e+06
89 17276492 5992470 2463 1 3.52194 4.74562e+06
90 10978273 11795925 2111 1 2.97989 4.17435e+06
91 1351445 14939461 3168 1 4.61763 4.75678e+06
92 16429605 16526313 853 1 1.14901 1.96635e+06
93 11580325 15444718 617 1 0.864945 2.00863e+06
94 14868076 1200483 1766 1 2.45898 3.25246e+06
95 12659726 1108332 1509 1 2.13485 3.71526e+06
96 3234934 16424460 773 1 1.07231 2.07117e+06
97 3449135 9162805 1939 1 2.76037 3.94809e+06
98 9364986 6146756 1984 1 2.8706 4.75754e+06
99 1237620 17290210 950 1 1.34534 2.5912e+06
max-ST-CON-level 3511
min_time 0.18991 s
max_time 5.05729 s
mean_time 2.44869 s
stddev_time 1.18664
min_CONPS                   0.197734 
max_CONPS                   5.26565 
mean_CONPS                  0.622889 
stddev_CONPS                0.73174 
mean_ST, mean_time, stddev_ST: 0.622889, 2.44869, 0.73174 
-----ST_CON_VISITED_NODES-----
min_visited, max_visited, mean_visited, stddev_visited: 25385, 1.64455e+07, 6.8447e+06, 4.4218e+06
