SCALE 16
Edgefactor 16.0
MPI-Nodes 1
Num-ST-CON=100
Filename graphs/streets/germany_osm.mtx.txt.alt
Seed1 1383406377
Seed2 109468778
ST-CON-RUN RED-V BLUE-V DEPTH MN-FOUND TIME(Sec) TEPS
0 5318785 103239 866 1 0.985056 1.90726e+06
1 2094615 272613 1192 1 1.41568 3.01127e+06
2 3808530 6057578 1579 1 1.87484 3.69488e+06
3 90314 8548487 1112 1 1.30046 2.65931e+06
4 1926309 5597506 543 1 0.609975 1.42027e+06
5 2467468 8120037 1855 1 2.24568 3.6287e+06
6 6210884 86654 198 1 0.2348 210034
7 9944049 10754665 382 1 0.431764 1.1168e+06
8 112626 3872931 899 1 0.942722 1.78556e+06
9 3156262 9224016 1099 1 1.19342 1.69889e+06
10 2370886 6982011 1654 1 1.93493 3.45164e+06
11 1268178 8919556 1570 1 1.79961 2.90558e+06
12 3194454 9479366 2145 1 2.60225 3.36776e+06
13 2677374 6122920 411 1 0.434764 552720
14 1122940 10082929 2035 1 2.40997 3.1812e+06
15 2962922 3175646 908 1 1.01664 2.15562e+06
16 4078991 10502344 1904 1 2.19678 2.84751e+06
17 4708864 7172861 1436 1 1.71761 3.90534e+06
18 7884716 10375401 876 1 0.995407 1.98945e+06
19 4443810 7258618 1223 1 1.46447 3.59159e+06
20 9851089 4303481 2005 1 2.43425 3.57893e+06
21 1478309 5096997 991 1 1.09087 1.61256e+06
22 10891713 4675140 1170 1 1.39439 3.10165e+06
23 10143866 2958560 1129 1 1.26422 2.18235e+06
24 6746773 10704639 1177 1 1.43123 2.99148e+06
25 8093676 4148488 836 1 0.902593 1.6213e+06
26 3146290 8193192 1611 1 1.83218 2.81375e+06
27 1056019 4124934 1425 1 1.6387 2.31748e+06
28 5407196 4706548 1670 1 1.95806 3.47234e+06
29 1815880 10534751 1685 1 1.97661 3.50214e+06
30 7669379 8861812 1417 1 1.68227 3.03225e+06
31 6708588 5227756 1407 1 1.6871 3.4371e+06
32 9696120 6034236 1222 1 1.39559 2.43333e+06
33 5575966 7528232 517 1 0.610253 1.9374e+06
34 5433605 7260143 628 1 0.658196 1.07664e+06
35 7662594 9989784 1318 1 1.55455 2.63772e+06
36 8129161 8900987 1240 1 1.45486 2.95771e+06
37 1047172 4447676 617 1 0.714698 1.79514e+06
38 9508256 8634836 1634 1 1.90934 2.92707e+06
39 6764453 10574193 1339 1 1.53076 2.74733e+06
40 4071267 6980329 648 1 0.680538 1.43761e+06
41 7446981 6175833 1085 1 1.30309 3.13376e+06
42 1169243 10674462 1582 1 1.89099 3.58572e+06
43 8132605 5705810 870 1 1.02141 2.61877e+06
44 1393058 11310232 1182 1 1.3975 2.96408e+06
45 6336105 1637491 281 1 0.314138 610223
46 2323724 9821066 713 1 0.725898 1.01303e+06
47 1322706 5512104 996 1 1.10961 1.92187e+06
48 9197069 9126284 1521 1 1.79956 3.58716e+06
49 4840058 3454803 1135 1 1.34589 2.98936e+06
50 7143027 816503 517 1 0.537561 563343
51 2252789 1358458 985 1 1.1563 2.66578e+06
52 7341301 1832289 555 1 0.667079 2.11948e+06
53 101520 3214702 1104 1 1.26897 2.91664e+06
54 1850290 5172480 1540 1 1.89612 3.68977e+06
55 1280688 6074836 1739 1 2.11391 3.41077e+06
56 10464652 3598862 221 1 0.259663 531458
57 2615873 1141155 464 1 0.485456 429427
58 7473452 2175316 769 1 0.835701 1.43758e+06
59 6043888 3639661 811 1 0.875911 1.38947e+06
60 7980746 8904147 1462 1 1.67831 3.21811e+06
61 9278353 2269410 974 1 1.119 2.57992e+06
62 7093610 10535637 344 1 0.401852 1.3304e+06
63 3536901 304427 1935 1 2.14073 2.39974e+06
64 10023814 6375409 1747 1 2.05707 3.06846e+06
65 7908459 2033913 1000 1 1.11744 1.72897e+06
66 922226 4610011 344 1 0.373858 448821
67 10303186 9692206 1225 1 1.36223 1.95824e+06
68 11370293 4031891 964 1 1.14597 2.11097e+06
69 47153 1009042 818 1 0.93181 1.88662e+06
70 2851691 956104 533 1 0.590003 1.38326e+06
71 30189 2190698 747 1 0.870797 2.36938e+06
72 1413106 6118715 506 1 0.551579 1.43722e+06
73 3243015 8619562 1419 1 1.68702 3.36822e+06
74 6363520 5844211 713 1 0.723552 676030
75 6916712 667433 1819 1 2.06547 2.74265e+06
76 7502981 3521517 2084 1 2.46919 3.00702e+06
77 9908223 700479 834 1 0.899062 1.61526e+06
78 4965352 10140914 1481 1 1.81721 3.6767e+06
79 7918730 3885931 1494 1 1.74036 3.48392e+06
80 1502270 4446815 1149 1 1.31413 2.81036e+06
81 251159 8278646 669 1 0.801742 2.79312e+06
82 2981479 9068028 1353 1 1.55712 3.02518e+06
83 9142537 5010528 817 1 0.844349 1.14801e+06
84 5708973 8666867 659 1 0.674667 1.1265e+06
85 5048112 10622920 1150 1 1.42452 3.40599e+06
86 5142340 6251390 1356 1 1.60718 3.40504e+06
87 7449657 2727770 1269 1 1.52594 3.01526e+06
88 4271381 7812440 1418 1 1.71024 3.89941e+06
89 10892127 3778009 1661 1 1.98656 3.5681e+06
90 6921355 7436852 1572 1 1.8308 3.05647e+06
91 852031 9418724 1210 1 1.47235 3.25679e+06
92 10358199 10419169 1036 1 1.24227 2.70784e+06
93 7300925 9737268 1354 1 1.60919 3.69613e+06
94 9373719 756855 1149 1 1.3215 2.53629e+06
95 7981443 698758 616 1 0.660522 1.05214e+06
96 2039494 10354955 1457 1 1.6687 3.14529e+06
97 2174539 5776777 1293 1 1.54047 3.49864e+06
98 5904243 3875280 974 1 1.17749 2.36672e+06
99 780269 10900775 1442 1 1.69844 2.87356e+06
max-ST-CON-level 2145
min_time 0.2348 s
max_time 2.60225 s
mean_time 1.32024 s
stddev_time 0.561893
min_CONPS                   0.384283 
max_CONPS                   4.25895 
mean_CONPS                  0.99661 
stddev_CONPS                0.693757 
mean_ST, mean_time, stddev_ST: 0.99661, 1.32024, 0.693757 
-----ST_CON_VISITED_NODES-----
min_visited, max_visited, mean_visited, stddev_visited: 46785, 8.17132e+06, 3.43462e+06, 2.22383e+06
