SCALE 16
Edgefactor 16.0
MPI-Nodes 1
Num-ST-CON=100
Filename graphs/streets/luxembourg_osm.mtx.txt.alt
Seed1 1905742894
Seed2 1239588910
ST-CON-RUN RED-V BLUE-V DEPTH MN-FOUND TIME(Sec) TEPS
0 52779 1024 233 1 0.0373229 1.02369e+06
1 20785 2705 221 1 0.0352603 1.31355e+06
2 37792 60110 205 1 0.0327894 430810
3 896 84827 246 1 0.0395312 1.12281e+06
4 19115 55544 130 1 0.0212712 920728
5 24485 80576 141 1 0.0230428 912650
6 61631 859 288 1 0.0461431 1.30225e+06
7 98676 106720 414 1 0.0661484 1.1932e+06
8 1117 38431 328 1 0.0527359 1.18227e+06
9 31320 91531 373 1 0.0596662 1.01014e+06
10 23526 69283 339 1 0.0543652 1.15664e+06
11 12584 88510 230 1 0.0369047 233249
12 31699 94065 270 1 0.0441066 1.3498e+06
13 26568 60758 36 1 0.00594229 112246
14 11143 100054 154 1 0.0250516 243338
15 29401 31512 328 1 0.0533599 1.23677e+06
16 40476 104216 314 1 0.0504618 399490
17 46726 71177 428 1 0.0686779 1.18422e+06
18 78241 102956 245 1 0.0399625 408132
19 44096 72028 398 1 0.0643953 1.19246e+06
20 97753 42704 374 1 0.0608404 1.1296e+06
21 14669 50578 445 1 0.0712308 790332
22 108080 46392 373 1 0.0604388 1.03379e+06
23 100659 29358 331 1 0.0537739 926286
24 66949 106223 266 1 0.04343 1.17373e+06
25 80314 41166 87 1 0.0140542 122881
26 31221 81302 91 1 0.0147087 137674
27 10479 40932 61 1 0.0106187 386204
28 53656 46703 295 1 0.0482103 1.2269e+06
29 18019 104537 172 1 0.0282251 992732
30 76104 87937 138 1 0.0231586 880365
31 66570 51875 181 1 0.0299572 348998
32 96216 59878 467 1 0.0758861 1.18207e+06
33 55331 74703 131 1 0.0216864 492981
34 53918 72043 226 1 0.0368742 1.12222e+06
35 76037 99130 166 1 0.0273003 678418
36 80666 88325 196 1 0.0321474 421185
37 10391 44134 152 1 0.0248222 224960
38 94351 85684 120 1 0.0199939 587929
39 67124 104929 84 1 0.0141506 215467
40 40399 69266 356 1 0.0580945 1.12331e+06
41 73897 61283 286 1 0.0464339 607982
42 11602 105924 313 1 0.0510315 1.11429e+06
43 80701 56619 94 1 0.0159029 395022
44 13823 112233 254 1 0.0413831 503950
45 62874 16249 311 1 0.0506404 873651
46 23058 97455 93 1 0.015722 547067
47 13125 54697 414 1 0.0669712 1.04316e+06
48 91263 90561 521 1 0.0846048 1.0719e+06
49 48028 34282 309 1 0.0499146 546934
50 70881 8102 186 1 0.0303803 585149
51 22354 13480 404 1 0.0657294 1.37123e+06
52 72848 18182 215 1 0.0354045 533406
53 1007 31899 228 1 0.0371117 977616
54 18360 51327 217 1 0.035699 1.2009e+06
55 12708 60281 233 1 0.0380396 564096
56 103842 35712 199 1 0.0330776 1.02897e+06
57 25957 11323 77 1 0.0130875 193238
58 74160 21586 226 1 0.0372404 1.00746e+06
59 59974 36116 106 1 0.0171941 123647
60 79194 88357 294 1 0.048335 1.07295e+06
61 92070 22519 506 1 0.0822712 1.09274e+06
62 70390 104546 148 1 0.0246674 686170
63 35097 3020 405 1 0.0667079 1.50822e+06
64 99467 63264 241 1 0.0398684 1.37241e+06
65 78476 20182 166 1 0.0275633 826788
66 9151 45745 307 1 0.050204 1.0594e+06
67 102240 96177 321 1 0.0524278 680155
68 112829 40009 79 1 0.0135689 750244
69 467 10012 62 1 0.0108242 592100
70 28297 9487 243 1 0.0402021 1.18076e+06
71 299 21738 501 1 0.0815983 1.19474e+06
72 14022 60716 297 1 0.0488223 455816
73 32180 85533 355 1 0.0581759 923835
74 63146 57993 211 1 0.0349434 918199
75 68635 6623 113 1 0.0190183 399563
76 74453 34944 347 1 0.0574859 1.49098e+06
77 98320 6950 253 1 0.0415895 891043
78 49271 100629 167 1 0.0279026 786164
79 78578 38560 259 1 0.0427187 1.16448e+06
80 14907 44126 126 1 0.0211599 428971
81 2492 82150 219 1 0.0362201 1.04058e+06
82 29585 89983 110 1 0.0187019 767676
83 90722 49720 379 1 0.0620428 1.06576e+06
84 56651 86002 95 1 0.0162643 555020
85 50093 105412 265 1 0.0434259 711788
86 51028 62033 257 1 0.0420487 431310
87 73924 27068 106 1 0.0178938 874715
88 42385 77524 282 1 0.0466261 1.42103e+06
89 108084 37489 334 1 0.0545062 1.48572e+06
90 68681 73797 241 1 0.0396198 1.06979e+06
91 8454 93463 307 1 0.050112 918802
92 102786 103391 437 1 0.0713659 1.06789e+06
93 72448 96624 273 1 0.0447809 1.01923e+06
94 93016 7510 436 1 0.0711653 1.21988e+06
95 79201 6933 184 1 0.0304266 739847
96 20238 102753 283 1 0.0464558 972257
97 21578 57323 142 1 0.0234206 278772
98 58588 38455 241 1 0.0396867 530707
99 7742 108170 196 1 0.0324278 1.13563e+06
max-ST-CON-level 521
min_time 0.00594229 s
max_time 0.0846048 s
mean_time 0.0406956 s
stddev_time 0.0182361
min_CONPS                   11.8197 
max_CONPS                   168.285 
mean_CONPS                  32.4716 
stddev_CONPS                22.5732 
mean_ST, mean_time, stddev_ST: 32.4716, 0.0406956, 22.5732 
-----ST_CON_VISITED_NODES-----
min_visited, max_visited, mean_visited, stddev_visited: 628, 95962, 36489.4, 25676.5
