SCALE 16
Edgefactor 16.0
MPI-Nodes 1
Num-ST-CON=100
Filename graphs/dense/soc-Slashdot0811.txt
Seed1 585800046
Seed2 545883579
ST-CON-RUN RED-V BLUE-V DEPTH MN-FOUND TIME(Sec) TEPS
0 35628 691 2 1 0.000612198 1.25776e+06
1 14030 1826 1 1 0.000416892 199092
2 25511 40577 2 1 0.000572734 192061
3 604 57262 2 1 0.000565368 1.71923e+06
4 12903 37495 2 1 0.000566786 1.0092e+06
5 16528 54392 2 1 0.000571628 1.59719e+06
6 41604 580 2 1 0.000576332 4.3239e+06
7 66611 72041 3 1 0.000734919 2.40707e+06
8 754 25943 2 1 0.000567675 630642
9 21142 61787 2 1 0.000569094 2.56197e+06
10 15881 46769 2 1 0.000569742 551127
11 8495 59748 2 1 0.000567715 959989
12 21398 63498 2 1 0.000569422 981697
13 17934 41014 2 1 0.000565735 471952
14 7522 67541 2 1 0.000566215 298473
15 19847 21272 2 1 0.000564946 327465
16 27323 70350 3 1 0.000748516 2.37937e+07
17 31542 48048 2 1 0.000570352 1.51135e+06
18 52816 69500 2 1 0.000567064 252176
19 29767 48622 3 1 0.000769582 2.081e+07
20 65988 28827 3 1 0.000732492 2.86693e+06
21 9902 34142 2 1 0.000566972 2.70207e+06
22 72959 31316 3 1 0.00135622 3.04758e+07
23 67949 19818 3 1 0.000735827 1.19512e+07
24 45193 71705 2 1 0.000569914 464982
25 54216 27789 2 1 0.000570057 643795
26 21075 54882 3 1 0.000738545 1.62224e+07
27 7073 27631 2 1 0.000563635 294517
28 36220 31527 2 1 0.000567476 2.02828e+06
29 12163 70567 2 1 0.000566023 333909
30 51374 59361 2 1 0.000568473 844367
31 44938 35018 2 1 0.000565236 490061
32 64950 40420 3 1 0.000732431 6.37876e+06
33 37351 50428 2 1 0.00056682 1.64955e+06
34 36397 48632 2 1 0.000573289 305256
35 51328 66917 3 1 0.000766547 9.10316e+06
36 54453 59624 2 1 0.000576505 414567
37 7014 29793 2 1 0.000576194 1.65743e+06
38 63691 57841 3 1 0.000763508 1.329e+07
39 45312 70832 2 1 0.000567481 687248
40 27271 46758 2 1 0.000567912 665596
41 49884 41369 2 1 0.000570716 487108
42 7832 71503 2 1 0.000572489 1.19863e+07
43 54476 38220 2 1 0.00056862 450213
44 9331 75762 2 1 0.000570461 1.85815e+06
45 42442 10968 2 1 0.000597589 1.26508e+06
46 15565 65787 2 1 0.000572369 2.36211e+06
47 8860 36923 2 1 0.000568775 3.12426e+06
48 61607 61133 2 1 0.000565601 187411
49 32421 23142 2 1 0.000572088 1.77071e+06
50 47848 5469 2 1 0.000567587 197327
51 15090 9099 2 1 0.00057696 1.77638e+07
52 49176 12273 2 1 0.000569253 432145
53 680 21533 2 1 0.000566927 1.4852e+06
54 12394 34648 2 1 0.000572378 1.90608e+06
55 8578 40692 2 1 0.000569829 6.71956e+06
56 70098 24107 2 1 0.000572456 838492
57 17522 7644 2 1 0.000570911 3.28598e+06
58 50061 14571 2 1 0.000574338 1.18223e+06
59 40485 24380 2 1 0.000570176 894461
60 53459 59645 3 1 0.000733681 4.30023e+06
61 62151 15201 2 1 0.000569981 977225
62 47517 70573 3 1 0.000741227 1.90927e+07
63 23692 2039 2 1 0.000570235 2.43408e+06
64 67145 42706 2 1 0.000570777 229512
65 52975 13624 2 1 0.000580885 1.60152e+07
66 6177 30880 2 1 0.000574756 1.0909e+07
67 69016 64924 3 1 0.000731733 2.52688e+06
68 76164 27007 2 1 0.000572134 3.00978e+06
69 315 6759 2 1 0.000568351 161872
70 19102 6404 2 1 0.000574019 2.20724e+06
71 202 14674 2 1 0.000606118 8.26737e+06
72 9465 40986 2 1 0.000576944 1.09317e+07
73 21723 57738 3 1 0.00079123 1.01762e+08
74 42626 39147 2 1 0.000577105 935705
75 46332 4470 2 1 0.000569121 2.91854e+06
76 50259 23589 2 1 0.000574566 546499
77 66371 4692 2 1 0.000576013 2.4496e+06
78 33260 67929 3 1 0.000744009 1.26222e+07
79 53044 26030 3 1 0.000733891 3.68992e+06
80 10063 29787 2 1 0.000574489 1.7372e+06
81 1682 55455 2 1 0.000570472 766032
82 19971 60743 2 1 0.000572441 234085
83 61242 33563 2 1 0.000570117 1.25237e+06
84 38242 58055 2 1 0.000573577 655535
85 33815 71158 3 1 0.000733736 2.59085e+06
86 34446 41875 2 1 0.000573923 440826
87 49902 18272 3 1 0.000733352 3.96672e+06
88 28612 52332 2 1 0.000574342 245498
89 72961 25307 3 1 0.000737362 1.22409e+07
90 46363 49816 3 1 0.000768552 8.18162e+06
91 5707 63092 2 1 0.000579554 2.10679e+06
92 69385 69793 2 1 0.000614457 421510
93 48905 65225 3 1 0.00074374 5.90798e+06
94 62790 5069 2 1 0.000575705 2.98243e+06
95 53464 4680 2 1 0.000577996 1.518e+07
96 13661 69363 2 1 0.000574639 1.8777e+06
97 14566 38696 2 1 0.000598502 6.46615e+06
98 39550 25958 2 1 0.000573703 543835
99 5226 73019 2 1 0.000577121 1.65858e+07
max-ST-CON-level 3
min_time 0.000416892 s
max_time 0.00135622 s
mean_time 0.000614086 s
stddev_time 0.000104358
min_CONPS                   737.342 
max_CONPS                   2398.7 
mean_CONPS                  1660.48 
stddev_CONPS                202.474 
mean_ST, mean_time, stddev_ST: 1660.48, 0.000614086, 202.474 
-----ST_CON_VISITED_NODES-----
min_visited, max_visited, mean_visited, stddev_visited: 3, 2548, 111.3, 353.544
