SCALE 16
Edgefactor 16.0
MPI-Nodes 1
Num-ST-CON=100
Filename graphs/streets/road_central.mtx.txt.alt
Seed1 367206114
Seed2 1409642471
ST-CON-RUN RED-V BLUE-V DEPTH MN-FOUND TIME(Sec) TEPS
0 6485337 125882 1076 1 1.3814 3.36299e+06
1 2554021 332405 805 1 1.03146 4.27653e+06
2 4643842 7386168 506 1 0.656524 3.49371e+06
3 110123 10423399 992 1 1.23329 3.50706e+06
4 2348800 6825189 1220 1 1.57897 3.84291e+06
5 3008650 9900978 877 1 1.12409 4.0613e+06
6 7573098 105659 1044 1 1.35539 4.42268e+06
7 12125045 13113450 1837 1 2.3616 4.48112e+06
8 137328 4722368 260 1 0.336541 1.39843e+06
9 3848515 11247089 830 1 1.09581 4.58435e+06
10 2890884 8513352 1465 1 1.90615 5.37705e+06
11 1546323 10875853 879 1 1.12307 3.44703e+06
12 3895083 11558444 791 1 1.02206 3.46307e+06
13 3264594 7465841 512 1 0.674442 3.12395e+06
14 1369231 12294385 427 1 0.507523 1.35409e+06
15 3612770 3872150 222 1 0.282525 1.19766e+06
16 4973623 12805789 838 1 1.04111 3.19484e+06
17 5741644 8746062 1211 1 1.56155 4.91611e+06
18 9614045 12651004 554 1 0.695592 1.98855e+06
19 5418457 8850627 1380 1 1.78147 4.80505e+06
20 12011696 5247350 845 1 1.07414 3.91492e+06
21 1802542 6214905 1036 1 1.30168 3.56905e+06
22 13280557 5700523 1666 1 2.10606 4.13094e+06
23 12368687 3607451 1115 1 1.44203 3.37818e+06
24 8226521 13052452 1508 1 1.93268 5.35443e+06
25 9868836 5058363 1131 1 1.47932 5.14667e+06
26 3836355 9990178 821 1 1.05779 4.58856e+06
27 1287632 5029642 1464 1 1.8938 4.36607e+06
28 6593138 5738820 937 1 1.22743 4.43893e+06
29 2214151 12845303 651 1 0.811734 2.46838e+06
30 9351479 10805445 589 1 0.724396 2.04621e+06
31 8179961 6374343 1231 1 1.58176 4.8652e+06
32 11822739 7357706 975 1 1.20824 3.13778e+06
33 6798925 9179375 1459 1 1.8686 4.7587e+06
34 6625340 8852487 1183 1 1.54573 5.0878e+06
35 9343206 12180811 608 1 0.74786 2.18943e+06
36 9912104 10853212 1419 1 1.81617 4.63667e+06
37 1276845 5423170 1135 1 1.44669 4.69124e+06
38 11593671 10528687 1583 1 2.0201 4.15322e+06
39 8248078 12893397 509 1 0.610328 1.49698e+06
40 4964205 8511302 1197 1 1.54646 4.93606e+06
41 9080303 7530358 1575 1 2.04645 5.11282e+06
42 1425689 13015657 1034 1 1.29874 3.59651e+06
43 9916302 6957247 1665 1 2.10655 4.70525e+06
44 1698592 13790868 713 1 0.864168 2.35507e+06
45 7725783 1996637 998 1 1.25188 3.06047e+06
46 2833379 11975089 783 1 0.99167 3.35377e+06
47 1612811 6721056 969 1 1.12261 2.26255e+06
48 11214232 11127922 1960 1 2.49121 3.6777e+06
49 5901612 4212534 753 1 0.978492 3.20371e+06
50 8709684 995584 782 1 0.992113 3.00327e+06
51 2746886 1656404 1502 1 1.95433 6.03362e+06
52 8951445 2234159 1466 1 1.91122 4.78162e+06
53 123786 3919772 536 1 0.683897 2.47318e+06
54 2256108 6306943 1090 1 1.43574 5.09839e+06
55 1561577 7407211 1874 1 2.37511 4.5411e+06
56 12759830 4388189 941 1 1.23068 4.72762e+06
57 3189604 1391441 1861 1 2.44458 5.2372e+06
58 9112580 2652421 1065 1 1.41792 5.6957e+06
59 7369475 4437937 814 1 1.06572 4.47312e+06
60 9731137 10857064 346 1 0.444071 1.92688e+06
61 11313344 2767153 574 1 0.730492 2.67838e+06
62 8649428 12846384 703 1 0.88492 2.80408e+06
63 4312638 371195 930 1 1.19123 4.76287e+06
64 12222304 7773707 426 1 0.485038 948098
65 9642996 2480005 634 1 0.783095 2.39135e+06
66 1124495 5621110 1175 1 1.4134 2.32604e+06
67 12562950 11817966 994 1 1.24561 3.18049e+06
68 13864103 4916193 1657 1 2.13492 5.34847e+06
69 57495 1230352 790 1 1.0094 2.95382e+06
70 3477143 1165803 875 1 1.11756 4.49754e+06
71 36810 2671177 1502 1 1.96112 4.79675e+06
72 1723038 7460712 1244 1 1.56593 4.2418e+06
73 3954295 10510063 787 1 1.03321 4.56133e+06
74 7759211 7126003 498 1 0.631835 2.14753e+06
75 8433732 813819 1483 1 1.85976 4.56123e+06
76 9148586 4293880 322 1 0.409786 1.69415e+06
77 12081361 854113 731 1 0.916804 2.73675e+06
78 6054387 12365088 1947 1 2.49502 4.53483e+06
79 9655520 4738220 859 1 1.10844 4.67351e+06
80 1831757 5422121 1215 1 1.59712 4.92687e+06
81 306245 10094374 1222 1 1.60144 4.9783e+06
82 3635397 11056890 1774 1 2.30152 5.09367e+06
83 11147740 6109471 2117 1 2.63311 4.50708e+06
84 6961103 10567742 1220 1 1.52948 3.84633e+06
85 6155298 12952811 1685 1 2.15143 4.69703e+06
86 6270193 7622487 1557 1 2.00844 4.77696e+06
87 9083566 3326043 1250 1 1.63125 4.84804e+06
88 5208209 9525917 650 1 0.790282 2.43913e+06
89 13281061 4606627 1542 1 2.01343 5.34012e+06
90 8439394 9067952 215 1 0.273685 856093
91 1038904 11484502 1398 1 1.7619 4.40828e+06
92 12630029 12704372 1970 1 2.51805 4.95662e+06
93 8902213 11872911 1150 1 1.49177 4.41247e+06
94 11429626 922854 1480 1 1.89207 3.97953e+06
95 9731987 852015 739 1 0.964527 4.09427e+06
96 2486810 12626074 1470 1 1.87133 3.28531e+06
97 2651474 7043779 163 1 0.225584 980533
98 7199202 4725232 700 1 0.894305 3.54532e+06
99 951403 13291607 988 1 1.2846 4.31104e+06
max-ST-CON-level 2117
min_time 0.225584 s
max_time 2.63311 s
mean_time 1.35714 s
stddev_time 0.582086
min_CONPS                   0.379779 
max_CONPS                   4.43293 
mean_CONPS                  0.966822 
stddev_CONPS                0.692562 
mean_ST, mean_time, stddev_ST: 0.966822, 1.35714, 0.692562 
-----ST_CON_VISITED_NODES-----
min_visited, max_visited, mean_visited, stddev_visited: 175009, 1.05765e+07, 4.72063e+06, 2.83073e+06
