SCALE 16
Edgefactor 16.0
MPI-Nodes 1
Num-ST-CON=100
Filename graphs/streets/italy_osm.mtx.txt.alt
Seed1 1902505701
Seed2 1661860524
ST-CON-RUN RED-V BLUE-V DEPTH MN-FOUND TIME(Sec) TEPS
0 3079444 59773 975 1 0.46907 1.82254e+06
1 1212730 157836 344 1 0.185621 2.23439e+06
2 2205044 3507187 328 1 0.170128 1.05527e+06
3 52289 4949361 627 1 0.393659 4.29337e+06
4 1115285 3240816 327 1 0.169651 779452
5 1428602 4701299 1161 1 0.651074 3.53224e+06
6 3595947 50170 1725 1 1.17443 4.19104e+06
7 5757357 6226683 461 1 0.257427 2.17688e+06
8 65207 2242330 2374 1 1.50149 3.77167e+06
9 1827397 5340475 630 1 0.299006 1.16775e+06
10 1372684 4042410 1395 1 0.710651 2.7025e+06
11 734243 5164201 1257 1 0.614789 2.05608e+06
12 1849509 5488317 1723 1 1.14517 4.10647e+06
13 1550133 3545018 802 1 0.383826 1.72191e+06
14 650154 5837765 1189 1 0.576322 2.0578e+06
15 1715458 1838620 883 1 0.473777 2.97805e+06
16 2361634 6080595 1448 1 0.894464 3.33464e+06
17 2726315 4152908 527 1 0.253408 371148
18 4565054 6007099 2994 1 1.57039 3.72195e+06
19 2572855 4202559 1130 1 0.632105 2.85763e+06
20 5703535 2491608 1786 1 1.1054 4.12124e+06
21 855904 2951034 1015 1 0.576328 3.52035e+06
22 6306031 2706789 1761 1 1.1832 4.23812e+06
23 5873046 1712932 450 1 0.249625 2.6602e+06
24 3906213 6197719 1848 1 1.01381 3.39191e+06
25 4686037 2401871 1525 1 1.00847 4.02063e+06
26 1821623 4743654 131 1 0.0852845 160275
27 611408 2388234 1897 1 1.01993 3.54803e+06
28 3130631 2724974 1332 1 0.603694 1.42117e+06
29 1051349 6099358 1707 1 1.01864 3.83983e+06
30 4440379 5130769 1023 1 0.621981 3.65227e+06
31 3884105 3026740 3940 1 2.02668 3.23653e+06
32 5613812 3493672 1085 1 0.538104 2.40859e+06
33 3228345 4358659 1945 1 1.1629 3.50262e+06
34 3145922 4203442 1139 1 0.553047 2.29035e+06
35 4436451 5783836 672 1 0.321696 2.14226e+06
36 4706582 5153450 1412 1 0.705205 1.99227e+06
37 606286 2575093 1821 1 1.18484 4.32908e+06
38 5505044 4999355 2330 1 1.38211 3.88998e+06
39 3916450 6122194 1727 1 0.929189 3.11409e+06
40 2357162 4041437 1698 1 1.07861 4.20637e+06
41 4311616 3575653 1850 1 0.821821 1.25364e+06
42 676962 6180248 1151 1 0.709116 3.85973e+06
43 4708575 3303522 1809 1 1.01814 3.77491e+06
44 806545 6548343 1844 1 1.09953 3.74507e+06
45 3668447 948067 1252 1 0.785496 3.32179e+06
46 1345378 5686153 1820 1 0.811504 1.37787e+06
47 765814 3191371 1159 1 0.763927 3.60003e+06
48 5324874 5283891 2555 1 1.51606 4.02032e+06
49 2802273 2000245 1827 1 1.17464 4.21846e+06
50 4135634 472735 545 1 0.265675 1.7287e+06
51 1304308 786513 979 1 0.496457 2.41039e+06
52 4250430 1060850 1032 1 0.556928 3.0493e+06
53 58777 1861232 995 1 0.452089 188045
54 1071271 2994737 1625 1 1.0211 3.96112e+06
55 741486 3517179 2033 1 1.30163 3.80932e+06
56 6058773 2083651 679 1 0.323692 1.8983e+06
57 1514525 660700 1661 1 0.969245 4.03193e+06
58 4326942 1259454 353 1 0.18147 975075
59 3499261 2107273 1204 1 0.748978 3.60384e+06
60 4620653 5155279 719 1 0.366782 2.17658e+06
61 5371935 1313932 781 1 0.464751 3.45973e+06
62 4107023 6099871 1234 1 0.575322 1.72084e+06
63 2047777 176255 729 1 0.344715 1.67343e+06
64 5803539 3691203 1410 1 0.70703 2.15295e+06
65 4578801 1177585 1351 1 0.643685 1.95377e+06
66 533946 2669082 2487 1 1.5413 3.70895e+06
67 5965288 5611546 1101 1 0.56203 2.80959e+06
68 6583117 2334365 594 1 0.297923 2.23944e+06
69 27300 584210 1543 1 0.692765 1.61521e+06
70 1651058 553560 1209 1 0.589006 2.30781e+06
71 17478 1268360 408 1 0.206059 1.12289e+06
72 818153 3542583 217 1 0.122474 358608
73 1877625 4990512 2036 1 1.37693 4.27192e+06
74 3684320 3383653 1380 1 0.922953 4.77674e+06
75 4004604 386427 2451 1 1.41766 3.5662e+06
76 4344039 2038871 1768 1 1.03855 3.75993e+06
77 5736614 405560 1597 1 0.941636 3.25508e+06
78 2874815 5871337 3375 1 1.65451 3.02587e+06
79 4584747 2249857 2635 1 1.51397 3.438e+06
80 869776 2574595 881 1 0.451176 2.74788e+06
81 145415 4793130 1785 1 1.14411 4.10998e+06
82 1726202 5250163 1046 1 0.514809 2.12498e+06
83 5293301 2900971 1041 1 0.598873 3.4723e+06
84 3305353 5017900 850 1 0.516268 4.11926e+06
85 2922731 6150406 1109 1 0.506152 1.60608e+06
86 2977287 3619399 1805 1 1.19315 4.078e+06
87 4313166 1579311 968 1 0.565264 3.89848e+06
88 2473023 4523208 1616 1 1.0694 4.23639e+06
89 6306270 2187373 1129 1 0.711606 3.78866e+06
90 4007292 4305752 523 1 0.302735 2.68846e+06
91 493305 5453207 2992 1 1.62916 2.93569e+06
92 5997139 6032440 658 1 0.311679 696533
93 4227053 5637635 884 1 0.457207 2.44324e+06
94 5427150 438200 1935 1 0.86188 1.07638e+06
95 4621057 404563 1236 1 0.724706 3.35762e+06
96 1180816 5995261 737 1 0.42855 2.58108e+06
97 1259004 3344610 1420 1 0.676472 1.51664e+06
98 3418410 2243690 789 1 0.414808 2.10048e+06
99 451756 6311277 3917 1 1.88108 2.58705e+06
max-ST-CON-level 3940
min_time 0.0852845 s
max_time 2.02668 s
mean_time 0.768518 s
stddev_time 0.428344
min_CONPS                   0.493417 
max_CONPS                   11.7255 
mean_CONPS                  1.96041 
stddev_CONPS                1.67855 
mean_ST, mean_time, stddev_ST: 1.96041, 0.768518, 1.67855 
-----ST_CON_VISITED_NODES-----
min_visited, max_visited, mean_visited, stddev_visited: 12749, 6.24582e+06, 2.31625e+06, 1.75421e+06
