SCALE 16
Edgefactor 16.0
MPI-Nodes 1
Num-ST-CON=100
Filename graphs/dense/email-EuAll.txt
Seed1 612837687
Seed2 1083005989
ST-CON-RUN RED-V BLUE-V DEPTH MN-FOUND TIME(Sec) TEPS
0 122143 2370 2 1 0.0015762 88186.9
1 48102 6260 2 1 0.00122371 173243
2 87461 139110 2 1 0.00104809 275739
3 2074 196312 2 1 0.00102655 143199
4 44236 128544 3 1 0.00120329 3.47632e+06
5 56664 186473 2 1 0.00089858 68997.7
6 142630 1989 2 1 0.00103004 474737
7 228361 246976 11 0 0.00507986 6.70877e+07
8 2586 88940 2 1 0.000987769 55681
9 72482 211826 2 1 0.00103841 138674
10 54446 160339 2 1 0.00102506 201940
11 29123 204834 2 1 0.00101975 38244.7
12 73359 217690 2 1 0.00113086 34487
13 61484 140610 11 0 0.00514038 6.62978e+07
14 25787 231550 2 1 0.00099149 217854
15 68042 72927 2 1 0.00102381 43953.5
16 93672 241182 2 1 0.00101934 138325
17 108137 164722 2 1 0.00103933 496474
18 181069 238267 3 1 0.00221879 6.04969e+06
19 102050 166691 3 1 0.00122487 3.44118e+06
20 226226 98827 2 1 0.00104056 307526
21 33948 117050 2 1 0.00103131 495484
22 250124 107362 2 1 0.00126108 281505
23 232950 67942 2 1 0.00103924 179940
24 154937 245828 2 1 0.00103744 190854
25 185868 95268 2 1 0.00104085 58605.7
26 72253 188153 11 0 0.00573742 5.97209e+07
27 24251 94727 2 1 0.00100385 495096
28 124174 108084 11 0 0.00539045 6.32292e+07
29 41701 241926 2 1 0.00100234 45892.4
30 176124 203508 2 1 0.00105281 478719
31 154060 120053 12 0 0.00597938 5.69952e+07
32 222667 138574 11 0 0.00537302 6.34273e+07
33 128050 172883 11 0 0.00529162 6.44031e+07
34 124780 166726 2 1 0.00101725 324404
35 175968 229411 2 1 0.00104817 175544
36 186683 204407 2 1 0.00103947 507952
37 24047 102139 12 0 0.00595607 5.72183e+07
38 218353 198295 2 1 0.000899639 324575
39 155343 242832 11 0 0.00541534 6.29317e+07
40 93495 160300 11 0 0.00565828 6.02297e+07
41 171017 141825 2 1 0.00100673 99331.8
42 26851 245135 3 1 0.00192201 4.44066e+06
43 186762 131031 11 0 0.00511764 6.65924e+07
44 31991 259735 2 1 0.00101665 547877
45 145506 37604 3 1 0.00107456 4.55348e+06
46 53363 225537 2 1 0.00123174 397810
47 30375 126583 2 1 0.00103057 25228.8
48 211207 209581 2 0 0.00101099 1978.25
49 111150 79338 2 1 0.000982099 44802
50 164036 18750 2 1 0.00103513 528436
51 51734 31196 11 0 0.0051471 6.62118e+07
52 168590 42077 2 1 0.000988954 98083.4
53 2331 73824 2 1 0.00104084 87429.1
54 42491 118784 2 1 0.00102973 64094.7
55 29410 139506 2 1 0.0010323 313861
56 240316 82646 2 1 0.00102822 63215.8
57 60072 26206 2 1 0.00103933 522450
58 171625 49955 2 1 0.00100194 147714
59 138795 83583 2 1 0.00103697 97399.4
60 183274 204480 2 1 0.00103817 166639
61 213073 52116 2 1 0.000896924 20068.6
62 162902 241947 2 1 0.00105187 39928.8
63 81223 6991 2 1 0.00103299 81317.2
64 230193 146408 2 1 0.00102766 146935
65 181614 46708 2 1 0.00104974 169567
66 21178 105867 3 1 0.00145987 3.76609e+06
67 236608 222577 3 1 0.00121137 3.57447e+06
68 261114 92590 2 1 0.00106169 236416
69 1082 23172 2 1 0.00103458 4.09441e+06
70 65488 21956 2 1 0.00102522 84859.8
71 693 50308 2 1 0.00107472 7.1209e+06
72 32451 140514 11 0 0.00541315 6.2957e+07
73 74474 197945 2 1 0.000985517 157278
74 146135 134210 2 1 0.00103043 173715
75 158839 15327 2 1 0.00101585 29532
76 172303 80870 11 0 0.00541201 6.29703e+07
77 227538 16086 11 0 0.00532277 6.40261e+07
78 114027 232882 2 1 0.000987826 108319
79 181850 89238 11 0 0.00555112 6.13923e+07
80 34499 102119 2 1 0.000986215 556674
81 5767 190116 2 1 0.00105059 105655
82 68468 208243 11 0 0.00513489 6.63689e+07
83 209954 115064 11 0 0.00522346 6.52438e+07
84 131104 199031 11 0 0.00536736 6.34967e+07
85 115928 243951 2 1 0.000981751 539852
86 118091 143560 2 1 0.000905026 19888.9
87 171078 62642 2 1 0.00102978 63120.4
88 98090 179409 11 0 0.00509729 6.68583e+07
89 250133 86760 2 1 0.000989609 106102
90 158946 170784 2 1 0.00102618 20464.3
91 19566 216297 2 1 0.00102627 445304
92 237872 239272 2 1 0.00107256 26105.7
93 167663 223612 2 1 0.00103258 223712
94 215263 17380 2 1 0.0010242 88849.5
95 183290 16046 12 0 0.00530385 6.42544e+07
96 46836 237797 10 0 0.00524695 6.52125e+07
97 49937 132661 2 1 0.000985049 525862
98 135588 88994 11 0 0.0054134 6.29542e+07
99 17918 250332 2 1 0.000989334 207210
max-ST-CON-level 12
min_time 0.000896924 s
max_time 0.00597938 s
mean_time 0.00206605 s
stddev_time 0.00183292
min_CONPS                   167.241 
max_CONPS                   1114.92 
mean_CONPS                  772.982 
stddev_CONPS                336.033 
mean_ST, mean_time, stddev_ST: 772.982, 0.00206605, 336.033 
-----ST_CON_VISITED_NODES-----
min_visited, max_visited, mean_visited, stddev_visited: 4, 226682, 51956.1, 95044.4
