SCALE 16
Edgefactor 16.0
MPI-Nodes 1
Num-ST-CON=100
Filename graphs/symmetric/hugetrace-00000.mtx.alt
Seed1 218603603
Seed2 1113108225
ST-CON-RUN RED-V BLUE-V DEPTH MN-FOUND TIME(Sec) TEPS
0 2113212 41018 670 1 0.277077 4.79013e+06
1 832214 108312 623 1 0.255239 5.24711e+06
2 1513171 2406743 395 1 0.157714 3.47203e+06
3 35883 3396409 149 1 0.0714317 1.299e+06
4 765344 2223951 855 1 0.434226 5.77747e+06
5 980352 3226181 747 1 0.321361 5.83043e+06
6 2467653 34428 278 1 0.117968 2.91046e+06
7 3950881 4272948 330 1 0.135543 2.77136e+06
8 44747 1538758 1509 1 0.754 6.68041e+06
9 1254018 3664804 764 1 0.326996 5.46928e+06
10 941979 2774031 1031 1 0.465209 5.53335e+06
11 503861 3543839 811 1 0.336131 5.16622e+06
12 1269192 3766258 602 1 0.246222 5.32876e+06
13 1063750 2432704 787 1 0.408193 6.08141e+06
14 446156 4006060 780 1 0.320069 5.59262e+06
15 1177202 1261719 836 1 0.437373 6.09371e+06
16 1620629 4172698 584 1 0.243128 4.69263e+06
17 1870884 2849858 95 1 0.0529396 718214
18 3132685 4122263 956 1 0.448658 5.79182e+06
19 1765575 2883930 1501 1 0.847849 6.3349e+06
20 3913947 1709821 1303 1 0.676239 6.52409e+06
21 587348 2025094 416 1 0.166298 4.08065e+06
22 4327399 1857485 778 1 0.396996 6.53089e+06
23 4030271 1175469 1070 1 0.584542 6.57733e+06
24 2680568 4253072 372 1 0.150691 4.0701e+06
25 3215708 1648240 885 1 0.456427 6.26994e+06
26 1250056 3255246 828 1 0.387716 5.79246e+06
27 419568 1638882 119 1 0.0613373 1.05027e+06
28 2148339 1869964 1715 1 0.965457 6.42525e+06
29 721469 4185574 131 1 0.065339 1.17342e+06
30 3047130 3520897 906 1 0.392178 6.19816e+06
31 2665397 2077046 769 1 0.407173 6.42614e+06
32 3852377 2397469 133 1 0.0661052 937960
33 2215393 2991051 636 1 0.251663 5.02705e+06
34 2158832 2884536 196 1 0.0880699 1.82646e+06
35 3044434 3969053 702 1 0.300289 5.94419e+06
36 3229806 3536461 674 1 0.306611 5.15953e+06
37 416053 1767111 269 1 0.114003 2.67045e+06
38 3777736 3430717 703 1 0.309228 5.44767e+06
39 2687592 4201245 1439 1 0.764282 6.72482e+06
40 1617560 2773362 692 1 0.302622 5.65451e+06
41 2958768 2453727 1084 1 0.552448 6.14905e+06
42 464553 4241083 545 1 0.211268 4.65609e+06
43 3231174 2266982 850 1 0.402756 5.77914e+06
44 553477 4493681 676 1 0.332245 5.84199e+06
45 2517405 650593 601 1 0.293681 5.5405e+06
46 923241 3902019 313 1 0.130632 3.30962e+06
47 525526 2190020 1325 1 0.641183 6.8338e+06
48 3654098 3625974 1105 1 0.602719 7.2817e+06
49 1923009 1372632 180 1 0.0825999 1.66591e+06
50 2838004 324405 315 1 0.130803 2.33206e+06
51 895058 539730 903 1 0.47444 6.66749e+06
52 2916781 727989 1311 1 0.685417 6.33511e+06
53 40335 1277237 927 1 0.512899 6.57149e+06
54 735140 2055084 902 1 0.467466 5.93074e+06
55 508831 2413600 678 1 0.321785 5.61193e+06
56 4157723 1429868 496 1 0.193869 4.45797e+06
57 1039315 453393 506 1 0.226947 4.99203e+06
58 2969286 864277 972 1 0.51257 6.96198e+06
59 2401304 1446078 459 1 0.180567 3.92238e+06
60 3170839 3537717 607 1 0.236196 5.4223e+06
61 3686393 901662 1253 1 0.704388 6.79294e+06
62 2818370 4185926 363 1 0.146959 3.20231e+06
63 1405250 120952 541 1 0.238452 4.93982e+06
64 3982573 2533021 1319 1 0.704891 6.33236e+06
65 3142119 808096 640 1 0.299115 5.36102e+06
66 366410 1831609 1124 1 0.596967 5.8039e+06
67 4093570 3850821 371 1 0.150427 3.9544e+06
68 4517544 1601915 268 1 0.113626 2.38965e+06
69 18734 400903 404 1 0.167679 4.42892e+06
70 1133008 379870 1211 1 0.63096 6.63715e+06
71 11994 870389 1298 1 0.729616 6.92931e+06
72 561442 2431033 893 1 0.416058 5.59748e+06
73 1288486 3424648 934 1 0.488651 6.2858e+06
74 2528297 2321970 483 1 0.1885 3.64057e+06
75 2748087 265178 570 1 0.262337 5.09948e+06
76 2981018 1399138 832 1 0.448555 6.3721e+06
77 3936647 278308 1276 1 0.692311 6.89452e+06
78 1972790 4029098 381 1 0.152296 2.25854e+06
79 3146200 1543923 334 1 0.138195 3.82166e+06
80 596868 1766769 875 1 0.448374 5.56708e+06
81 99788 3289198 711 1 0.340078 5.62121e+06
82 1184575 3602829 442 1 0.177493 4.70214e+06
83 3632432 1990739 1226 1 0.651994 6.63946e+06
84 2268238 3443443 450 1 0.179101 4.4858e+06
85 2005671 4220605 119 1 0.0619328 972199
86 2043109 2483747 668 1 0.311492 5.40408e+06
87 2959832 1083773 429 1 0.170162 3.58243e+06
88 1697067 3103969 911 1 0.498038 6.37903e+06
89 4327563 1501045 550 1 0.245797 5.08055e+06
90 2749932 2954744 1011 1 0.469692 5.8077e+06
91 338521 3742164 310 1 0.129546 3.34593e+06
92 4115428 4139652 474 1 0.200391 4.76229e+06
93 2900739 3868725 650 1 0.298885 5.38388e+06
94 3724283 300707 1265 1 0.616644 6.82358e+06
95 3171116 277624 1205 1 0.630301 6.44521e+06
96 810314 4114139 436 1 0.173183 3.59608e+06
97 863969 2295178 992 1 0.467336 6.07602e+06
98 2345822 1539692 585 1 0.292535 5.65024e+06
99 310009 4331000 212 1 0.0949814 1.88588e+06
max-ST-CON-level 1715
min_time 0.0529396 s
max_time 0.965457 s
mean_time 0.34791 s
stddev_time 0.208284
min_CONPS                   1.03578 
max_CONPS                   18.8894 
mean_CONPS                  4.5629 
stddev_CONPS                3.74962 
mean_ST, mean_time, stddev_ST: 4.5629, 0.34791, 3.74962 
-----ST_CON_VISITED_NODES-----
min_visited, max_visited, mean_visited, stddev_visited: 25316, 4.13765e+06, 1.34317e+06, 1.02015e+06
