SCALE 16
Edgefactor 16.0
MPI-Nodes 1
Num-ST-CON=100
Filename graphs/streets/roadNet-CA.mtx.txt.alt
Seed1 849097496
Seed2 767018865
ST-CON-RUN RED-V BLUE-V DEPTH MN-FOUND TIME(Sec) TEPS
0 907868 17622 150 1 0.0935028 1.17996e+07
1 357531 46532 171 1 0.0744393 8.35865e+06
2 650081 1033973 243 1 0.120807 1.49671e+07
3 15415 1459148 161 1 0.0844927 1.40516e+07
4 328803 955443 200 1 0.104602 1.26498e+07
5 421174 1386016 147 1 0.0746943 8.75136e+06
6 1060141 14791 233 1 0.122235 1.39726e+07
7 1697358 1835723 74 1 0.0272361 3.09038e+06
8 19224 661074 111 1 0.0582762 1.00573e+07
9 538745 1574455 72 1 0.0304877 4.41716e+06
10 404688 1191765 176 1 0.088899 1.17532e+07
11 216466 1522487 137 1 0.0622125 7.66972e+06
12 545264 1618041 132 1 0.064297 1.03764e+07
13 457003 1045126 212 1 0.0996553 1.01135e+07
14 191675 1721064 214 1 0.0969465 1.01691e+07
15 505743 542053 60 1 0.0238873 3.13577e+06
16 696246 1792654 173 1 0.088388 1.45657e+07
17 803760 1224342 326 1 0.150101 1.21913e+07
18 1345849 1770986 211 1 0.106612 1.59252e+07
19 758517 1238980 246 1 0.123985 1.6565e+07
20 1681491 734565 141 1 0.0752709 1.10583e+07
21 252333 870011 140 1 0.0615605 8.79417e+06
22 1859116 798003 109 1 0.0488247 6.48958e+06
23 1731465 504999 271 1 0.135962 1.18847e+07
24 1151612 1827184 110 1 0.0526331 7.42829e+06
25 1381516 708109 268 1 0.135739 1.37628e+07
26 537043 1398503 95 1 0.0366323 4.93586e+06
27 180252 704088 107 1 0.0510406 6.46505e+06
28 922959 803364 347 1 0.17663 1.16878e+07
29 309954 1798186 265 1 0.128688 1.47903e+07
30 1309093 1512630 190 1 0.0869801 1.24489e+07
31 1145094 892330 279 1 0.137257 1.51735e+07
32 1655039 1029989 168 1 0.0837907 1.13786e+07
33 951766 1285000 66 1 0.0303214 4.31483e+06
34 927466 1239240 87 1 0.0419739 6.12791e+06
35 1307935 1705165 354 1 0.178916 1.34046e+07
36 1387573 1519317 141 1 0.0632332 7.63722e+06
37 178742 759177 154 1 0.0642783 6.47357e+06
38 1622972 1473887 66 1 0.0287298 3.44085e+06
39 1154630 1804918 72 1 0.0331225 4.21731e+06
40 694928 1191478 200 1 0.106902 1.65616e+07
41 1271131 1054158 56 1 0.0228216 2.96768e+06
42 199579 1822033 202 1 0.0974062 8.63795e+06
43 1388161 973929 77 1 0.0362133 4.83634e+06
44 237782 1930553 130 1 0.0586222 7.53775e+06
45 1081515 279504 255 1 0.128274 1.49335e+07
46 396638 1676366 249 1 0.126244 1.50359e+07
47 225774 940866 200 1 0.0981344 1.27812e+07
48 1569855 1557773 89 1 0.0444225 6.12141e+06
49 826153 589703 166 1 0.0748231 1.00765e+07
50 1219249 139369 225 1 0.120946 1.59088e+07
51 384530 231876 81 1 0.0296612 3.62207e+06
52 1253093 312755 44 1 0.0203702 1.30445e+06
53 17328 548720 133 1 0.0674468 1.21311e+07
54 315827 882895 677 0 0.304747 9.05798e+06
55 218601 1036919 211 1 0.0935295 8.95594e+06
56 1786220 614293 209 1 0.105355 1.61709e+07
57 446505 194784 93 1 0.0399812 5.18021e+06
58 1275650 371306 94 1 0.0411138 5.32179e+06
59 1031636 621257 317 1 0.162128 1.41719e+07
60 1362240 1519856 125 1 0.0628898 8.45868e+06
61 1583730 387367 121 1 0.0558537 6.97437e+06
62 1210814 1798337 199 1 0.0910512 1.23284e+07
63 603716 51962 239 1 0.125459 1.62233e+07
64 1710973 1088224 309 1 0.150735 1.31878e+07
65 1349902 347170 70 1 0.0260318 3.43511e+06
66 157415 786887 117 1 0.0525567 6.0458e+06
67 1758660 1654371 46 1 0.0202732 1.96274e+06
68 1940805 688207 86 1 0.0333489 4.56027e+06
69 8048 172234 107 1 0.0500478 6.64895e+06
70 486757 163198 118 1 0.04694 4.59467e+06
71 5152 373932 185 1 0.0980805 1.45872e+07
72 241204 1044408 152 1 0.0642951 6.11706e+06
73 553553 1471280 138 1 0.0672148 1.1059e+07
74 1086195 997553 289 1 0.145934 1.40498e+07
75 1180619 113924 63 1 0.0295658 4.57526e+06
76 1280690 601091 59 1 0.026499 3.4333e+06
77 1691243 119565 156 1 0.0773905 9.86488e+06
78 847540 1730961 188 1 0.0850039 9.08273e+06
79 1351655 663293 83 1 0.0352866 4.89027e+06
80 256423 759030 51 1 0.0214097 902300
81 42870 1413089 194 1 0.104498 1.55402e+07
82 508911 1547829 126 1 0.0670077 1.26321e+07
83 1560547 855251 101 1 0.038006 4.22838e+06
84 974469 1479355 194 1 0.101773 1.68612e+07
85 861666 1813235 112 1 0.0496342 8.24574e+06
86 877750 1067055 235 1 0.121644 1.62338e+07
87 1271588 465605 256 1 0.133001 1.67243e+07
88 729085 1333512 178 1 0.0945076 1.60453e+07
89 1859186 644871 134 1 0.0624752 9.35201e+06
90 1181412 1269402 240 1 0.128877 1.691e+07
91 145434 1607690 66 1 0.0282685 3.93399e+06
92 1768050 1778457 41 1 0.019107 880409
93 1246201 1662062 235 1 0.121519 1.49962e+07
94 1600008 129188 72 1 0.0308108 3.7372e+06
95 1362359 119271 176 1 0.0955886 1.46298e+07
96 348123 1767496 157 1 0.0787949 1.36297e+07
97 371174 986043 110 1 0.0485613 6.1601e+06
98 1007800 661475 190 1 0.0970084 1.45866e+07
99 133184 1591548 116 1 0.0533718 8.31987e+06
max-ST-CON-level 677
min_time 0.019107 s
max_time 0.304747 s
mean_time 0.079668 s
stddev_time 0.0459123
min_CONPS                   3.28141 
max_CONPS                   52.3368 
mean_CONPS                  17.7911 
stddev_CONPS                11.4616 
mean_ST, mean_time, stddev_ST: 17.7911, 0.079668, 11.4616 
-----ST_CON_VISITED_NODES-----
min_visited, max_visited, mean_visited, stddev_visited: 12394, 1.95703e+06, 652768, 525108
