SCALE 16
Edgefactor 16.0
MPI-Nodes 1
Num-ST-CON=100
Filename graphs/streets/italy_osm.mtx.txt.alt
Seed1 1161457226
Seed2 1083819702
ST-CON-RUN RED-V BLUE-V DEPTH MN-FOUND TIME(Sec) TEPS
0 3079444 59773 975 1 0.468537 1.82461e+06
1 1212730 157836 344 1 0.185172 2.23981e+06
2 2205044 3507187 328 1 0.169809 1.05725e+06
3 52289 4949361 627 1 0.392548 4.30552e+06
4 1115285 3240816 327 1 0.16844 785057
5 1428602 4701299 1161 1 0.65071 3.53421e+06
6 3595947 50170 1725 1 1.17328 4.19511e+06
7 5757357 6226683 461 1 0.256829 2.18194e+06
8 65207 2242330 2374 1 1.49942 3.77688e+06
9 1827397 5340475 630 1 0.29801 1.17166e+06
10 1372684 4042410 1395 1 0.710808 2.7019e+06
11 734243 5164201 1257 1 0.61388 2.05913e+06
12 1849509 5488317 1723 1 1.14554 4.10512e+06
13 1550133 3545018 802 1 0.382913 1.72601e+06
14 650154 5837765 1189 1 0.57593 2.0592e+06
15 1715458 1838620 883 1 0.474016 2.97655e+06
16 2361634 6080595 1448 1 0.892893 3.3405e+06
17 2726315 4152908 527 1 0.252057 373137
18 4565054 6007099 2994 1 1.57063 3.72137e+06
19 2572855 4202559 1130 1 0.630146 2.86651e+06
20 5703535 2491608 1786 1 1.10433 4.12521e+06
21 855904 2951034 1015 1 0.574353 3.53245e+06
22 6306031 2706789 1761 1 1.18108 4.24573e+06
23 5873046 1712932 450 1 0.248804 2.66897e+06
24 3906213 6197719 1848 1 1.01417 3.3907e+06
25 4686037 2401871 1525 1 1.00687 4.02705e+06
26 1821623 4743654 131 1 0.084663 161452
27 611408 2388234 1897 1 1.01795 3.55493e+06
28 3130631 2724974 1332 1 0.602611 1.42372e+06
29 1051349 6099358 1707 1 1.01671 3.84708e+06
30 4440379 5130769 1023 1 0.621212 3.65679e+06
31 3884105 3026740 3940 1 2.02342 3.24176e+06
32 5613812 3493672 1085 1 0.535693 2.41943e+06
33 3228345 4358659 1945 1 1.15946 3.513e+06
34 3145922 4203442 1139 1 0.550602 2.30052e+06
35 4436451 5783836 672 1 0.319346 2.15802e+06
36 4706582 5153450 1412 1 0.701862 2.00176e+06
37 606286 2575093 1821 1 1.18304 4.33567e+06
38 5505044 4999355 2330 1 1.37651 3.90581e+06
39 3916450 6122194 1727 1 0.92763 3.11933e+06
40 2357162 4041437 1698 1 1.07566 4.2179e+06
41 4311616 3575653 1850 1 0.818288 1.25905e+06
42 676962 6180248 1151 1 0.707775 3.86704e+06
43 4708575 3303522 1809 1 1.01364 3.79167e+06
44 806545 6548343 1844 1 1.09656 3.75521e+06
45 3668447 948067 1252 1 0.783221 3.33144e+06
46 1345378 5686153 1820 1 0.807631 1.38448e+06
47 765814 3191371 1159 1 0.762079 3.60876e+06
48 5324874 5283891 2555 1 1.5143 4.02499e+06
49 2802273 2000245 1827 1 1.1738 4.22147e+06
50 4135634 472735 545 1 0.264375 1.7372e+06
51 1304308 786513 979 1 0.495228 2.41638e+06
52 4250430 1060850 1032 1 0.555641 3.05637e+06
53 58777 1861232 995 1 0.450015 188911
54 1071271 2994737 1625 1 1.01821 3.97237e+06
55 741486 3517179 2033 1 1.29867 3.81799e+06
56 6058773 2083651 679 1 0.321754 1.90974e+06
57 1514525 660700 1661 1 0.967324 4.03993e+06
58 4326942 1259454 353 1 0.180505 980286
59 3499261 2107273 1204 1 0.746843 3.61414e+06
60 4620653 5155279 719 1 0.366217 2.17994e+06
61 5371935 1313932 781 1 0.462957 3.47314e+06
62 4107023 6099871 1234 1 0.573459 1.72643e+06
63 2047777 176255 729 1 0.342905 1.68227e+06
64 5803539 3691203 1410 1 0.703502 2.16375e+06
65 4578801 1177585 1351 1 0.640593 1.9632e+06
66 533946 2669082 2487 1 1.53521 3.72365e+06
67 5965288 5611546 1101 1 0.560688 2.81631e+06
68 6583117 2334365 594 1 0.296047 2.25363e+06
69 27300 584210 1543 1 0.690593 1.62028e+06
70 1651058 553560 1209 1 0.58711 2.31527e+06
71 17478 1268360 408 1 0.205257 1.12728e+06
72 818153 3542583 217 1 0.121492 361507
73 1877625 4990512 2036 1 1.37499 4.27794e+06
74 3684320 3383653 1380 1 0.920349 4.79025e+06
75 4004604 386427 2451 1 1.41642 3.56933e+06
76 4344039 2038871 1768 1 1.03649 3.76743e+06
77 5736614 405560 1597 1 0.94025 3.25987e+06
78 2874815 5871337 3375 1 1.653 3.02863e+06
79 4584747 2249857 2635 1 1.51223 3.44194e+06
80 869776 2574595 881 1 0.451249 2.74744e+06
81 145415 4793130 1785 1 1.14247 4.11591e+06
82 1726202 5250163 1046 1 0.514207 2.12747e+06
83 5293301 2900971 1041 1 0.598895 3.47218e+06
84 3305353 5017900 850 1 0.514835 4.13073e+06
85 2922731 6150406 1109 1 0.504281 1.61204e+06
86 2977287 3619399 1805 1 1.19068 4.08645e+06
87 4313166 1579311 968 1 0.56573 3.89527e+06
88 2473023 4523208 1616 1 1.06758 4.24362e+06
89 6306270 2187373 1129 1 0.71116 3.79104e+06
90 4007292 4305752 523 1 0.301981 2.69518e+06
91 493305 5453207 2992 1 1.62828 2.93727e+06
92 5997139 6032440 658 1 0.310379 699451
93 4227053 5637635 884 1 0.456053 2.44942e+06
94 5427150 438200 1935 1 0.859454 1.07942e+06
95 4621057 404563 1236 1 0.72264 3.36722e+06
96 1180816 5995261 737 1 0.426927 2.59089e+06
97 1259004 3344610 1420 1 0.674148 1.52187e+06
98 3418410 2243690 789 1 0.411873 2.11545e+06
99 451756 6311277 3917 1 1.8747 2.59586e+06
max-ST-CON-level 3940
min_time 0.084663 s
max_time 2.02342 s
mean_time 0.766807 s
stddev_time 0.427824
min_CONPS                   0.494214 
max_CONPS                   11.8115 
mean_CONPS                  1.96744 
stddev_CONPS                1.68961 
mean_ST, mean_time, stddev_ST: 1.96744, 0.766807, 1.68961 
-----ST_CON_VISITED_NODES-----
min_visited, max_visited, mean_visited, stddev_visited: 12749, 6.24582e+06, 2.31625e+06, 1.75421e+06
