SCALE 16
Edgefactor 16.0
MPI-Nodes 1
Num-ST-CON=100
Filename graphs/streets/road_central.mtx.txt.alt
Seed1 1856296826
Seed2 471922324
ST-CON-RUN RED-V BLUE-V DEPTH MN-FOUND TIME(Sec) TEPS
0 6485337 125882 1076 1 1.38516 3.35385e+06
1 2554021 332405 805 1 1.03723 4.25273e+06
2 4643842 7386168 506 1 0.660924 3.47045e+06
3 110123 10423399 992 1 1.23955 3.48936e+06
4 2348800 6825189 1220 1 1.58421 3.8302e+06
5 3008650 9900978 877 1 1.12793 4.04746e+06
6 7573098 105659 1044 1 1.35949 4.40935e+06
7 12125045 13113450 1837 1 2.37006 4.46513e+06
8 137328 4722368 260 1 0.338233 1.39144e+06
9 3848515 11247089 830 1 1.10163 4.56013e+06
10 2890884 8513352 1465 1 1.91528 5.35142e+06
11 1546323 10875853 879 1 1.12631 3.43712e+06
12 3895083 11558444 791 1 1.02398 3.45657e+06
13 3264594 7465841 512 1 0.676498 3.11446e+06
14 1369231 12294385 427 1 0.511075 1.34468e+06
15 3612770 3872150 222 1 0.287207 1.17813e+06
16 4973623 12805789 838 1 1.04589 3.18024e+06
17 5741644 8746062 1211 1 1.57147 4.88509e+06
18 9614045 12651004 554 1 0.697779 1.98231e+06
19 5418457 8850627 1380 1 1.78851 4.78615e+06
20 12011696 5247350 845 1 1.08035 3.89241e+06
21 1802542 6214905 1036 1 1.30556 3.55847e+06
22 13280557 5700523 1666 1 2.11349 4.11642e+06
23 12368687 3607451 1115 1 1.4492 3.36148e+06
24 8226521 13052452 1508 1 1.94403 5.32317e+06
25 9868836 5058363 1131 1 1.48645 5.12195e+06
26 3836355 9990178 821 1 1.06393 4.5621e+06
27 1287632 5029642 1464 1 1.90171 4.34789e+06
28 6593138 5738820 937 1 1.23129 4.42501e+06
29 2214151 12845303 651 1 0.81668 2.45343e+06
30 9351479 10805445 589 1 0.728446 2.03484e+06
31 8179961 6374343 1231 1 1.59188 4.83428e+06
32 11822739 7357706 975 1 1.21499 3.12033e+06
33 6798925 9179375 1459 1 1.87559 4.74097e+06
34 6625340 8852487 1183 1 1.55146 5.06898e+06
35 9343206 12180811 608 1 0.752788 2.17509e+06
36 9912104 10853212 1419 1 1.82437 4.61584e+06
37 1276845 5423170 1135 1 1.45174 4.67491e+06
38 11593671 10528687 1583 1 2.02974 4.13347e+06
39 8248078 12893397 509 1 0.612543 1.49157e+06
40 4964205 8511302 1197 1 1.5559 4.90612e+06
41 9080303 7530358 1575 1 2.0577 5.08488e+06
42 1425689 13015657 1034 1 1.30673 3.5745e+06
43 9916302 6957247 1665 1 2.11909 4.67739e+06
44 1698592 13790868 713 1 0.870571 2.33775e+06
45 7725783 1996637 998 1 1.25852 3.04431e+06
46 2833379 11975089 783 1 0.998185 3.33188e+06
47 1612811 6721056 969 1 1.13124 2.24529e+06
48 11214232 11127922 1960 1 2.50273 3.66078e+06
49 5901612 4212534 753 1 0.981778 3.19298e+06
50 8709684 995584 782 1 0.994346 2.99652e+06
51 2746886 1656404 1502 1 1.96479 6.0015e+06
52 8951445 2234159 1466 1 1.91794 4.76487e+06
53 123786 3919772 536 1 0.68763 2.45976e+06
54 2256108 6306943 1090 1 1.44074 5.0807e+06
55 1561577 7407211 1874 1 2.38698 4.51853e+06
56 12759830 4388189 941 1 1.2367 4.70462e+06
57 3189604 1391441 1861 1 2.45582 5.21322e+06
58 9112580 2652421 1065 1 1.42304 5.67518e+06
59 7369475 4437937 814 1 1.07056 4.45292e+06
60 9731137 10857064 346 1 0.446744 1.91535e+06
61 11313344 2767153 574 1 0.73416 2.665e+06
62 8649428 12846384 703 1 0.887315 2.79651e+06
63 4312638 371195 930 1 1.1968 4.74071e+06
64 12222304 7773707 426 1 0.489156 940118
65 9642996 2480005 634 1 0.784779 2.38622e+06
66 1124495 5621110 1175 1 1.42032 2.31471e+06
67 12562950 11817966 994 1 1.25182 3.16474e+06
68 13864103 4916193 1657 1 2.14448 5.32461e+06
69 57495 1230352 790 1 1.01513 2.93715e+06
70 3477143 1165803 875 1 1.12358 4.47348e+06
71 36810 2671177 1502 1 1.97057 4.77375e+06
72 1723038 7460712 1244 1 1.57483 4.21782e+06
73 3954295 10510063 787 1 1.03701 4.5446e+06
74 7759211 7126003 498 1 0.634005 2.14018e+06
75 8433732 813819 1483 1 1.87093 4.53401e+06
76 9148586 4293880 322 1 0.411497 1.6871e+06
77 12081361 854113 731 1 0.921675 2.72229e+06
78 6054387 12365088 1947 1 2.50725 4.5127e+06
79 9655520 4738220 859 1 1.115 4.64601e+06
80 1831757 5422121 1215 1 1.60324 4.90804e+06
81 306245 10094374 1222 1 1.61101 4.94871e+06
82 3635397 11056890 1774 1 2.31185 5.0709e+06
83 11147740 6109471 2117 1 2.64865 4.48064e+06
84 6961103 10567742 1220 1 1.53921 3.82202e+06
85 6155298 12952811 1685 1 2.16297 4.67197e+06
86 6270193 7622487 1557 1 2.0172 4.75623e+06
87 9083566 3326043 1250 1 1.63731 4.83009e+06
88 5208209 9525917 650 1 0.793864 2.42812e+06
89 13281061 4606627 1542 1 2.02151 5.31876e+06
90 8439394 9067952 215 1 0.27393 855327
91 1038904 11484502 1398 1 1.77339 4.37972e+06
92 12630029 12704372 1970 1 2.534 4.92543e+06
93 8902213 11872911 1150 1 1.50128 4.38453e+06
94 11429626 922854 1480 1 1.90051 3.96186e+06
95 9731987 852015 739 1 0.969662 4.07259e+06
96 2486810 12626074 1470 1 1.88061 3.26911e+06
97 2651474 7043779 163 1 0.228017 970073
98 7199202 4725232 700 1 0.897912 3.53108e+06
99 951403 13291607 988 1 1.29113 4.28926e+06
max-ST-CON-level 2117
min_time 0.228017 s
max_time 2.64865 s
mean_time 1.3637 s
stddev_time 0.584871
min_CONPS                   0.377551 
max_CONPS                   4.38564 
mean_CONPS                  0.9616 
stddev_CONPS                0.686786 
mean_ST, mean_time, stddev_ST: 0.9616, 1.3637, 0.686786 
-----ST_CON_VISITED_NODES-----
min_visited, max_visited, mean_visited, stddev_visited: 175009, 1.05765e+07, 4.72063e+06, 2.83073e+06
