SCALE 16
Edgefactor 16.0
MPI-Nodes 1
Num-ST-CON=100
Filename graphs/symmetric/hugebubbles-00010.mtx.alt
Seed1 2019563311
Seed2 1692920139
ST-CON-RUN RED-V BLUE-V DEPTH MN-FOUND TIME(Sec) TEPS
0 8961362 173943 1914 1 2.91553 3.72546e+06
1 3529116 459314 807 1 1.18987 2.6518e+06
2 6416806 10206119 1937 1 2.90052 4.8238e+06
3 152166 14402929 1020 1 1.32171 1.4983e+06
4 3245544 9430965 557 1 0.784771 1.55993e+06
5 4157317 13681054 3352 1 4.99055 4.70538e+06
6 10464417 145999 3177 1 4.67622 4.63203e+06
7 16754243 18120010 2096 1 3.13972 5.14329e+06
8 189758 6525313 2033 1 3.02569 4.17647e+06
9 5317832 15541095 2561 1 3.87706 5.08237e+06
10 3994590 11763649 615 1 0.911766 2.11315e+06
11 2136691 15028125 1456 1 2.19197 4.75645e+06
12 5382179 15971321 2329 1 3.4743 4.73969e+06
13 4510977 10316210 1307 1 1.9288 3.50156e+06
14 1891987 16988236 1795 1 2.68475 4.58867e+06
15 4992084 5350491 1819 1 2.70468 4.25998e+06
16 6872494 17694887 636 1 0.910886 1.81366e+06
17 7933736 12085204 1254 1 1.89019 4.23116e+06
18 13284573 17481008 1275 1 1.89244 3.3395e+06
19 7487159 12229691 480 1 0.675258 1.41829e+06
20 16597619 7250726 801 1 1.18277 2.38586e+06
21 2490731 8587682 1069 1 1.60249 3.44457e+06
22 18350916 7876915 1876 1 2.8422 5.62009e+06
23 17090905 4984733 924 1 1.38298 3.22632e+06
24 11367309 18035724 272 1 0.415321 976172
25 13636640 6989586 933 1 1.33344 2.07917e+06
26 5301031 13804310 2514 1 3.76919 5.05696e+06
27 1779235 6949900 2232 1 3.31156 3.59281e+06
28 9110320 7929833 1416 1 2.09453 3.79873e+06
29 3059488 17749488 2782 1 4.19353 5.25192e+06
30 12921762 14930835 1839 1 2.71053 4.03321e+06
31 11302973 8807992 1380 1 2.05516 3.51007e+06
32 16336520 10166791 2094 1 3.10515 4.49774e+06
33 9394674 12683952 1667 1 2.48623 3.90312e+06
34 9154817 12232261 2264 1 3.39586 3.4844e+06
35 12910331 16831300 2609 1 3.82265 3.54655e+06
36 13696428 14996840 2662 1 3.99694 4.40076e+06
37 1764329 7493672 1037 1 1.50844 2.59755e+06
38 16019998 14548414 3582 1 5.3517 4.74852e+06
39 11397097 17815943 308 1 0.459741 1.24015e+06
40 6859480 11760816 636 1 0.952032 2.35081e+06
41 12547055 10405359 3440 1 5.13713 4.83601e+06
42 1970001 17984881 907 1 1.35782 3.03348e+06
43 13702229 9613441 349 1 0.509177 1.12685e+06
44 2347095 19056058 1922 1 2.88523 4.75327e+06
45 10675395 2758930 557 1 0.816755 1.79043e+06
46 3915129 16547036 1031 1 1.53653 3.44313e+06
47 2228564 9287076 1182 1 1.76743 3.57027e+06
48 15495693 15376430 493 1 0.701252 1.49221e+06
49 8154778 5820829 1364 1 2.04677 4.19951e+06
50 12034937 1375686 1071 1 1.60721 3.74195e+06
51 3795614 2288800 626 1 0.910341 1.97277e+06
52 12369000 3087135 643 1 0.927293 1.90054e+06
53 171046 5416295 904 1 1.33287 2.48654e+06
54 3117463 8714859 1093 1 1.64327 3.47966e+06
55 2157769 10235196 1512 1 2.2809 4.75381e+06
56 17631382 6063548 657 1 0.968916 2.2234e+06
57 4407357 1922676 547 1 0.801598 1.81952e+06
58 12591654 3665084 1840 1 2.75553 4.68038e+06
59 10183053 6132288 1524 1 2.30019 4.04005e+06
60 13446370 15002163 378 1 0.544375 1.30665e+06
61 15632645 3823619 537 1 0.779726 1.68536e+06
62 11951677 17750981 1949 1 2.93608 5.17193e+06
63 5959152 512914 1924 1 2.87006 3.6413e+06
64 16888635 10741616 1316 1 1.95687 3.33018e+06
65 13324578 3426841 1091 1 1.50587 2.00369e+06
66 1553814 7767183 1092 1 1.62424 2.99723e+06
67 17359335 16329925 1394 1 2.05583 3.50688e+06
68 19157253 6793138 284 1 0.429591 967062
69 79447 1700086 710 1 1.04574 2.17014e+06
70 4804675 1610893 1856 1 2.79054 4.58102e+06
71 50863 3691001 932 1 1.34292 2.36618e+06
72 2380874 10309124 824 1 1.21606 2.55981e+06
73 5463998 14522681 1249 1 1.87133 4.05062e+06
74 10721585 9846627 1378 1 2.07767 4.13771e+06
75 11653631 1124526 2249 1 3.36849 4.90108e+06
76 12641407 5933233 2325 1 3.51397 4.74139e+06
77 16693882 1180204 651 1 0.957537 2.0961e+06
78 8365880 17085932 2180 1 3.31321 5.19876e+06
79 13341883 6547216 1929 1 2.84814 3.07071e+06
80 2531101 7492222 1902 1 2.87589 4.71544e+06
81 423166 13948287 2112 1 3.16714 4.66048e+06
82 5023349 15278279 1204 1 1.80189 3.89078e+06
83 15403815 8441995 923 1 1.33693 2.16875e+06
84 9618770 14602381 568 1 0.799688 1.51835e+06
85 8505318 17898040 1461 1 2.21516 4.09901e+06
86 8664078 10532662 2452 1 3.64095 4.56774e+06
87 12551563 4595887 2487 1 3.62543 3.60234e+06
88 7196642 13162799 2370 1 3.53527 3.67143e+06
89 18351613 6365383 1754 1 2.63995 4.51852e+06
90 11661454 12529989 1332 1 1.96444 3.50773e+06
91 1435546 15869149 2379 1 3.5638 4.84285e+06
92 17452025 17554751 451 1 0.671504 1.66849e+06
93 12300972 16405848 977 1 1.45592 2.94377e+06
94 15793322 1275189 2355 1 3.53253 4.02879e+06
95 13447545 1177304 1293 1 1.90456 3.02023e+06
96 3436245 17446559 430 1 0.628899 1.46677e+06
97 3663776 9733010 2246 1 3.38377 4.76574e+06
98 9947772 6529270 1208 1 1.7799 2.67293e+06
99 1314637 18366185 2427 1 3.63554 4.70349e+06
max-ST-CON-level 3582
min_time 0.415321 s
max_time 5.3517 s
mean_time 2.19553 s
stddev_time 1.17783
min_CONPS                   0.186856 
max_CONPS                   2.40778 
mean_CONPS                  0.663016 
stddev_CONPS                0.48238 
mean_ST, mean_time, stddev_ST: 0.663016, 2.19553, 0.48238 
-----ST_CON_VISITED_NODES-----
min_visited, max_visited, mean_visited, stddev_visited: 270219, 1.69458e+07, 5.8154e+06, 4.30855e+06
