SCALE 16
Edgefactor 16.0
MPI-Nodes 1
Num-ST-CON=100
Filename graphs/symmetric/hugetric-00000.mtx.alt
Seed1 310252614
Seed2 1890942367
ST-CON-RUN RED-V BLUE-V DEPTH MN-FOUND TIME(Sec) TEPS
0 2682481 52067 691 1 0.389777 5.09707e+06
1 1056400 137490 241 1 0.121466 2.22602e+06
2 1920797 3055084 797 1 0.458404 6.23059e+06
3 45549 4311351 417 1 0.192799 3.77396e+06
4 971516 2823051 726 1 0.384626 5.09946e+06
5 1244445 4095266 618 1 0.341847 5.08484e+06
6 3132403 43703 864 1 0.519852 6.75457e+06
7 5015190 5424017 855 1 0.514746 6.66252e+06
8 56802 1953277 832 1 0.494812 6.53403e+06
9 1591832 4652048 965 1 0.51647 5.71397e+06
10 1195734 3521313 789 1 0.465398 5.62438e+06
11 639594 4498497 899 1 0.54858 7.20548e+06
12 1611093 4780832 642 1 0.358772 5.21495e+06
13 1350309 3088039 263 1 0.130565 2.4624e+06
14 566344 5085233 908 1 0.514473 5.9848e+06
15 1494323 1601608 461 1 0.22576 4.15876e+06
16 2057202 5296761 1129 1 0.662301 5.80221e+06
17 2374873 3617567 735 1 0.322815 4.16416e+06
18 3976585 5232739 1073 1 0.663544 7.27106e+06
19 2241195 3660818 1091 1 0.654722 5.83832e+06
20 4968307 2170421 1034 1 0.605635 6.83123e+06
21 745571 2570624 177 1 0.0957808 1.44255e+06
22 5493136 2357864 838 1 0.481774 5.56522e+06
23 5115966 1492122 947 1 0.518721 5.87924e+06
24 3402673 5398787 736 1 0.436497 6.40025e+06
25 4081972 2092252 1007 1 0.62552 6.99517e+06
26 1586802 4132162 964 1 0.516305 5.76215e+06
27 532593 2080373 413 1 0.199751 3.98078e+06
28 2727070 2373704 878 1 0.530481 5.9698e+06
29 915822 5313105 1214 1 0.738464 6.3929e+06
30 3867981 4469374 510 1 0.271666 4.59947e+06
31 3383415 2636571 1221 1 0.665831 5.72934e+06
32 4890150 3043312 147 1 0.0840831 1.07746e+06
33 2812188 3796795 275 1 0.136105 2.53109e+06
34 2740389 3661587 754 1 0.441871 5.82394e+06
35 3864559 5038257 501 1 0.26734 4.4417e+06
36 4099868 4489132 717 1 0.413614 6.09994e+06
37 528131 2243144 1056 1 0.651882 6.98951e+06
38 4795402 4354901 646 1 0.374966 6.0309e+06
39 3411590 5332998 581 1 0.30858 4.71448e+06
40 2053306 3520465 961 1 0.552477 6.32549e+06
41 3755817 3114725 666 1 0.350795 4.96489e+06
42 589697 5383568 509 1 0.230261 3.93573e+06
43 4101605 2877673 468 1 0.236948 4.23507e+06
44 702576 5704212 243 1 0.122509 2.23435e+06
45 3195557 825854 1057 1 0.613169 6.41791e+06
46 1171949 4953165 951 1 0.525309 5.68524e+06
47 667095 2779979 320 1 0.154988 3.1818e+06
48 4638458 4602758 798 1 0.444682 5.43103e+06
49 2441039 1742398 1032 1 0.589568 6.24738e+06
50 3602520 411795 346 1 0.165411 3.37921e+06
51 1136173 685126 699 1 0.396165 5.18653e+06
52 3702518 924098 1203 1 0.717698 6.84092e+06
53 51200 1621305 547 1 0.274165 4.64462e+06
54 933176 2608693 956 1 0.583795 6.5329e+06
55 645903 3063788 1081 1 0.669279 7.15019e+06
56 5277752 1815053 479 1 0.227008 4.33282e+06
57 1319291 575531 793 1 0.449594 5.66978e+06
58 3769167 1097101 864 1 0.493923 6.01636e+06
59 3048180 1835630 156 1 0.0874205 1.00879e+06
60 4025016 4490725 715 1 0.39779 5.58271e+06
61 4679453 1144556 961 1 0.554471 6.12755e+06
62 3577597 5313553 718 1 0.419752 5.98149e+06
63 1783803 153534 1053 1 0.632665 7.08065e+06
64 5055419 3215379 748 1 0.378339 5.00621e+06
65 3988559 1025785 231 1 0.118547 1.99512e+06
66 465116 2325017 720 1 0.397388 5.09577e+06
67 5196318 4888176 1225 1 0.693236 6.46066e+06
68 5734504 2033448 266 1 0.132289 2.33879e+06
69 23781 508901 367 1 0.174375 3.50716e+06
70 1438224 482202 432 1 0.200564 3.60073e+06
71 15225 1104859 322 1 0.155375 3.0457e+06
72 712687 3085918 918 1 0.547198 7.07406e+06
73 1635585 4347198 824 1 0.4753 6.40306e+06
74 3209383 2947475 714 1 0.417873 6.1127e+06
75 3488381 336614 1016 1 0.606479 6.14363e+06
76 3784060 1776045 1236 1 0.758132 6.75763e+06
77 4997122 353280 972 1 0.559391 5.58694e+06
78 2504230 5114478 1066 1 0.624332 6.77952e+06
79 3993739 1959834 788 1 0.468501 6.13255e+06
80 757656 2242711 937 1 0.551144 6.4266e+06
81 126670 4175260 196 1 0.104103 1.5448e+06
82 1503682 4573377 619 1 0.32345 4.61362e+06
83 4610955 2527014 384 1 0.180653 2.98895e+06
84 2879268 4371055 1464 1 0.860487 6.91828e+06
85 2545969 5357573 482 1 0.250181 4.33511e+06
86 2593492 3152831 162 1 0.0901811 1.2685e+06
87 3757166 1375726 1298 1 0.78713 6.69482e+06
88 2154232 3940133 595 1 0.305652 4.42318e+06
89 5493345 1905404 585 1 0.3286 5.02148e+06
90 3490722 3750708 641 1 0.283065 4.04706e+06
91 429714 4750248 586 1 0.324329 5.18118e+06
92 5224063 5254813 489 1 0.223008 3.83715e+06
93 3682155 4910902 694 1 0.309923 4.39003e+06
94 4727550 381713 1076 1 0.650379 6.97023e+06
95 4025368 352412 687 1 0.319152 4.07786e+06
96 1028600 5222427 782 1 0.386949 4.86198e+06
97 1096709 2913465 811 1 0.473171 6.26492e+06
98 2977751 1954462 960 1 0.588331 7.22599e+06
99 393521 5497707 597 1 0.29456 4.62832e+06
max-ST-CON-level 1464
min_time 0.0840831 s
max_time 0.860487 s
mean_time 0.410782 s
stddev_time 0.190141
min_CONPS                   1.16213 
max_CONPS                   11.893 
mean_CONPS                  3.38151 
stddev_CONPS                2.45216 
mean_ST, mean_time, stddev_ST: 3.38151, 0.410782, 2.45216 
-----ST_CON_VISITED_NODES-----
min_visited, max_visited, mean_visited, stddev_visited: 58817, 3.96986e+06, 1.58372e+06, 993797
