SCALE 16
Edgefactor 16.0
MPI-Nodes 1
Num-ST-CON=100
Filename graphs/symmetric/hugetrace-00010.mtx.alt
Seed1 427391839
Seed2 1305513858
ST-CON-RUN RED-V BLUE-V DEPTH MN-FOUND TIME(Sec) TEPS
0 5553017 107786 1776 1 2.18753 6.32491e+06
1 2186860 284619 912 1 1.08566 4.13458e+06
2 3976252 6324346 1208 1 1.44542 4.15801e+06
3 94291 8924951 946 1 1.11732 3.49898e+06
4 2011141 5844013 1335 1 1.54527 3.6593e+06
5 2576132 8477632 911 1 1.09762 4.15418e+06
6 6484404 90470 1174 1 1.36522 3.48624e+06
7 10381972 11228286 1032 1 1.20957 3.58994e+06
8 117586 4043490 1027 1 1.21792 3.98471e+06
9 3295260 9630229 1404 1 1.71305 5.10931e+06
10 2475296 7289489 1433 1 1.71533 3.99671e+06
11 1324027 9312361 1202 1 1.40201 3.77449e+06
12 3335133 9896825 1644 1 1.99649 5.5304e+06
13 2795282 6392566 1413 1 1.72392 4.88275e+06
14 1172393 10526968 687 1 0.800266 2.8365e+06
15 3093405 3315497 216 1 0.254828 842573
16 4258625 10964853 1213 1 1.40241 3.49596e+06
17 4916236 7488745 1917 1 2.35059 5.88736e+06
18 8231948 10832320 736 1 0.859487 3.27109e+06
19 4639510 7578278 1346 1 1.56481 4.36223e+06
20 10284918 4493001 907 1 1.08782 3.92853e+06
21 1543412 5321462 1431 1 1.71067 5.09361e+06
22 11371370 4881027 1260 1 1.52242 4.60743e+06
23 10590588 3088851 1670 1 1.9874 4.43632e+06
24 7043892 11176057 1509 1 1.78777 4.51566e+06
25 8450111 4331182 1129 1 1.33091 3.76091e+06
26 3284848 8554009 681 1 0.78757 2.99475e+06
27 1102525 4306590 647 1 0.74171 2.71236e+06
28 5645321 4913818 550 1 0.644603 2.69987e+06
29 1895849 10998687 411 1 0.437553 1.12447e+06
30 8007128 9252075 973 1 1.16149 4.10413e+06
31 7004025 5457980 1400 1 1.7018 4.63603e+06
32 10123124 6299976 1092 1 1.31325 4.60764e+06
33 5821524 7859766 1112 1 1.33447 4.05242e+06
34 5672894 7579870 1813 1 2.20747 5.71762e+06
35 8000044 10429721 233 1 0.270858 631046
36 8487159 9292975 1146 1 1.37265 3.95976e+06
37 1093288 4643545 1723 1 2.08779 4.65941e+06
38 9926988 9015103 1799 1 2.15655 4.20499e+06
39 7062350 11039867 1021 1 1.19161 3.70029e+06
40 4250560 7287734 703 1 0.797662 2.59103e+06
41 7774936 6447808 866 1 0.989855 3.13164e+06
42 1220735 11144551 1458 1 1.75314 4.24414e+06
43 8490754 5957086 569 1 0.648511 2.45029e+06
44 1454406 11808320 1103 1 1.27979 3.57824e+06
45 6615139 1709604 1041 1 1.20738 3.46811e+06
46 2426057 10253573 1142 1 1.34026 3.71974e+06
47 1380957 5754850 775 1 0.898129 3.23827e+06
48 9602096 9528193 1305 1 1.55245 4.16525e+06
49 5053208 3606948 1044 1 1.22058 3.45185e+06
50 7457596 852460 1176 1 1.40946 4.75041e+06
51 2351999 1418283 624 1 0.719576 2.56055e+06
52 7664602 1912981 1722 1 2.0961 5.44333e+06
53 105991 3356273 858 1 0.985508 3.18704e+06
54 1931774 5400269 1163 1 1.39433 4.6991e+06
55 1337088 6342364 1352 1 1.6088 4.19431e+06
56 10925502 3757351 1771 1 2.13893 5.27503e+06
57 2731072 1191410 1698 1 2.07071 4.84036e+06
58 7802573 2271114 1685 1 2.06229 5.57575e+06
59 6310053 3799947 1604 1 1.95423 6.25093e+06
60 8332207 9296274 1578 1 1.91636 4.93225e+06
61 9686959 2369352 1939 1 2.34188 4.82989e+06
62 7406003 10999613 540 1 0.596436 2.16232e+06
63 3692661 317833 656 1 0.754545 2.7256e+06
64 10465249 6656174 1010 1 1.16517 3.39551e+06
65 8256737 2123484 1310 1 1.56306 3.95736e+06
66 962840 4813030 1034 1 1.21754 3.62442e+06
67 10756924 10119038 1826 1 2.2017 4.78539e+06
68 11871026 4209451 118 1 0.162035 378380
69 49230 1053479 690 1 0.785851 2.69883e+06
70 2977275 998209 2147 1 2.63489 6.11981e+06
71 31518 2287174 364 1 0.393739 1.38545e+06
72 1475337 6388175 970 1 1.14806 3.68614e+06
73 3385833 8999157 166 1 0.205916 634170
74 6643761 6101583 975 1 1.1681 4.37511e+06
75 7221315 696826 947 1 1.11289 3.38987e+06
76 7833403 3676600 872 1 1.01058 3.02035e+06
77 10344568 731327 1131 1 1.31592 3.48513e+06
78 5184020 10587507 848 1 1.01469 3.56494e+06
79 8267461 4057062 1721 1 2.11585 5.26054e+06
80 1568427 4642647 675 1 0.776388 2.88311e+06
81 262220 8643226 1168 1 1.39053 3.95957e+06
82 3112780 9467372 506 1 0.551803 2.1343e+06
83 9545162 5231185 1514 1 1.82669 5.61537e+06
84 5960388 9048544 1081 1 1.24129 3.3039e+06
85 5270424 11090740 2063 1 2.4715 5.69031e+06
86 5368802 6526693 937 1 1.11274 4.14148e+06
87 7777730 2847897 1790 1 2.1902 5.9128e+06
88 4459487 8156489 1407 1 1.69717 4.85776e+06
89 11371802 3944387 1511 1 1.78528 3.88897e+06
90 7226163 7764361 605 1 0.703322 2.81613e+06
91 889553 9833512 1219 1 1.4598 4.65e+06
92 10814361 10878016 469 1 0.522142 2.0382e+06
93 7622448 10166084 1738 1 2.09484 4.51286e+06
94 9786525 790186 1442 1 1.73166 4.14985e+06
95 8332935 729531 1009 1 1.17982 3.33766e+06
96 2129311 10810974 756 1 0.83975 2.56546e+06
97 2270303 6031178 542 1 0.612828 2.27859e+06
98 6164258 4045942 1019 1 1.22861 4.22554e+06
99 814631 11380831 919 1 0.985618 2.37664e+06
max-ST-CON-level 2147
min_time 0.162035 s
max_time 2.63489 s
mean_time 1.34246 s
stddev_time 0.56132
min_CONPS                   0.379523 
max_CONPS                   6.17149 
mean_CONPS                  1.00644 
stddev_CONPS                0.872653 
mean_ST, mean_time, stddev_ST: 1.00644, 1.34246, 0.872653 
-----ST_CON_VISITED_NODES-----
min_visited, max_visited, mean_visited, stddev_visited: 40902, 1.07518e+07, 3.83996e+06, 2.45265e+06
