SCALE 16
Edgefactor 16.0
MPI-Nodes 1
Num-ST-CON=100
Filename graphs/symmetric/hugetric-00010.mtx.alt
Seed1 699066832
Seed2 1884097918
ST-CON-RUN RED-V BLUE-V DEPTH MN-FOUND TIME(Sec) TEPS
0 3036278 58935 1211 1 0.814195 6.76106e+06
1 1195731 155624 1100 1 0.737254 7.57822e+06
2 2174135 3458025 589 1 0.348553 4.45323e+06
3 51556 4879983 720 1 0.440774 5.59451e+06
4 1099651 3195388 261 1 0.144441 2.87294e+06
5 1408577 4635398 777 1 0.501234 5.87385e+06
6 3545541 49467 657 1 0.327276 3.63173e+06
7 5676653 6139400 577 1 0.35559 5.06527e+06
8 64293 2210899 1059 1 0.687735 6.85883e+06
9 1801781 5265615 549 1 0.33629 4.92923e+06
10 1353442 3985746 1423 1 0.91175 6.58766e+06
11 723951 5091811 496 1 0.292211 4.26929e+06
12 1823583 5411384 897 1 0.562617 5.86882e+06
13 1528404 3495326 1014 1 0.60779 5.95178e+06
14 641040 5755934 697 1 0.450678 6.29186e+06
15 1691412 1812847 921 1 0.602537 6.51522e+06
16 2328530 5995361 1311 1 0.898531 7.92189e+06
17 2688099 4094695 221 1 0.12587 1.85578e+06
18 4501063 5922894 1138 1 0.783494 6.90599e+06
19 2536790 4143649 1239 1 0.832037 7.65926e+06
20 5623586 2456682 1031 1 0.69698 7.1706e+06
21 843906 2909668 521 1 0.307578 4.51792e+06
22 6217636 2668847 599 1 0.346931 4.71727e+06
23 5790720 1688921 716 1 0.453392 6.27302e+06
24 3851458 6110843 855 1 0.559583 6.6218e+06
25 4620350 2368203 365 1 0.190202 3.33449e+06
26 1796089 4677160 1130 1 0.747771 6.75232e+06
27 602838 2354757 441 1 0.224535 3.89756e+06
28 3086748 2686777 616 1 0.374026 4.92009e+06
29 1036612 6013860 945 1 0.625574 7.14356e+06
30 4378136 5058848 994 1 0.639912 6.79957e+06
31 3829660 2984313 538 1 0.287787 3.95113e+06
32 5535120 3444700 502 1 0.254831 3.90411e+06
33 3183092 4297561 1163 1 0.756029 6.73089e+06
34 3101824 4144520 832 1 0.522107 5.87547e+06
35 4374263 5702761 669 1 0.423298 5.41088e+06
36 4640607 5081211 1122 1 0.741597 6.8302e+06
37 597788 2538997 305 1 0.163182 2.36722e+06
38 5427877 4929276 995 1 0.645672 5.73771e+06
39 3861551 6036377 1263 1 0.821536 6.32779e+06
40 2324121 3984786 978 1 0.568106 5.4275e+06
41 4251178 3525531 590 1 0.323231 4.11033e+06
42 667473 6093616 611 1 0.382761 5.43357e+06
43 4642573 3257215 422 1 0.249693 4.06384e+06
44 795240 6456551 865 1 0.53523 5.43848e+06
45 3617025 934777 789 1 0.511753 6.39981e+06
46 1326519 5606447 801 1 0.491165 5.5816e+06
47 755079 3146636 698 1 0.433942 5.04187e+06
48 5250232 5209824 196 1 0.113234 1.07522e+06
49 2762992 1972206 768 1 0.487167 5.79764e+06
50 4077663 466108 895 1 0.512351 4.881e+06
51 1286025 775488 360 1 0.188374 3.1663e+06
52 4190850 1045979 571 1 0.344356 4.73522e+06
53 57953 1835142 1359 1 0.892871 7.41212e+06
54 1056255 2952758 1304 1 0.904465 7.21131e+06
55 731092 3467877 1258 1 0.827457 5.79928e+06
56 5973844 2054444 234 1 0.131795 1.94828e+06
57 1493295 651439 656 1 0.413787 5.99555e+06
58 4266289 1241799 876 1 0.559526 6.16194e+06
59 3450210 2077734 530 1 0.260798 2.8043e+06
60 4555883 5083015 944 1 0.604227 5.73106e+06
61 5296634 1295514 1232 1 0.819508 7.30382e+06
62 4049453 6014366 298 1 0.161149 3.07354e+06
63 2019073 173784 1118 1 0.741279 7.34726e+06
64 5722187 3639462 368 1 0.200831 3.65136e+06
65 4514618 1161078 940 1 0.619597 8.05948e+06
66 526461 2631668 1240 1 0.836507 6.38608e+06
67 5881669 5532886 1276 1 0.845592 7.63749e+06
68 6490838 2301643 675 1 0.421197 5.6704e+06
69 26918 576021 700 1 0.368033 4.47935e+06
70 1627914 545801 300 1 0.161144 2.27567e+06
71 17233 1250580 1319 1 0.879843 7.77791e+06
72 806684 3492925 804 1 0.460322 4.72785e+06
73 1851305 4920557 1029 1 0.664329 5.69044e+06
74 3632675 3336222 1272 1 0.839129 6.75191e+06
75 3948469 381010 1177 1 0.735246 6.40624e+06
76 4283147 2010291 493 1 0.251065 4.092e+06
77 5656201 399875 727 1 0.437762 5.07926e+06
78 2834517 5789035 233 1 0.132089 2.77743e+06
79 4520481 2218320 358 1 0.187578 3.39284e+06
80 857584 2538506 1336 1 0.851946 7.09288e+06
81 143376 4725942 599 1 0.320719 4.34492e+06
82 1702005 5176568 1045 1 0.630295 6.04401e+06
83 5219102 2860307 636 1 0.363662 4.50135e+06
84 3259020 4947561 904 1 0.581977 5.97266e+06
85 2881761 6064193 668 1 0.408519 5.17821e+06
86 2935553 3568664 860 1 0.521904 5.63542e+06
87 4252706 1557173 471 1 0.237969 3.79513e+06
88 2438357 4459804 835 1 0.497759 5.44998e+06
89 6217872 2156711 109 1 0.075821 731618
90 3951120 4245396 1390 1 0.934843 8.05947e+06
91 486390 5376766 550 1 0.281811 3.98562e+06
92 5913074 5947880 1131 1 0.762631 6.56586e+06
93 4167801 5558610 374 1 0.204427 3.43205e+06
94 5351074 432058 309 1 0.166275 2.99906e+06
95 4556281 398892 1141 1 0.757493 6.76686e+06
96 1164264 5911223 1463 1 1.00807 8.19073e+06
97 1241356 3297727 561 1 0.312662 4.37405e+06
98 3370492 2212239 886 1 0.590044 7.3951e+06
99 445423 6222809 1031 1 0.691039 6.84315e+06
max-ST-CON-level 1463
min_time 0.075821 s
max_time 1.00807 s
mean_time 0.502417 s
stddev_time 0.242025
min_CONPS                   0.991999 
max_CONPS                   13.189 
mean_CONPS                  2.78553 
stddev_CONPS                2.0467 
mean_ST, mean_time, stddev_ST: 2.78553, 0.502417, 2.0467 
-----ST_CON_VISITED_NODES-----
min_visited, max_visited, mean_visited, stddev_visited: 36966, 5.50597e+06, 2.04265e+06, 1.37067e+06
