SCALE 16
Edgefactor 16.0
MPI-Nodes 1
Num-ST-CON=100
Filename graphs/dense/amazon0312.txt
Seed1 150120132
Seed2 1391735172
ST-CON-RUN RED-V BLUE-V DEPTH MN-FOUND TIME(Sec) TEPS
0 184554 3582 3 1 0.00380437 773846
1 72680 9459 4 1 0.0017868 2.21345e+06
2 132150 210189 4 1 0.00255579 7.11249e+06
3 3133 296619 4 1 0.00181407 5.16905e+06
4 66840 194225 2 1 0.00142278 92073.5
5 85617 281753 3 1 0.00160659 323044
6 215508 3006 3 1 0.00163444 4.47309e+06
7 345043 373171 3 1 0.00160642 1.68076e+06
8 3907 134385 4 1 0.00178119 1.71009e+06
9 109517 320059 4 1 0.00182547 5.57445e+06
10 82266 242265 3 1 0.00162607 1.0141e+06
11 44003 309495 2 1 0.0014336 76032.4
12 110842 328920 4 1 0.00252901 9.88451e+06
13 92900 212456 3 1 0.00161159 2.55152e+06
14 38964 349862 4 1 0.0018176 3.43365e+06
15 102809 110190 3 1 0.00162388 3.3925e+06
16 141535 364415 4 1 0.00178708 3.12801e+06
17 163390 248887 3 1 0.00160077 274867
18 273588 360011 5 1 0.0037965 5.52232e+07
19 154193 251863 5 1 0.00324318 2.13349e+07
20 341818 149324 4 1 0.00179158 2.08363e+06
21 51295 176858 3 1 0.00161756 1.39037e+06
22 377926 162220 3 1 0.00161365 3.26898e+06
23 351977 102657 4 1 0.00181515 5.04365e+06
24 234103 371435 4 1 0.00179097 2.78284e+06
25 280838 143946 5 1 0.00271446 7.42762e+06
26 109171 284291 4 1 0.00180852 4.42684e+06
27 36642 143129 3 1 0.00157671 1.60398e+06
28 187621 163310 3 1 0.00158583 2.95681e+06
29 63008 365540 3 1 0.00157688 3.27988e+06
30 266116 307491 3 1 0.00159675 1.07844e+06
31 232778 181395 4 1 0.00208589 8.61409e+06
32 336441 209379 4 1 0.00174275 1.25205e+06
33 193477 261218 4 1 0.0017393 1.11654e+06
34 188538 251916 4 1 0.00211226 7.88871e+06
35 265880 346630 4 1 0.00240842 8.83151e+06
36 282069 308851 3 1 0.00156826 856362
37 36335 154327 4 1 0.00178866 6.7626e+06
38 329922 299616 3 1 0.00158124 3.70216e+06
39 234716 366908 4 1 0.00241205 9.52178e+06
40 141266 242207 3 1 0.00158571 774417
41 258399 214292 3 1 0.00158398 1.72288e+06
42 40571 370388 4 1 0.00175347 4.17915e+06
43 282189 197983 3 1 0.00156967 335102
44 48337 392448 4 1 0.00177576 5.65954e+06
45 219853 56818 3 1 0.00157161 1.592e+06
46 80629 340776 3 1 0.00157981 446888
47 45895 191261 3 1 0.00226841 1.3997e+07
48 319124 316668 3 1 0.00158611 1.30382e+06
49 167942 119876 2 1 0.00141247 104073
50 247852 28331 4 1 0.00175369 2.57914e+06
51 78168 47136 3 1 0.0015751 956133
52 254732 63577 3 1 0.0015752 375825
53 3522 111545 4 1 0.00244536 1.04062e+07
54 64202 179477 3 1 0.00161331 2.6207e+06
55 44437 210787 3 1 0.00158134 3.38448e+06
56 363108 124875 4 1 0.00176491 5.13283e+06
57 90766 39596 3 1 0.00158054 2.65353e+06
58 259317 75480 3 1 0.00158792 1.35649e+06
59 209714 126290 3 1 0.00159289 1.39056e+06
60 276920 308960 3 1 0.00157213 744848
61 321945 78745 4 1 0.00177396 5.44657e+06
62 246137 365571 4 1 0.00167384 6.8573e+06
63 122725 10563 3 1 0.00159687 2.83743e+06
64 347811 221217 3 1 0.00159321 4.60328e+06
65 274411 70573 3 1 0.00157617 682034
66 31999 159960 3 1 0.00160474 4.65434e+06
67 357505 336305 3 1 0.00157375 924544
68 394532 139900 4 1 0.0017658 5.97068e+06
69 1636 35012 3 1 0.00158322 2.41975e+06
70 98949 33175 4 1 0.00174152 1.39648e+06
71 1047 76014 4 1 0.00175653 3.61849e+06
72 49032 212310 3 1 0.00157528 1.76985e+06
73 112527 299086 4 1 0.00176957 6.2795e+06
74 220804 202785 3 1 0.0016335 2.07408e+06
75 239999 23158 4 1 0.00179375 7.97326e+06
76 260342 122191 4 1 0.00179622 4.16821e+06
77 343800 24305 4 1 0.00183239 8.87368e+06
78 172290 351874 4 1 0.0017607 2.55524e+06
79 274768 134836 4 1 0.00179466 7.45488e+06
80 52126 154297 3 1 0.00156765 1.59219e+06
81 8714 287256 3 1 0.00157934 801602
82 103452 314647 3 1 0.00163883 7.69694e+06
83 317232 173857 4 1 0.00145013 3.54175e+06
84 198092 300727 3 1 0.00160829 3.20339e+06
85 175162 368599 4 1 0.00247586 1.69784e+07
86 178431 216914 3 1 0.0022915 1.44704e+07
87 258492 94649 3 1 0.00159759 1.93979e+06
88 148210 271080 3 1 0.00157156 1.97957e+06
89 377940 131091 4 1 0.00275268 2.08517e+07
90 240160 258047 4 1 0.00179633 8.10543e+06
91 29564 326815 5 1 0.00254695 8.253e+06
92 359414 361529 4 1 0.00243188 1.3784e+07
93 253331 337868 5 1 0.00260373 1.35759e+07
94 325254 26261 4 1 0.00179122 4.91845e+06
95 276944 24245 3 1 0.00157948 3.6246e+06
96 70767 359301 4 1 0.00176721 4.00235e+06
97 75453 200445 3 1 0.00156665 580218
98 204868 134466 3 1 0.0016195 1.14356e+06
99 27074 378240 4 1 0.00178768 7.03649e+06
max-ST-CON-level 5
min_time 0.00141247 s
max_time 0.00380437 s
mean_time 0.00183383 s
stddev_time 0.000441236
min_CONPS                   262.855 
max_CONPS                   707.978 
mean_CONPS                  566.941 
stddev_CONPS                94.1209 
mean_ST, mean_time, stddev_ST: 566.941, 0.00183383, 94.1209 
-----ST_CON_VISITED_NODES-----
min_visited, max_visited, mean_visited, stddev_visited: 20, 31767, 1672.49, 3512.21
