SCALE 16
Edgefactor 16.0
MPI-Nodes 1
Num-ST-CON=100
Filename graphs/dense/com-youtube.txt
Seed1 1223408840
Seed2 104239624
ST-CON-RUN RED-V BLUE-V DEPTH MN-FOUND TIME(Sec) TEPS
0 533234 27330 2 1 0.00883389 327602
1 209995 607302 3 1 0.00359598 2.92938e+07
2 381823 857028 3 1 0.00301065 1.26053e+06
3 9054 561177 3 1 0.00420475 8.28861e+07
4 193122 814073 3 1 0.00273313 2.86851e+06
5 247375 8687 2 1 0.00270987 482680
6 622671 1078208 4 1 0.00301793 1.10205e+07
7 996940 388280 4 1 0.00375835 1.38415e+07
8 11291 924753 2 1 0.00250865 662109
9 316430 699981 2 1 0.00252892 142749
10 237693 894229 3 1 0.00278185 1.56277e+07
11 127141 950353 2 1 0.00247603 120758
12 320259 613853 3 1 0.00272094 2.73692e+06
13 268420 1010863 4 1 0.00449257 1.23666e+08
14 112580 318374 2 1 0.00247372 718352
15 297047 1052911 3 1 0.00266662 603386
16 408939 719114 3 1 0.00329827 1.08284e+07
17 472086 1040185 3 1 0.00265028 134702
18 790481 727712 2 1 0.00246462 90886.4
19 445513 431445 3 1 0.00267086 326113
20 987620 510999 4 1 0.00410532 8.31755e+07
21 148207 468705 3 1 0.00271873 1.07455e+07
22 1091948 296610 4 1 0.00401797 6.08141e+07
23 1016972 1073192 4 1 0.0039097 5.50306e+07
24 676397 415906 3 1 0.00338144 2.94827e+07
25 811431 821408 3 1 0.00270884 350334
26 315431 413545 2 1 0.00247971 105254
27 105871 471854 2 1 0.00251669 3.27971e+06
28 542098 1056160 3 1 0.00349738 5.05006e+06
29 182050 524108 3 1 0.00295072 9.11811e+06
30 768893 604962 3 1 0.00268224 2.03859e+06
31 672569 754742 3 1 0.00271797 6.98058e+06
32 972084 727865 3 1 0.00272298 1.23174e+06
33 559018 1001525 4 1 0.00290425 2.79143e+06
34 544745 445901 3 1 0.00268286 1.2755e+06
35 768212 865685 3 1 0.00269107 749143
36 814988 1060115 3 1 0.00267195 758248
37 104984 699812 2 1 0.0024562 365605
38 953249 619157 4 1 0.00286738 137408
39 678169 1070167 3 1 0.00332614 1.19971e+07
40 408164 572035 3 1 0.00268737 2.93335e+06
41 746596 1133906 3 1 0.00321622 7.64749e+06
42 117222 164166 2 1 0.00234731 486514
43 815333 984610 4 1 0.00288235 3.01594e+06
44 139660 552615 3 1 0.00392613 8.81146e+07
45 635225 914955 6 1 0.0102481 2.40488e+08
46 232964 346361 3 1 0.00266398 799557
47 132607 81858 2 1 0.00247561 84019.8
48 922051 136192 3 1 0.00273745 1.18611e+07
49 485239 183696 3 1 0.00268685 1.30152e+06
50 716123 322289 3 1 0.00267295 1.93719e+06
51 225853 518566 3 1 0.00271349 8.1692e+06
52 736001 609032 3 1 0.00266472 810967
53 10177 360803 2 1 0.00241842 83939
54 185500 114406 2 1 0.00246287 87296.5
55 128395 218086 3 1 0.00330804 1.37471e+07
56 1049133 364894 3 1 0.00271887 1.44104e+06
57 262254 892684 3 1 0.00266404 284530
58 749250 227519 3 1 0.00264942 1.04778e+06
59 605929 1056249 4 1 0.00285818 381011
60 800109 30520 3 1 0.00271374 4.64266e+06
61 930200 203909 3 1 0.00274495 4.89044e+06
62 711169 462176 2 1 0.00248933 106856
63 354591 971691 4 1 0.00293733 4.04654e+06
64 1004936 404217 5 1 0.00559059 1.79489e+08
65 792862 101161 3 1 0.0027088 4.03352e+06
66 92457 95854 2 1 0.00246206 179525
67 1032945 219628 3 1 0.00271366 262745
68 1139928 613431 4 1 0.00288196 1.23631e+06
69 4727 864153 2 1 0.00247882 285620
70 285896 585911 3 1 0.00270556 3.02378e+06
71 3026 66913 2 1 0.00249046 958459
72 141670 353049 2 1 0.00244612 104656
73 325128 70226 2 1 0.00246367 117305
74 693434 1016676 3 1 0.00268594 3.6207e+06
75 752211 389583 3 1 0.00270131 7.12543e+06
76 993348 445815 3 1 0.00265513 114495
77 497801 829975 3 1 0.00270798 4.68061e+06
78 793891 909114 3 1 0.00267234 1.16115e+06
79 150609 502330 2 1 0.00269753 103057
80 25179 868896 2 1 0.00250304 1.34237e+06
81 298908 1065000 3 1 0.00333845 8.43985e+06
82 916584 626732 3 1 0.00266297 173490
83 572352 273472 3 1 0.00267363 910372
84 506098 783235 3 1 0.00339958 1.92724e+07
85 515545 378764 3 1 0.00289711 2.21842e+06
86 746864 745581 3 1 0.00352537 7.00834e+06
87 428227 944273 3 1 0.00270917 1.47573e+06
88 1091989 1044573 3 1 0.00271482 1.60416e+06
89 693900 976209 4 1 0.00429015 1.15781e+08
90 85420 75878 2 1 0.00246312 96219.4
91 1038460 70054 3 1 0.0027562 1.16058e+07
92 731953 1038135 2 1 0.00246099 2.12231e+06
93 939761 579150 4 1 0.00289487 2.16072e+06
94 800179 388516 3 1 0.00268598 3.42705e+06
95 204469 1092856 2 1 0.00245504 426063
96 218008 934792 3 1 0.00270174 4.67032e+06
97 591929 593876 4 1 0.0028654 2.38012e+06
98 78225 673960 2 1 0.00247546 237936
99 10350 1153851 2 1 0.0024928 36505.2
max-ST-CON-level 6
min_time 0.00234731 s
max_time 0.0102481 s
mean_time 0.00301523 s
stddev_time 0.0010806
min_CONPS                   97.579 
max_CONPS                   426.019 
mean_CONPS                  350.84 
stddev_CONPS                60.4668 
mean_ST, mean_time, stddev_ST: 350.84, 0.00301523, 60.4668 
-----ST_CON_VISITED_NODES-----
min_visited, max_visited, mean_visited, stddev_visited: 5, 702981, 11138.7, 71308.9
