SCALE 16
Edgefactor 16.0
MPI-Nodes 1
Num-ST-CON=100
Filename graphs/dense/amazon0505.txt
Seed1 238143774
Seed2 1568395888
ST-CON-RUN RED-V BLUE-V DEPTH MN-FOUND TIME(Sec) TEPS
0 188933 3667 4 1 0.00474051 4.82585e+06
1 74404 9683 3 1 0.00164554 2.25519e+06
2 135286 215176 4 1 0.00185001 2.72053e+06
3 3208 303658 3 1 0.00162161 660453
4 68426 198834 3 1 0.00161798 521022
5 87649 288439 3 1 0.00162118 807435
6 220622 3078 2 1 0.00145231 276112
7 353231 382026 5 1 0.00197904 2.41532e+06
8 4000 137573 3 1 0.00162351 1.0157e+06
9 112116 327654 4 1 0.00219418 8.13471e+06
10 84218 248014 4 1 0.00257612 1.44221e+07
11 45048 316839 4 1 0.00183544 6.8376e+06
12 113473 336725 4 1 0.0018142 3.90364e+06
13 95105 217497 3 1 0.00164859 4.26485e+06
14 39888 358164 3 1 0.00165122 3.35389e+06
15 105248 112804 4 1 0.00186118 7.06701e+06
16 144893 373063 2 1 0.00145857 82957.7
17 167267 254793 4 1 0.00181475 1.938e+06
18 280080 368553 3 1 0.00163393 764413
19 157852 257839 4 1 0.00259259 7.24718e+06
20 349929 152867 4 1 0.00185145 6.54568e+06
21 52512 181055 2 1 0.00145173 102636
22 386894 166069 4 1 0.00184909 6.91637e+06
23 360329 105093 3 1 0.00160952 614468
24 239658 380249 3 1 0.00159296 482749
25 287502 147362 5 1 0.00305741 1.99191e+07
26 111762 291037 5 1 0.00303094 1.80548e+07
27 37511 146525 4 1 0.00179882 4.7431e+06
28 192073 167185 4 1 0.00177801 3.88524e+06
29 64503 374214 3 1 0.00160375 2.11878e+06
30 272430 314788 5 1 0.00357901 4.35892e+07
31 238301 185699 4 1 0.00181491 5.58045e+06
32 344424 214347 4 1 0.00178118 3.37698e+06
33 198068 267417 4 1 0.00240806 9.7618e+06
34 193012 257894 4 1 0.00178363 3.07743e+06
35 272189 354856 3 1 0.00160039 2.27007e+06
36 288763 316180 3 1 0.00158445 814793
37 37197 157989 3 1 0.00159089 650580
38 337751 306725 4 1 0.0018399 6.16828e+06
39 240286 375615 3 1 0.00161123 1.76077e+06
40 144619 247954 4 1 0.00180696 8.94319e+06
41 264530 219377 4 1 0.00161669 7.57287e+06
42 41533 379177 3 1 0.00228013 9.97357e+06
43 288885 202681 3 1 0.00160878 1.92009e+06
44 49484 401760 3 1 0.0015868 1.34988e+06
45 225070 58166 4 1 0.00178703 3.68433e+06
46 82543 348862 4 1 0.00180002 5.07162e+06
47 46985 195800 4 1 0.00182369 5.99938e+06
48 326697 324182 3 1 0.00161122 2.27591e+06
49 171928 122721 3 1 0.00160949 763597
50 253733 29003 4 1 0.00179539 4.58452e+06
51 80023 48255 4 1 0.00179517 4.16061e+06
52 260776 65086 3 1 0.00158973 596957
53 3606 114192 3 1 0.00161963 3.32546e+06
54 65725 183736 4 1 0.00177645 2.92381e+06
55 45492 215789 4 1 0.00177938 3.336e+06
56 371724 127838 3 1 0.00223982 7.37202e+06
57 92920 40536 3 1 0.00160076 1.58925e+06
58 265471 77271 3 1 0.00159761 1.28567e+06
59 214690 129287 3 1 0.00159921 1.04239e+06
60 283491 316292 4 1 0.00176362 1.22362e+06
61 329584 80613 2 1 0.00142821 138635
62 251978 374245 3 1 0.00160326 546386
63 125637 10813 3 1 0.00160391 978859
64 356064 226466 4 1 0.0018176 7.98361e+06
65 280923 72248 4 1 0.00178934 4.45416e+06
66 32759 163756 4 1 0.00179946 6.42304e+06
67 365988 344285 4 1 0.00178214 2.59295e+06
68 403894 143220 4 1 0.00180147 4.81052e+06
69 1674 35843 2 1 0.00143837 134180
70 101297 33962 3 1 0.00160213 1.14348e+06
71 1072 77817 3 1 0.00160352 1.33082e+06
72 50196 217348 3 1 0.00160285 1.57407e+06
73 115198 306183 4 1 0.00176378 2.56608e+06
74 226044 207597 3 1 0.00159793 1.15774e+06
75 245694 23708 4 1 0.00213472 8.38471e+06
76 266520 125091 4 1 0.0018026 4.52069e+06
77 351958 24882 3 1 0.00166842 4.18959e+06
78 176378 360224 4 1 0.00152936 6.86236e+06
79 281288 138035 3 1 0.00161611 2.98123e+06
80 53363 157959 4 1 0.00271709 1.97954e+07
81 8921 294073 4 1 0.0018163 7.52517e+06
82 105907 322113 3 1 0.00162998 3.58531e+06
83 324760 177983 3 1 0.00160036 1.26846e+06
84 202793 307863 4 1 0.00181318 7.73284e+06
85 179318 377346 3 1 0.00165427 9.44466e+06
86 182665 222061 4 1 0.00176388 1.02785e+06
87 264625 96895 4 1 0.00247977 1.5576e+07
88 151727 277512 4 1 0.00210908 8.11208e+06
89 386909 134202 3 1 0.00160139 1.05908e+06
90 245859 264171 3 1 0.0015968 1.37713e+06
91 30265 334570 2 1 0.00144185 95710.4
92 367942 370108 3 1 0.00162161 796739
93 259342 345886 4 1 0.00180849 5.43881e+06
94 332972 26884 3 1 0.00160101 863207
95 283516 24821 4 1 0.00177088 3.91388e+06
96 72446 367827 4 1 0.00244411 1.08976e+07
97 77243 205202 4 1 0.00180877 6.71836e+06
98 209729 137657 3 1 0.00163357 3.92269e+06
99 27716 387216 4 1 0.00248256 1.864e+07
max-ST-CON-level 5
min_time 0.00142821 s
max_time 0.00474051 s
mean_time 0.00184517 s
stddev_time 0.000467194
min_CONPS                   210.948 
max_CONPS                   700.178 
mean_CONPS                  563.419 
stddev_CONPS                91.0283 
mean_ST, mean_time, stddev_ST: 563.419, 0.00184517, 91.0283 
-----ST_CON_VISITED_NODES-----
min_visited, max_visited, mean_visited, stddev_visited: 19, 23755, 1563.54, 2781.68
