SCALE 16
Edgefactor 16.0
MPI-Nodes 1
Num-ST-CON=100
Filename graphs/dense/amazon0505.txt
Seed1 1039937334
Seed2 1738322267
ST-CON-RUN RED-V BLUE-V DEPTH MN-FOUND TIME(Sec) TEPS
0 188933 3667 4 1 0.00470818 4.86048e+06
1 74404 9683 3 1 0.00164262 2.2592e+06
2 135286 215176 4 1 0.00181354 2.77524e+06
3 3208 303658 3 1 0.00164629 650554
4 68426 198834 3 1 0.00162214 525233
5 87649 288439 3 1 0.00162273 806667
6 220622 3078 2 1 0.00145945 274760
7 353231 382026 5 1 0.00197929 2.41501e+06
8 4000 137573 3 1 0.00164699 1.00426e+06
9 112116 327654 4 1 0.00221196 8.07159e+06
10 84218 248014 4 1 0.0025862 1.43639e+07
11 45048 316839 4 1 0.0018938 6.61842e+06
12 113473 336725 4 1 0.00183374 3.86369e+06
13 95105 217497 3 1 0.00166325 4.22727e+06
14 39888 358164 3 1 0.00165309 3.35553e+06
15 105248 112804 4 1 0.00186816 7.04061e+06
16 144893 373063 2 1 0.00146206 81392
17 167267 254793 4 1 0.00182464 1.92641e+06
18 280080 368553 3 1 0.00163972 762937
19 157852 257839 4 1 0.00257667 7.29196e+06
20 349929 152867 4 1 0.00184991 6.55598e+06
21 52512 181055 2 1 0.0014546 101059
22 386894 166069 4 1 0.00185428 6.89702e+06
23 360329 105093 3 1 0.0016257 614504
24 239658 380249 3 1 0.00162176 472942
25 287502 147362 5 1 0.0032411 1.87902e+07
26 111762 291037 5 1 0.00322683 1.69606e+07
27 37511 146525 4 1 0.00179897 4.74217e+06
28 192073 167185 4 1 0.00178419 3.87178e+06
29 64503 374214 3 1 0.00160552 2.11644e+06
30 272430 314788 5 1 0.0035611 4.38084e+07
31 238301 185699 4 1 0.00180305 5.6116e+06
32 344424 214347 4 1 0.00177108 3.39115e+06
33 198068 267417 4 1 0.0023936 9.82078e+06
34 193012 257894 4 1 0.00177924 3.08502e+06
35 272189 354856 3 1 0.00160356 2.26558e+06
36 288763 316180 3 1 0.00159565 809072
37 37197 157989 3 1 0.00160246 645883
38 337751 306725 4 1 0.00179729 6.3095e+06
39 240286 375615 3 1 0.00160125 1.77487e+06
40 144619 247954 4 1 0.00181136 8.92532e+06
41 264530 219377 4 1 0.00180334 6.78576e+06
42 41533 379177 3 1 0.00225073 1.01056e+07
43 288885 202681 3 1 0.00159766 1.93345e+06
44 49484 401760 3 1 0.0016019 1.33716e+06
45 225070 58166 4 1 0.00177887 3.70124e+06
46 82543 348862 4 1 0.00180889 5.05282e+06
47 46985 195800 4 1 0.00181128 6.04547e+06
48 326697 324182 3 1 0.00168404 2.1775e+06
49 171928 122721 3 1 0.00159446 770794
50 253733 29003 4 1 0.0018191 4.52476e+06
51 80023 48255 4 1 0.00182382 4.09745e+06
52 260776 65086 3 1 0.00159515 594929
53 3606 114192 3 1 0.00161916 3.32641e+06
54 65725 183736 4 1 0.00180254 2.8765e+06
55 45492 215789 4 1 0.0017908 3.30857e+06
56 371724 127838 3 1 0.00223785 7.37808e+06
57 92920 40536 3 1 0.00160249 1.58753e+06
58 265471 77271 3 1 0.00149493 1.38e+06
59 214690 129287 3 1 0.00161142 1.03201e+06
60 283491 316292 4 1 0.00176638 1.22171e+06
61 329584 80613 2 1 0.00146136 135490
62 251978 374245 3 1 0.00159272 551257
63 125637 10813 3 1 0.00160784 976466
64 356064 226466 4 1 0.00181271 8.00073e+06
65 280923 72248 4 1 0.00179506 4.44052e+06
66 32759 163756 4 1 0.00181059 6.383e+06
67 365988 344285 4 1 0.00176149 2.62789e+06
68 403894 143220 4 1 0.0017964 4.81965e+06
69 1674 35843 2 1 0.0014287 134388
70 101297 33962 3 1 0.00159702 1.14713e+06
71 1072 77817 3 1 0.00162476 1.31343e+06
72 50196 217348 3 1 0.00160468 1.57228e+06
73 115198 306183 4 1 0.00181081 2.49833e+06
74 226044 207597 3 1 0.00159266 1.16158e+06
75 245694 23708 4 1 0.00213623 8.38157e+06
76 266520 125091 4 1 0.00179518 4.53604e+06
77 351958 24882 3 1 0.00162108 4.31193e+06
78 176378 360224 4 1 0.00178373 5.88206e+06
79 281288 138035 3 1 0.00131104 3.6757e+06
80 53363 157959 4 1 0.00277002 1.94172e+07
81 8921 294073 4 1 0.00180679 7.5659e+06
82 105907 322113 3 1 0.00162518 3.59223e+06
83 324760 177983 3 1 0.00160436 1.2653e+06
84 202793 307863 4 1 0.00182917 7.66523e+06
85 179318 377346 3 1 0.00166264 9.39709e+06
86 182665 222061 4 1 0.00179348 1.01088e+06
87 264625 96895 4 1 0.00248152 1.5565e+07
88 151727 277512 4 1 0.00211258 8.09861e+06
89 386909 134202 3 1 0.0016025 1.05959e+06
90 245859 264171 3 1 0.00161602 1.35704e+06
91 30265 334570 2 1 0.00144073 95785.1
92 367942 370108 3 1 0.00160308 801584
93 259342 345886 4 1 0.00178951 5.49647e+06
94 332972 26884 3 1 0.0016084 863591
95 283516 24821 4 1 0.00178872 3.87428e+06
96 72446 367827 4 1 0.00244227 1.09059e+07
97 77243 205202 4 1 0.00180273 6.73812e+06
98 209729 137657 3 1 0.00161109 3.98303e+06
99 27716 387216 4 1 0.00247876 1.86686e+07
max-ST-CON-level 5
min_time 0.00131104 s
max_time 0.00470818 s
mean_time 0.00185245 s
stddev_time 0.000475985
min_CONPS                   212.397 
max_CONPS                   762.752 
mean_CONPS                  562.107 
stddev_CONPS                93.2645 
mean_ST, mean_time, stddev_ST: 562.107, 0.00185245, 93.2645 
-----ST_CON_VISITED_NODES-----
min_visited, max_visited, mean_visited, stddev_visited: 19, 23755, 1563.55, 2781.66
