SCALE 16
Edgefactor 16.0
MPI-Nodes 1
Num-ST-CON=100
Filename graphs/symmetric/hugebubbles-00020.mtx.alt
Seed1 316252418
Seed2 1775010384
ST-CON-RUN RED-V BLUE-V DEPTH MN-FOUND TIME(Sec) TEPS
0 9762728 189497 1168 1 1.8818 3.6024e+06
1 3844706 500387 1055 1 1.65028 3.3366e+06
2 6990627 11118797 1683 1 2.65889 4.22173e+06
3 165774 15690906 1534 1 2.40126 4.25982e+06
4 3535776 10274326 1786 1 2.82304 4.56801e+06
5 4529083 14904477 809 1 1.27259 2.72352e+06
6 11400193 159055 1763 1 2.76865 4.9143e+06
7 18252485 19740385 402 1 0.625208 1.39133e+06
8 206728 7108836 372 1 0.567383 1.13551e+06
9 5793378 16930851 1662 1 2.62947 4.76749e+06
10 4351805 12815609 2203 1 3.48988 5.45366e+06
11 2327764 16372009 1315 1 2.06716 4.15025e+06
12 5863479 17399551 1123 1 1.74326 2.43936e+06
13 4914370 11238733 2539 1 4.03839 5.57234e+06
14 2061177 18507402 2490 1 3.87853 5.35675e+06
15 5438499 5828957 1417 1 2.22744 4.19385e+06
16 7487064 19277246 907 1 1.42491 2.94361e+06
17 8643207 13165919 924 1 1.43807 2.64989e+06
18 14472541 19044240 992 1 1.51413 2.55865e+06
19 8156696 13323327 2247 1 3.51035 4.59807e+06
20 18081855 7899119 2721 1 4.32044 5.28901e+06
21 2713464 9355632 2775 1 4.38378 5.37863e+06
22 19991940 8581305 1285 1 2.02607 3.36326e+06
23 18619252 5430491 2939 1 4.67008 5.50744e+06
24 12383826 19648562 1171 1 1.81073 2.842e+06
25 14856091 7614627 2953 1 4.63966 5.04766e+06
26 5775073 15038755 779 1 1.18484 2.01581e+06
27 1938343 7571392 964 1 1.51849 3.07683e+06
28 9925007 8638956 1518 1 2.30994 2.91078e+06
29 3333081 19336729 2425 1 3.86727 5.9547e+06
30 14077286 16266020 1964 1 3.08205 5.11734e+06
31 12313737 9595643 1806 1 2.79868 3.66078e+06
32 17797407 11075952 566 1 0.816919 1.15874e+06
33 10234789 13818209 1598 1 2.54735 4.82373e+06
34 9973483 13326127 1161 1 1.82156 3.1359e+06
35 14064832 18336433 1954 1 3.09591 4.4863e+06
36 14921225 16337926 1562 1 2.4599 4.02146e+06
37 1922104 8163791 2892 1 4.58297 5.08966e+06
38 17452580 15849401 2389 1 3.76522 4.4768e+06
39 12416278 19409126 574 1 0.867395 1.54696e+06
40 7472886 12812523 2234 1 3.5512 5.64703e+06
41 13669071 11335855 1575 1 2.46038 3.81023e+06
42 2146167 19593172 1334 1 2.10507 4.18706e+06
43 14927546 10473119 3103 1 4.93054 5.36374e+06
44 2556983 20760139 2044 1 3.25902 5.82034e+06
45 11630038 3005646 2396 1 3.79322 4.95506e+06
46 4265238 18026748 569 1 0.883739 1.86656e+06
47 2427852 10117569 1960 1 3.10702 5.02021e+06
48 16881389 16751462 1737 1 2.7201 3.99412e+06
49 8884016 6341355 1622 1 2.54036 3.73213e+06
50 13111157 1498706 1952 1 3.11401 5.21821e+06
51 4135036 2493475 1579 1 2.45996 3.37809e+06
52 13475093 3363201 2269 1 3.59214 4.86389e+06
53 186342 5900645 649 1 1.00535 1.95915e+06
54 3396241 9494182 2577 1 4.09456 5.32151e+06
55 2350726 11150474 1589 1 2.47593 3.56168e+06
56 19208062 6605778 1876 1 2.96536 4.22143e+06
57 4801483 2094611 2556 1 4.07463 6.24311e+06
58 13717658 3992833 2954 1 4.63385 5.19654e+06
59 11093669 6680666 1020 1 1.61367 3.16205e+06
60 14648806 16343726 1691 1 2.66974 3.96872e+06
61 17030588 4165544 1395 1 2.15702 3.07169e+06
62 13020451 19338356 487 1 0.715388 1.22728e+06
63 6492047 558781 950 1 1.4998 3.00414e+06
64 18398895 11702181 1559 1 2.46678 4.11378e+06
65 14516123 3733285 1400 1 2.2229 4.535e+06
66 1692763 8461761 531 1 0.79354 1.51015e+06
67 18911687 17790223 2105 1 3.35564 5.3552e+06
68 20870383 7400611 1053 1 1.65562 3.30644e+06
69 86551 1852115 1514 1 2.29978 2.94823e+06
70 5234331 1754947 1355 1 2.14718 3.96147e+06
71 55412 4021068 664 1 1.00124 1.62899e+06
72 2593782 11231013 2965 1 4.71298 5.21939e+06
73 5952614 15821366 1347 1 2.09915 3.7817e+06
74 11680359 10727157 2764 1 4.35587 4.96231e+06
75 12695752 1225086 1853 1 2.93092 4.96162e+06
76 13771860 6463810 1501 1 2.32332 3.29103e+06
77 18186725 1285743 2666 1 4.24053 4.84748e+06
78 9113995 18613835 1034 1 1.62094 3.10557e+06
79 14534975 7132698 1817 1 2.77609 3.27266e+06
80 2757444 8162211 2567 1 4.08063 5.27516e+06
81 461007 15195607 1056 1 1.63153 2.72982e+06
82 5472560 16644533 1862 1 2.97349 5.90781e+06
83 16781295 9196917 510 1 0.777223 1.4939e+06
84 10478925 15908193 1068 1 1.63333 2.4804e+06
85 9265902 19498566 1208 1 1.88655 3.10282e+06
86 9438860 11474541 1497 1 2.32381 3.1885e+06
87 13673982 5006872 999 1 1.56538 2.86519e+06
88 7840199 14339877 1625 1 2.58611 5.17623e+06
89 19992699 6934605 1077 1 1.69715 3.64176e+06
90 12704275 13650479 1289 1 1.98073 3.09343e+06
91 1563919 17288241 2152 1 3.42466 5.07694e+06
92 19012665 19124577 1739 1 2.76885 4.68081e+06
93 13400982 17872934 2649 1 4.18889 5.55123e+06
94 17205633 1389222 704 1 1.10062 2.21089e+06
95 14650086 1282584 833 1 1.30018 2.60416e+06
96 3743530 19006711 2922 1 4.65585 5.71519e+06
97 3991407 10603380 1881 1 2.98658 4.79638e+06
98 10837347 7113148 1602 1 2.50355 3.41055e+06
99 1432198 20008574 970 1 1.51838 3.16239e+06
max-ST-CON-level 3103
min_time 0.567383 s
max_time 4.93054 s
mean_time 2.56188 s
stddev_time 1.13364
min_CONPS                   0.202818 
max_CONPS                   1.76248 
mean_CONPS                  0.504476 
stddev_CONPS                0.311916 
mean_ST, mean_time, stddev_ST: 0.504476, 2.56188, 0.311916 
-----ST_CON_VISITED_NODES-----
min_visited, max_visited, mean_visited, stddev_visited: 429547, 1.77425e+07, 7.521e+06, 4.99621e+06
