SCALE 16
Edgefactor 16.0
MPI-Nodes 1
Num-ST-CON=100
Filename graphs/dense/soc-Epinions1.txt
Seed1 645453980
Seed2 67436790
ST-CON-RUN RED-V BLUE-V DEPTH MN-FOUND TIME(Sec) TEPS
0 34950 678 2 1 0.000612153 1.24266e+07
1 13763 1791 2 1 0.000565291 362645
2 25026 39805 2 1 0.000558647 760767
3 593 56173 2 1 0.000562801 4.30347e+06
4 12658 36781 2 1 0.00055628 2.70188e+06
5 16214 53357 2 1 0.000565737 436599
6 40812 569 2 1 0.000556864 5.94759e+06
7 65343 70670 4 1 0.000894254 2.5646e+07
8 740 25449 2 1 0.000559233 241402
9 20740 60612 3 1 0.000746066 7.57051e+07
10 15579 45879 2 1 0.000562616 570549
11 8333 58611 3 1 0.000729915 1.14356e+07
12 20991 62290 2 1 0.000557019 211842
13 17593 40234 2 1 0.000557661 2.48359e+06
14 7378 66256 3 1 0.00075443 8.9787e+07
15 19469 20867 2 1 0.000562887 1.11035e+06
16 26803 69012 3 1 0.000721283 9.78811e+06
17 30942 47133 3 1 0.000730564 1.63627e+07
18 51811 68178 3 1 0.000715305 1.16034e+06
19 29200 47697 3 1 0.000742979 4.71615e+06
20 64732 28278 3 1 0.000731552 1.61807e+07
21 9714 33493 2 1 0.000562325 784244
22 71570 30720 2 1 0.000559725 659252
23 66656 19441 2 1 0.000562269 1.95992e+06
24 44333 70341 3 1 0.000718367 2.5558e+06
25 53184 27260 2 1 0.000559707 248344
26 20674 53838 2 1 0.00055948 1.85887e+06
27 6939 27105 2 1 0.000561554 1.08627e+06
28 35531 30927 2 1 0.000562352 355649
29 11932 69225 3 1 0.000747587 5.5536e+07
30 50396 58232 3 1 0.000750753 1.04562e+06
31 44083 34352 2 1 0.000586025 1.09722e+06
32 63714 39651 3 1 0.000769289 1.60096e+07
33 36640 49469 3 1 0.000743652 3.85785e+07
34 35704 47707 2 1 0.000560605 396001
35 50351 65644 3 1 0.000722659 899456
36 53417 58489 3 1 0.000722236 222919
37 6881 29226 2 1 0.000562625 547434
38 62480 56740 3 1 0.000721864 786852
39 44450 69484 4 1 0.000896339 1.39066e+07
40 26752 45868 3 1 0.000761933 9.34334e+06
41 48935 40582 2 1 0.000624353 267477
42 7683 70143 3 1 0.000736096 2.60496e+07
43 53440 37493 2 1 0.000565008 635389
44 9153 74321 2 1 0.000562349 487242
45 41635 10760 2 1 0.000593883 2.52407e+06
46 15269 64535 3 1 0.00073386 2.17657e+07
47 8691 36220 2 1 0.00056599 2.19438e+06
48 60435 59970 3 1 0.0007233 2.16369e+06
49 31804 22701 2 1 0.000561221 372402
50 46937 5365 2 1 0.000587181 323580
51 14803 8926 2 1 0.000563664 534006
52 48240 12040 2 1 0.000561881 749269
53 667 21124 2 1 0.000564476 5.79121e+06
54 12158 33989 2 1 0.000566128 286154
55 8415 39918 2 1 0.000566789 3.26753e+06
56 68764 23648 3 1 0.00072697 8.87932e+06
57 17189 7498 2 1 0.000565725 1.32043e+06
58 49109 14294 3 1 0.000748843 5.06475e+07
59 39715 23916 3 1 0.00076893 7.47337e+07
60 52442 58510 3 1 0.000725362 311569
61 60969 14912 3 1 0.00135738 1.01966e+08
62 46613 69231 2 1 0.000560988 106954
63 23241 2000 2 1 0.000609364 3.79412e+06
64 65867 41893 2 1 0.000562012 743756
65 51967 13365 2 1 0.000562232 366397
66 6060 30292 2 1 0.000562688 467399
67 67703 63688 3 1 0.000722096 306054
68 74715 26494 2 1 0.000561572 372170
69 309 6630 2 1 0.000569085 2.41264e+06
70 18738 6282 2 1 0.000642923 5.29457e+06
71 198 14395 1 1 0.000431899 479279
72 9285 40206 2 1 0.000567013 276890
73 21310 56640 2 1 0.000566837 6.92792e+06
74 41815 38403 2 1 0.00056298 710505
75 45450 4385 2 1 0.000595052 1.01672e+06
76 49303 23140 2 1 0.000596115 942771
77 65108 4602 3 1 0.000765036 9.37864e+07
78 32627 66637 2 1 0.000568169 728656
79 52035 25534 2 1 0.000565416 509360
80 9871 29220 2 1 0.000563049 490188
81 1650 54400 2 1 0.000567065 9.27759e+06
82 19591 59587 2 1 0.000564895 430168
83 60076 32924 2 1 0.000565699 889165
84 37514 56951 3 1 0.000728273 7.45737e+06
85 33171 69804 3 1 0.000736179 6.2675e+06
86 33790 41078 3 1 0.00073331 1.54532e+07
87 48952 17924 2 1 0.000567683 472094
88 28067 51336 3 1 0.000739433 2.12541e+07
89 71573 24825 2 1 0.000568457 592833
90 45481 48868 2 1 0.000565027 591122
91 5598 61891 3 1 0.000734887 1.4292e+07
92 68065 68465 3 1 0.00072324 345667
93 47975 63984 3 1 0.00073182 461862
94 61595 4973 3 1 0.000765749 6.91558e+07
95 52447 4591 3 1 0.000773082 4.74206e+07
96 13401 68043 3 1 0.000740792 1.62691e+07
97 14289 37959 2 1 0.000595646 2.17411e+06
98 38797 25464 2 1 0.000563182 552219
99 5127 71630 2 1 0.000567558 2.04737e+06
max-ST-CON-level 4
min_time 0.000431899 s
max_time 0.00135738 s
mean_time 0.000643708 s
stddev_time 0.00011707
min_CONPS                   736.712 
max_CONPS                   2315.36 
mean_CONPS                  1593.94 
stddev_CONPS                236.058 
mean_ST, mean_time, stddev_ST: 1593.94, 0.000643708, 236.058 
-----ST_CON_VISITED_NODES-----
min_visited, max_visited, mean_visited, stddev_visited: 3, 4432, 237.7, 603.533
