SCALE 16
Edgefactor 16.0
MPI-Nodes 1
Num-ST-CON=100
Filename graphs/streets/great-britain_osm.mtx.txt.alt
Seed1 324410244
Seed2 1376423940
ST-CON-RUN RED-V BLUE-V DEPTH MN-FOUND TIME(Sec) TEPS
0 3561788 69135 755 1 0.561164 3.68749e+06
1 1402684 182559 1682 1 1.16418 3.81025e+06
2 2550428 4056530 213 1 0.139501 589931
3 60480 5724597 566 1 0.365677 2.9088e+06
4 1289976 3748437 2027 1 1.41219 4.6137e+06
5 1652369 5437680 437 1 0.251441 646534
6 4159193 58028 389 1 0.264543 2.84574e+06
7 6659152 7201990 429 1 0.254853 1.58151e+06
8 75421 2593555 273 1 0.175855 1.93937e+06
9 2113629 6176973 395 1 0.240465 1.98627e+06
10 1587692 4675587 1356 1 0.972554 4.33425e+06
11 849250 5973087 1021 1 0.598744 2.88839e+06
12 2139204 6347971 371 1 0.219106 847349
13 1792935 4100287 1095 1 0.759849 3.78236e+06
14 751990 6752154 1684 1 1.24442 4.89392e+06
15 1984156 2126609 2735 1 1.91806 3.82837e+06
16 2731545 7033020 1199 1 0.861252 4.77134e+06
17 3153347 4803392 2028 1 1.48066 4.14744e+06
18 5280094 6948012 528 1 0.305736 1.55915e+06
19 2975851 4860820 1070 1 0.743382 3.75905e+06
20 6596900 2881878 198 1 0.133859 1.26488e+06
21 989967 3413265 238 1 0.153363 1.21228e+06
22 7293766 3130763 638 1 0.437428 3.27575e+06
23 6792961 1981235 668 1 0.46424 3.47228e+06
24 4518057 7168490 541 1 0.317073 1.46093e+06
25 5420027 2778085 2541 1 1.85412 3.93596e+06
26 2106951 5486669 270 1 0.169202 1.16663e+06
27 707176 2762311 491 1 0.289744 2.28316e+06
28 3620993 3151796 1059 1 0.737114 4.03716e+06
29 1216026 7054722 1212 1 0.807236 3.3906e+06
30 5135891 5934419 818 1 0.472472 2.67393e+06
31 4492486 3500829 981 1 0.545055 2.44184e+06
32 6493123 4040899 918 1 0.596204 3.15779e+06
33 3734012 5041371 1078 1 0.737242 4.05985e+06
34 3638679 4861842 556 1 0.311275 1.71094e+06
35 5131348 6689779 1112 1 0.775269 3.60661e+06
36 5443790 5960653 1007 1 0.71908 3.75974e+06
37 701251 2978439 1116 1 0.796138 3.93478e+06
38 6367318 5782421 1035 1 0.756166 4.55814e+06
39 4529897 7081135 1425 1 1.01461 4.60304e+06
40 2726373 4674461 1293 1 0.908421 4.21884e+06
41 4986960 4135720 258 1 0.16233 511920
42 782997 7148282 222 1 0.145849 1.12032e+06
43 5446096 3820964 880 1 0.649293 4.3011e+06
44 932878 7574032 1216 1 0.901523 3.92938e+06
45 4243049 1096566 870 1 0.612793 3.70163e+06
46 1556109 6576795 1046 1 0.693785 3.71316e+06
47 885766 3691247 379 1 0.223235 1.21653e+06
48 6158927 6111525 510 1 0.327153 2.24986e+06
49 3241203 2313550 1336 1 0.989455 4.4723e+06
50 4783413 546781 1651 1 1.05654 3.7747e+06
51 1508607 909708 1069 1 0.779044 4.90981e+06
52 4916190 1227014 143 1 0.105786 576440
53 67984 2152764 498 1 0.284786 1.70758e+06
54 1239068 3463813 1176 1 0.83419 5.24855e+06
55 857628 4068087 814 1 0.583484 4.065e+06
56 7007780 2410021 2090 1 1.39727 4.08544e+06
57 1751750 764188 868 1 0.467152 1.71175e+06
58 5004686 1456726 949 1 0.651621 3.41019e+06
59 4047362 2437343 829 1 0.602585 4.7318e+06
60 5344402 5962769 622 1 0.393582 2.51214e+06
61 6213360 1519738 2404 1 1.50406 3.8196e+06
62 4750321 7055316 1469 1 0.903001 3.01903e+06
63 2368528 203863 381 1 0.258408 2.37597e+06
64 6712567 4269369 386 1 0.254161 1.95526e+06
65 5295995 1362034 1912 1 1.45779 4.73181e+06
66 617580 3087149 620 1 0.413348 3.04406e+06
67 6899652 6490502 1815 1 1.36723 4.91854e+06
68 7614253 2700004 1053 1 0.659405 3.04732e+06
69 31577 675717 1346 1 0.971602 4.17009e+06
70 1909669 640266 818 1 0.591768 3.69099e+06
71 20216 1467027 594 1 0.395185 2.9867e+06
72 946303 4097470 720 1 0.506799 3.74226e+06
73 2171724 5772193 449 1 0.298396 2.28802e+06
74 4261408 3913646 1179 1 0.832997 3.43664e+06
75 4631859 446954 671 1 0.402729 2.57165e+06
76 5024461 2358226 680 1 0.492431 3.61479e+06
77 6635160 469084 664 1 0.4163 2.12252e+06
78 3325107 6790985 1117 1 0.783886 3.90551e+06
79 5302873 2602260 618 1 0.3712 2.18655e+06
80 1006013 2977863 2383 1 1.68766 3.93021e+06
81 168192 5543894 860 1 0.600697 3.86199e+06
82 1996583 6072514 676 1 0.435395 2.48837e+06
83 6122410 3355360 587 1 0.370251 2.3713e+06
84 3823082 5803871 497 1 0.322819 2.31123e+06
85 3380528 7113766 286 1 0.184762 1.84092e+06
86 3443630 4186318 631 1 0.410009 2.96597e+06
87 4988752 1826684 540 1 0.321262 2.09343e+06
88 2860381 5231694 1074 1 0.733864 4.11669e+06
89 7294043 2529989 577 1 0.373742 2.69826e+06
90 4634968 4980177 638 1 0.415246 2.95053e+06
91 570573 6307361 363 1 0.214404 693396
92 6936492 6977322 1042 1 0.698797 3.54621e+06
93 4889152 6520678 1437 1 1.06874 4.89217e+06
94 6277223 506837 2069 1 1.52189 4.54568e+06
95 5344869 467932 1008 1 0.675044 3.97056e+06
96 1365772 6934320 1061 1 0.794968 5.32852e+06
97 1456206 3868488 1112 1 0.642248 3.22017e+06
98 3953847 2595127 659 1 0.459964 3.66543e+06
99 522516 7299835 1488 1 0.961856 3.54189e+06
max-ST-CON-level 2735
min_time 0.105786 s
max_time 1.91806 s
mean_time 0.645647 s
stddev_time 0.407499
min_CONPS                   0.521359 
max_CONPS                   9.45309 
mean_CONPS                  2.37294 
stddev_CONPS                1.746 
mean_ST, mean_time, stddev_ST: 2.37294, 0.645647, 1.746 
-----ST_CON_VISITED_NODES-----
min_visited, max_visited, mean_visited, stddev_visited: 56173, 6.95749e+06, 2.24935e+06, 1.86615e+06
