SCALE 16
Edgefactor 16.0
MPI-Nodes 1
Num-ST-CON=100
Filename graphs/streets/roadNet-CA.mtx.txt.alt
Seed1 1064707911
Seed2 39086334
ST-CON-RUN RED-V BLUE-V DEPTH MN-FOUND TIME(Sec) TEPS
0 907868 17622 150 1 0.0930504 1.18569e+07
1 357531 46532 171 1 0.0750621 8.2893e+06
2 650081 1033973 243 1 0.121787 1.48468e+07
3 15415 1459148 161 1 0.0845471 1.40425e+07
4 328803 955443 200 1 0.10485 1.26198e+07
5 421174 1386016 147 1 0.0748538 8.73271e+06
6 1060141 14791 233 1 0.122606 1.39304e+07
7 1697358 1835723 74 1 0.0272535 3.08834e+06
8 19224 661074 111 1 0.0586052 1.00009e+07
9 538745 1574455 72 1 0.0308302 4.36808e+06
10 404688 1191765 176 1 0.0890067 1.1739e+07
11 216466 1522487 137 1 0.0625684 7.62615e+06
12 545264 1618041 132 1 0.0646264 1.03235e+07
13 457003 1045126 212 1 0.100031 1.00755e+07
14 191675 1721064 214 1 0.0974651 1.0115e+07
15 505743 542053 60 1 0.024073 3.11158e+06
16 696246 1792654 173 1 0.0884578 1.45542e+07
17 803760 1224342 326 1 0.150742 1.21395e+07
18 1345849 1770986 211 1 0.106865 1.58875e+07
19 758517 1238980 246 1 0.124145 1.65435e+07
20 1681491 734565 141 1 0.0754987 1.1025e+07
21 252333 870011 140 1 0.0620394 8.72623e+06
22 1859116 798003 109 1 0.0487158 6.50409e+06
23 1731465 504999 271 1 0.13626 1.18588e+07
24 1151612 1827184 110 1 0.0529018 7.39057e+06
25 1381516 708109 268 1 0.135839 1.37527e+07
26 537043 1398503 95 1 0.0372057 4.85974e+06
27 180252 704088 107 1 0.0509873 6.47181e+06
28 922959 803364 347 1 0.177143 1.16539e+07
29 309954 1798186 265 1 0.128749 1.47832e+07
30 1309093 1512630 190 1 0.0875629 1.2366e+07
31 1145094 892330 279 1 0.137194 1.51805e+07
32 1655039 1029989 168 1 0.0835656 1.14092e+07
33 951766 1285000 66 1 0.0305359 4.28453e+06
34 927466 1239240 87 1 0.042207 6.09406e+06
35 1307935 1705165 354 1 0.178729 1.34185e+07
36 1387573 1519317 141 1 0.063857 7.56261e+06
37 178742 759177 154 1 0.0644288 6.45845e+06
38 1622972 1473887 66 1 0.028536 3.46422e+06
39 1154630 1804918 72 1 0.0330274 4.22946e+06
40 694928 1191478 200 1 0.107112 1.65292e+07
41 1271131 1054158 56 1 0.0229816 2.94701e+06
42 199579 1822033 202 1 0.0977753 8.60534e+06
43 1388161 973929 77 1 0.0363658 4.81606e+06
44 237782 1930553 130 1 0.0588652 7.50662e+06
45 1081515 279504 255 1 0.128333 1.49266e+07
46 396638 1676366 249 1 0.126469 1.50092e+07
47 225774 940866 200 1 0.0982402 1.27675e+07
48 1569855 1557773 89 1 0.0448274 6.06612e+06
49 826153 589703 166 1 0.0750368 1.00478e+07
50 1219249 139369 225 1 0.121246 1.58694e+07
51 384530 231876 81 1 0.029867 3.59712e+06
52 1253093 312755 44 1 0.0198621 1.33783e+06
53 17328 548720 133 1 0.0676536 1.20941e+07
54 315827 882895 677 0 0.306582 9.00377e+06
55 218601 1036919 211 1 0.0941713 8.89494e+06
56 1786220 614293 209 1 0.105733 1.61131e+07
57 446505 194784 93 1 0.0402682 5.14329e+06
58 1275650 371306 94 1 0.041169 5.31466e+06
59 1031636 621257 317 1 0.162664 1.41252e+07
60 1362240 1519856 125 1 0.0631441 8.42461e+06
61 1583730 387367 121 1 0.0560846 6.94563e+06
62 1210814 1798337 199 1 0.0913749 1.22847e+07
63 603716 51962 239 1 0.125642 1.61996e+07
64 1710973 1088224 309 1 0.15088 1.31751e+07
65 1349902 347170 70 1 0.026282 3.40236e+06
66 157415 786887 117 1 0.0528385 6.01355e+06
67 1758660 1654371 46 1 0.0204751 1.94334e+06
68 1940805 688207 86 1 0.0336206 4.52342e+06
69 8048 172234 107 1 0.0501371 6.6371e+06
70 486757 163198 118 1 0.0468099 4.60745e+06
71 5152 373932 185 1 0.0981474 1.45772e+07
72 241204 1044408 152 1 0.0645706 6.09096e+06
73 553553 1471280 138 1 0.0677429 1.09728e+07
74 1086195 997553 289 1 0.146298 1.40148e+07
75 1180619 113924 63 1 0.0297075 4.55343e+06
76 1280690 601091 59 1 0.026688 3.40899e+06
77 1691243 119565 156 1 0.0774688 9.85495e+06
78 847540 1730961 188 1 0.0850373 9.07916e+06
79 1351655 663293 83 1 0.0358894 4.80813e+06
80 256423 759030 51 1 0.0214643 900006
81 42870 1413089 194 1 0.104658 1.55165e+07
82 508911 1547829 126 1 0.067267 1.25835e+07
83 1560547 855251 101 1 0.03802 4.22683e+06
84 974469 1479355 194 1 0.10181 1.6855e+07
85 861666 1813235 112 1 0.0501073 8.16789e+06
86 877750 1067055 235 1 0.121842 1.62074e+07
87 1271588 465605 256 1 0.13335 1.66805e+07
88 729085 1333512 178 1 0.0946976 1.60131e+07
89 1859186 644871 134 1 0.0627053 9.31769e+06
90 1181412 1269402 240 1 0.12868 1.6936e+07
91 145434 1607690 66 1 0.0284285 3.91185e+06
92 1768050 1778457 41 1 0.0191539 878204
93 1246201 1662062 235 1 0.121954 1.49427e+07
94 1600008 129188 72 1 0.0309957 3.71487e+06
95 1362359 119271 176 1 0.0959033 1.45818e+07
96 348123 1767496 157 1 0.0789323 1.3606e+07
97 371174 986043 110 1 0.0488979 6.1177e+06
98 1007800 661475 190 1 0.097377 1.45314e+07
99 133184 1591548 116 1 0.053653 8.27625e+06
max-ST-CON-level 677
min_time 0.0191539 s
max_time 0.306582 s
mean_time 0.0799037 s
stddev_time 0.0460227
min_CONPS                   3.26177 
max_CONPS                   52.2088 
mean_CONPS                  17.7273 
stddev_CONPS                11.4307 
mean_ST, mean_time, stddev_ST: 17.7273, 0.0799037, 11.4307 
-----ST_CON_VISITED_NODES-----
min_visited, max_visited, mean_visited, stddev_visited: 12393, 1.95703e+06, 652768, 525108
