SCALE 16
Edgefactor 16.0
MPI-Nodes 1
Num-ST-CON=100
Filename graphs/dense/com-youtube.txt
Seed1 2141694192
Seed2 2022823476
ST-CON-RUN RED-V BLUE-V DEPTH MN-FOUND TIME(Sec) TEPS
0 533234 27330 2 1 0.00892585 324115
1 209995 607302 3 1 0.00344985 3.05346e+07
2 381823 857028 3 1 0.00267312 1.41969e+06
3 9054 561177 3 1 0.00409222 8.51653e+07
4 193122 814073 3 1 0.00273222 2.88264e+06
5 247375 8687 2 1 0.0024541 527281
6 622671 1078208 4 1 0.002929 1.13544e+07
7 996940 388280 4 1 0.00393771 1.32219e+07
8 11291 924753 2 1 0.00244452 677434
9 316430 699981 2 1 0.00251438 143574
10 237693 894229 3 1 0.00271906 1.59886e+07
11 127141 950353 2 1 0.00271763 79848.8
12 320259 613853 3 1 0.00270837 2.74963e+06
13 268420 1010863 4 1 0.00439637 1.26372e+08
14 112580 318374 2 1 0.00244546 738102
15 297047 1052911 3 1 0.00267645 594818
16 408939 719114 3 1 0.0033381 1.06992e+07
17 472086 1040185 3 1 0.002651 134666
18 790481 727712 2 1 0.00242316 92441.2
19 445513 431445 3 1 0.00269216 323904
20 987620 510999 4 1 0.00407872 8.37179e+07
21 148207 468705 3 1 0.00274243 1.06526e+07
22 1091948 296610 4 1 0.00399651 6.11405e+07
23 1016972 1073192 4 1 0.00393413 5.47285e+07
24 676397 415906 3 1 0.00336636 2.96148e+07
25 811431 821408 3 1 0.00262295 361807
26 315431 413545 2 1 0.00243272 107287
27 105871 471854 2 1 0.00243851 3.38485e+06
28 542098 1056160 3 1 0.00326382 5.41144e+06
29 182050 524108 3 1 0.00270543 9.94701e+06
30 768893 604962 3 1 0.00264422 2.06791e+06
31 672569 754742 3 1 0.00269384 7.04311e+06
32 972084 727865 3 1 0.00269724 1.24349e+06
33 559018 1001525 4 1 0.00285996 2.8399e+06
34 544745 445901 3 1 0.00263522 1.23557e+06
35 768212 865685 3 1 0.00264614 761864
36 814988 1060115 3 1 0.00262213 1.7604e+06
37 104984 699812 2 1 0.00244083 367907
38 953249 619157 4 1 0.00283538 138958
39 678169 1070167 3 1 0.00330687 1.2067e+07
40 408164 572035 3 1 0.00265022 2.97447e+06
41 746596 1133906 3 1 0.00328376 7.4902e+06
42 117222 164166 2 1 0.00244422 467225
43 815333 984610 4 1 0.00284659 2.95793e+06
44 139660 552615 3 1 0.00386129 8.95941e+07
45 635225 914955 6 1 0.0100266 2.458e+08
46 232964 346361 3 1 0.00273642 780582
47 132607 81858 2 1 0.0024324 85512.4
48 922051 136192 3 1 0.00271436 1.21089e+07
49 485239 183696 3 1 0.00268261 1.30358e+06
50 716123 322289 3 1 0.00267797 1.93355e+06
51 225853 518566 3 1 0.00268626 8.25198e+06
52 736001 609032 3 1 0.00262997 821681
53 10177 360803 2 1 0.0024205 83866.9
54 185500 114406 2 1 0.00243926 88141.6
55 128395 218086 3 1 0.00333081 1.36531e+07
56 1049133 364894 3 1 0.00266027 1.47917e+06
57 262254 892684 3 1 0.00264123 304403
58 749250 227519 3 1 0.00264567 1.04926e+06
59 605929 1056249 4 1 0.00284799 330409
60 800109 30520 3 1 0.0026745 4.72575e+06
61 930200 203909 3 1 0.00269137 4.98779e+06
62 711169 462176 2 1 0.00244522 108784
63 354591 971691 4 1 0.00291254 4.10604e+06
64 1004936 404217 5 1 0.00558957 1.79522e+08
65 792862 101161 3 1 0.0026992 4.04787e+06
66 92457 95854 2 1 0.00246242 179499
67 1032945 219628 3 1 0.00265016 253569
68 1139928 613431 4 1 0.00285916 1.23533e+06
69 4727 864153 2 1 0.00241654 292981
70 285896 585911 3 1 0.00265232 3.07881e+06
71 3026 66913 2 1 0.00246244 969364
72 141670 353049 2 1 0.0024585 124466
73 325128 70226 2 1 0.00246784 1.09934e+06
74 693434 1016676 3 1 0.0026611 3.6545e+06
75 752211 389583 3 1 0.00273127 7.0707e+06
76 993348 445815 3 1 0.00263395 115416
77 497801 829975 3 1 0.00265522 4.76797e+06
78 793891 909114 3 1 0.00264646 2.76785e+06
79 150609 502330 2 1 0.00244104 115525
80 25179 868896 2 1 0.00244976 1.37238e+06
81 298908 1065000 3 1 0.00330755 8.5187e+06
82 916584 626732 3 1 0.00265063 112803
83 572352 273472 3 1 0.00266517 913262
84 506098 783235 3 1 0.00333227 1.96617e+07
85 515545 378764 3 1 0.00267537 2.40229e+06
86 746864 745581 3 1 0.00320383 7.71171e+06
87 428227 944273 3 1 0.00265053 1.49555e+06
88 1091989 1044573 3 1 0.00265985 1.63731e+06
89 693900 976209 4 1 0.00428559 1.15904e+08
90 85420 75878 2 1 0.0026643 75442
91 1038460 70054 3 1 0.0027443 1.16748e+07
92 731953 1038135 2 1 0.00243774 2.14256e+06
93 939761 579150 4 1 0.00275411 2.26643e+06
94 800179 388516 3 1 0.00265564 3.56223e+06
95 204469 1092856 2 1 0.00245492 426083
96 218008 934792 3 1 0.00268596 4.69777e+06
97 591929 593876 4 1 0.00285538 2.38847e+06
98 78225 673960 2 1 0.00244262 241135
99 10350 1153851 2 1 0.00243211 37416.1
max-ST-CON-level 6
min_time 0.00241654 s
max_time 0.0100266 s
mean_time 0.00297761 s
stddev_time 0.00107372
min_CONPS                   99.7344 
max_CONPS                   413.814 
mean_CONPS                  355.371 
stddev_CONPS                60.9576 
mean_ST, mean_time, stddev_ST: 355.371, 0.00297761, 60.9576 
-----ST_CON_VISITED_NODES-----
min_visited, max_visited, mean_visited, stddev_visited: 5, 702981, 11138.8, 71308.9
