SCALE 16
Edgefactor 16.0
MPI-Nodes 1
Num-ST-CON=100
Filename graphs/streets/great-britain_osm.mtx.txt.alt
Seed1 1406492485
Seed2 1659256867
ST-CON-RUN RED-V BLUE-V DEPTH MN-FOUND TIME(Sec) TEPS
0 3561788 69135 755 1 0.561353 3.68625e+06
1 1402684 182559 1682 1 1.15426 3.84303e+06
2 2550428 4056530 213 1 0.138497 594208
3 60480 5724597 566 1 0.362221 2.93655e+06
4 1289976 3748437 2027 1 1.39928 4.65624e+06
5 1652369 5437680 437 1 0.249459 651670
6 4159193 58028 389 1 0.263763 2.85415e+06
7 6659152 7201990 429 1 0.25544 1.57788e+06
8 75421 2593555 273 1 0.174151 1.95835e+06
9 2113629 6176973 395 1 0.240199 1.98847e+06
10 1587692 4675587 1356 1 0.969165 4.34941e+06
11 849250 5973087 1021 1 0.595902 2.90216e+06
12 2139204 6347971 371 1 0.217227 854676
13 1792935 4100287 1095 1 0.753016 3.81668e+06
14 751990 6752154 1684 1 1.23345 4.93744e+06
15 1984156 2126609 2735 1 1.90272 3.85923e+06
16 2731545 7033020 1199 1 0.85813 4.7887e+06
17 3153347 4803392 2028 1 1.47491 4.16361e+06
18 5280094 6948012 528 1 0.306084 1.55737e+06
19 2975851 4860820 1070 1 0.736611 3.7936e+06
20 6596900 2881878 198 1 0.133186 1.27127e+06
21 989967 3413265 238 1 0.152464 1.21943e+06
22 7293766 3130763 638 1 0.435416 3.29089e+06
23 6792961 1981235 668 1 0.464839 3.4678e+06
24 4518057 7168490 541 1 0.319216 1.45113e+06
25 5420027 2778085 2541 1 1.84797 3.94906e+06
26 2106951 5486669 270 1 0.16994 1.16155e+06
27 707176 2762311 491 1 0.288833 2.29037e+06
28 3620993 3151796 1059 1 0.7284 4.08546e+06
29 1216026 7054722 1212 1 0.806917 3.39193e+06
30 5135891 5934419 818 1 0.474091 2.6648e+06
31 4492486 3500829 981 1 0.535617 2.48486e+06
32 6493123 4040899 918 1 0.591587 3.18243e+06
33 3734012 5041371 1078 1 0.728796 4.10689e+06
34 3638679 4861842 556 1 0.310407 1.71573e+06
35 5131348 6689779 1112 1 0.769138 3.63536e+06
36 5443790 5960653 1007 1 0.717655 3.7672e+06
37 701251 2978439 1116 1 0.795266 3.9391e+06
38 6367318 5782421 1035 1 0.756668 4.55512e+06
39 4529897 7081135 1425 1 1.01309 4.60999e+06
40 2726373 4674461 1293 1 0.899757 4.25947e+06
41 4986960 4135720 258 1 0.161546 514404
42 782997 7148282 222 1 0.144232 1.13288e+06
43 5446096 3820964 880 1 0.643296 4.34119e+06
44 932878 7574032 1216 1 0.902698 3.92426e+06
45 4243049 1096566 870 1 0.604439 3.75279e+06
46 1556109 6576795 1046 1 0.690517 3.73074e+06
47 885766 3691247 379 1 0.221311 1.22711e+06
48 6158927 6111525 510 1 0.327518 2.24735e+06
49 3241203 2313550 1336 1 0.982964 4.50184e+06
50 4783413 546781 1651 1 1.05032 3.79707e+06
51 1508607 909708 1069 1 0.77832 4.91438e+06
52 4916190 1227014 143 1 0.104389 584150
53 67984 2152764 498 1 0.282171 1.72341e+06
54 1239068 3463813 1176 1 0.82951 5.27816e+06
55 857628 4068087 814 1 0.577174 4.10944e+06
56 7007780 2410021 2090 1 1.39465 4.09313e+06
57 1751750 764188 868 1 0.465202 1.71893e+06
58 5004686 1456726 949 1 0.644692 3.44684e+06
59 4047362 2437343 829 1 0.597712 4.77037e+06
60 5344402 5962769 622 1 0.39277 2.51733e+06
61 6213360 1519738 2404 1 1.50453 3.8184e+06
62 4750321 7055316 1469 1 0.900118 3.0287e+06
63 2368528 203863 381 1 0.260667 2.35538e+06
64 6712567 4269369 386 1 0.25491 1.94952e+06
65 5295995 1362034 1912 1 1.44647 4.76884e+06
66 617580 3087149 620 1 0.411686 3.05635e+06
67 6899652 6490502 1815 1 1.35984 4.94524e+06
68 7614253 2700004 1053 1 0.657618 3.0556e+06
69 31577 675717 1346 1 0.968362 4.18404e+06
70 1909669 640266 818 1 0.595406 3.66844e+06
71 20216 1467027 594 1 0.397657 2.96814e+06
72 946303 4097470 720 1 0.505113 3.75474e+06
73 2171724 5772193 449 1 0.29776 2.29291e+06
74 4261408 3913646 1179 1 0.830441 3.44722e+06
75 4631859 446954 671 1 0.406331 2.54886e+06
76 5024461 2358226 680 1 0.489793 3.63426e+06
77 6635160 469084 664 1 0.415224 2.12802e+06
78 3325107 6790985 1117 1 0.780946 3.92022e+06
79 5302873 2602260 618 1 0.369152 2.19867e+06
80 1006013 2977863 2383 1 1.67644 3.95651e+06
81 168192 5543894 860 1 0.596333 3.89025e+06
82 1996583 6072514 676 1 0.432166 2.50696e+06
83 6122410 3355360 587 1 0.369283 2.37751e+06
84 3823082 5803871 497 1 0.321653 2.31961e+06
85 3380528 7113766 286 1 0.183212 1.8565e+06
86 3443630 4186318 631 1 0.409598 2.96895e+06
87 4988752 1826684 540 1 0.318971 2.10846e+06
88 2860381 5231694 1074 1 0.725726 4.16286e+06
89 7294043 2529989 577 1 0.375039 2.68893e+06
90 4634968 4980177 638 1 0.416303 2.94303e+06
91 570573 6307361 363 1 0.213451 696491
92 6936492 6977322 1042 1 0.694921 3.56599e+06
93 4889152 6520678 1437 1 1.06117 4.92706e+06
94 6277223 506837 2069 1 1.51008 4.58124e+06
95 5344869 467932 1008 1 0.668534 4.00923e+06
96 1365772 6934320 1061 1 0.786641 5.38492e+06
97 1456206 3868488 1112 1 0.644928 3.20679e+06
98 3953847 2595127 659 1 0.456906 3.68996e+06
99 522516 7299835 1488 1 0.965233 3.5295e+06
max-ST-CON-level 2735
min_time 0.104389 s
max_time 1.90272 s
mean_time 0.642591 s
stddev_time 0.405037
min_CONPS                   0.525562 
max_CONPS                   9.57952 
mean_CONPS                  2.38338 
stddev_CONPS                1.7581 
mean_ST, mean_time, stddev_ST: 2.38338, 0.642591, 1.7581 
-----ST_CON_VISITED_NODES-----
min_visited, max_visited, mean_visited, stddev_visited: 56173, 6.95749e+06, 2.24935e+06, 1.86615e+06
