SCALE 16
Edgefactor 16.0
MPI-Nodes 1
Num-ST-CON=100
Filename graphs/streets/luxembourg_osm.mtx.txt.alt
Seed1 1716915546
Seed2 1465738815
ST-CON-RUN RED-V BLUE-V DEPTH MN-FOUND TIME(Sec) TEPS
0 52779 1024 233 1 0.0373557 1.02279e+06
1 20785 2705 221 1 0.0349925 1.3236e+06
2 37792 60110 205 1 0.032608 433206
3 896 84827 246 1 0.0392817 1.12994e+06
4 19115 55544 130 1 0.0212606 921189
5 24485 80576 141 1 0.0228993 918368
6 61631 859 288 1 0.0460586 1.30464e+06
7 98676 106720 414 1 0.065537 1.20433e+06
8 1117 38431 328 1 0.052516 1.18722e+06
9 31320 91531 373 1 0.0592586 1.01708e+06
10 23526 69283 339 1 0.0542613 1.15886e+06
11 12584 88510 230 1 0.0365642 235421
12 31699 94065 270 1 0.0435426 1.36728e+06
13 26568 60758 36 1 0.00596796 111764
14 11143 100054 154 1 0.0250755 243106
15 29401 31512 328 1 0.0525224 1.25649e+06
16 40476 104216 314 1 0.0508786 396218
17 46726 71177 428 1 0.0688354 1.18151e+06
18 78241 102956 245 1 0.0395099 412808
19 44096 72028 398 1 0.0639159 1.20141e+06
20 97753 42704 374 1 0.0603174 1.13939e+06
21 14669 50578 445 1 0.0716305 785922
22 108080 46392 373 1 0.060135 1.03901e+06
23 100659 29358 331 1 0.0533407 933808
24 66949 106223 266 1 0.0434578 1.17298e+06
25 80314 41166 87 1 0.0141206 122303
26 31221 81302 91 1 0.0148776 136111
27 10479 40932 61 1 0.0104819 391245
28 53656 46703 295 1 0.0477618 1.23842e+06
29 18019 104537 172 1 0.0282679 991231
30 76104 87937 138 1 0.0228972 890414
31 66570 51875 181 1 0.029436 355177
32 96216 59878 467 1 0.0752859 1.1915e+06
33 55331 74703 131 1 0.0218064 490269
34 53918 72043 226 1 0.0370566 1.1167e+06
35 76037 99130 166 1 0.0271362 682519
36 80666 88325 196 1 0.0320514 422446
37 10391 44134 152 1 0.0249103 224164
38 94351 85684 120 1 0.0200561 586105
39 67124 104929 84 1 0.0141264 215837
40 40399 69266 356 1 0.0579404 1.12629e+06
41 73897 61283 286 1 0.0464243 608108
42 11602 105924 313 1 0.0511462 1.11179e+06
43 80701 56619 94 1 0.0159119 394800
44 13823 112233 254 1 0.0416475 500750
45 62874 16249 311 1 0.0504929 876203
46 23058 97455 93 1 0.015894 541147
47 13125 54697 414 1 0.067002 1.04269e+06
48 91263 90561 521 1 0.0848438 1.06888e+06
49 48028 34282 309 1 0.0505262 540314
50 70881 8102 186 1 0.0307503 578109
51 22354 13480 404 1 0.0656433 1.37303e+06
52 72848 18182 215 1 0.0355389 531390
53 1007 31899 228 1 0.0374256 969416
54 18360 51327 217 1 0.0359522 1.19245e+06
55 12708 60281 233 1 0.0382875 560443
56 103842 35712 199 1 0.0330066 1.03119e+06
57 25957 11323 77 1 0.0131195 192766
58 74160 21586 226 1 0.0372753 1.00651e+06
59 59974 36116 106 1 0.0171891 123683
60 79194 88357 294 1 0.048138 1.07734e+06
61 92070 22519 506 1 0.0814649 1.10356e+06
62 70390 104546 148 1 0.0246708 686076
63 35097 3020 405 1 0.0657803 1.52949e+06
64 99467 63264 241 1 0.0395465 1.38359e+06
65 78476 20182 166 1 0.0272556 836121
66 9151 45745 307 1 0.0504662 1.05389e+06
67 102240 96177 321 1 0.0519294 686683
68 112829 40009 79 1 0.01352 752957
69 467 10012 62 1 0.0107567 595813
70 28297 9487 243 1 0.0402621 1.179e+06
71 299 21738 501 1 0.0803996 1.21256e+06
72 14022 60716 297 1 0.0483172 460582
73 32180 85533 355 1 0.0579569 927328
74 63146 57993 211 1 0.0346634 925615
75 68635 6623 113 1 0.0187641 404976
76 74453 34944 347 1 0.0567158 1.51122e+06
77 98320 6950 253 1 0.0412007 899451
78 49271 100629 167 1 0.0276888 792235
79 78578 38560 259 1 0.0420711 1.1824e+06
80 14907 44126 126 1 0.0209273 433739
81 2492 82150 219 1 0.0358524 1.05126e+06
82 29585 89983 110 1 0.0185097 775649
83 90722 49720 379 1 0.0611702 1.08097e+06
84 56651 86002 95 1 0.0160659 561874
85 50093 105412 265 1 0.0431506 716328
86 51028 62033 257 1 0.041902 432819
87 73924 27068 106 1 0.0177984 879346
88 42385 77524 282 1 0.0463946 1.42812e+06
89 108084 37489 334 1 0.0543747 1.48931e+06
90 68681 73797 241 1 0.0395332 1.07214e+06
91 8454 93463 307 1 0.0497712 925094
92 102786 103391 437 1 0.0715046 1.06582e+06
93 72448 96624 273 1 0.0441563 1.03365e+06
94 93016 7510 436 1 0.0709749 1.22315e+06
95 79201 6933 184 1 0.0301317 747087
96 20238 102753 283 1 0.0462191 977258
97 21578 57323 142 1 0.023377 279292
98 58588 38455 241 1 0.0393493 535257
99 7742 108170 196 1 0.0321341 1.14601e+06
max-ST-CON-level 521
min_time 0.00596796 s
max_time 0.0848438 s
mean_time 0.0405288 s
stddev_time 0.018133
min_CONPS                   11.7864 
max_CONPS                   167.562 
mean_CONPS                  32.5684 
stddev_CONPS                22.5582 
mean_ST, mean_time, stddev_ST: 32.5684, 0.0405288, 22.5582 
-----ST_CON_VISITED_NODES-----
min_visited, max_visited, mean_visited, stddev_visited: 628, 95962, 36489.4, 25676.6
