SCALE 16
Edgefactor 16.0
MPI-Nodes 1
Num-ST-CON=100
Filename graphs/dense/amazon0601.txt
Seed1 345512780
Seed2 104197003
ST-CON-RUN RED-V BLUE-V DEPTH MN-FOUND TIME(Sec) TEPS
0 185782 3606 4 1 0.00393685 2.84999e+06
1 73163 9522 3 1 0.001649 3.9145e+06
2 133029 211587 4 1 0.00259199 1.29595e+07
3 3154 298594 3 1 0.00164147 2.66712e+06
4 67284 195517 3 1 0.0016132 1.91793e+06
5 86187 283628 3 1 0.00164783 580765
6 216942 3026 3 1 0.00163187 4.11e+06
7 347340 375654 3 1 0.00163923 2.74946e+06
8 3933 135279 3 1 0.00163546 4.65803e+06
9 110246 322189 4 1 0.00263945 1.77344e+07
10 82813 243877 3 1 0.00162449 1.39429e+06
11 44296 311555 3 1 0.00162127 1.07755e+06
12 111580 331109 3 1 0.00160902 2.03043e+06
13 93519 213870 3 1 0.00162451 5.77834e+06
14 39223 352191 2 1 0.00143958 111143
15 103493 110923 3 1 0.00161358 919693
16 142476 366841 4 1 0.001738 2.19506e+06
17 164478 250544 4 1 0.00259468 1.42202e+07
18 275408 362407 4 1 0.00182363 7.37923e+06
19 155219 253539 4 1 0.00181705 7.40707e+06
20 344093 150318 4 1 0.00180189 3.83818e+06
21 51636 178035 3 1 0.00162616 1.82024e+06
22 380441 163300 3 1 0.00161512 1.76209e+06
23 354319 103340 3 1 0.00162294 2.5805e+06
24 235661 373907 4 1 0.00243341 9.29599e+06
25 282707 144904 4 1 0.00179579 7.8027e+06
26 109898 286183 4 1 0.00239532 9.0944e+06
27 36886 144081 4 1 0.00208105 8.50387e+06
28 188870 164397 4 1 0.00176707 4.30825e+06
29 63427 367973 3 1 0.00147044 1.78313e+06
30 267887 309538 3 1 0.00157495 1.02416e+06
31 234327 182602 3 1 0.00158967 1.14804e+06
32 338680 210772 3 1 0.00158142 865675
33 194765 262957 4 1 0.00294663 2.99566e+07
34 189792 253592 4 1 0.00178149 5.89114e+06
35 267650 348937 4 1 0.00208944 9.01868e+06
36 283947 310906 5 1 0.00264586 1.39675e+07
37 36577 155354 3 1 0.00159842 2.48871e+06
38 332118 301610 3 1 0.00157718 1.0392e+06
39 236278 369350 4 1 0.00175912 4.21007e+06
40 142207 243819 4 1 0.0017487 4.00354e+06
41 260119 215718 4 1 0.00240145 9.80077e+06
42 40841 372853 4 1 0.00246581 1.41515e+07
43 284067 199300 4 1 0.00174597 856260
44 48658 395060 5 1 0.00259671 1.49254e+07
45 221316 57196 3 1 0.00157161 1.65499e+06
46 81166 343044 4 1 0.00174132 2.83062e+06
47 46201 192534 3 1 0.00157556 1.7397e+06
48 321248 318776 4 1 0.00246163 1.95967e+07
49 169060 120674 3 1 0.00158502 1.39494e+06
50 249502 28520 2 1 0.00140877 249154
51 78688 47450 3 1 0.00159987 2.99212e+06
52 256427 64000 4 1 0.00178372 5.69709e+06
53 3546 112287 3 1 0.00158223 1.63756e+06
54 64629 180671 4 1 0.00198363 9.43168e+06
55 44733 212190 4 1 0.00210839 8.56434e+06
56 365524 125706 3 1 0.00157518 994170
57 91371 39859 3 1 0.00158625 1.68573e+06
58 261043 75982 3 1 0.00157963 1.34336e+06
59 211109 127131 5 1 0.00263649 1.99538e+07
60 278763 311017 3 1 0.00158356 692745
61 324087 79269 4 1 0.00178246 5.43127e+06
62 247775 368004 2 1 0.00142322 59021
63 123542 10633 4 1 0.00242466 1.21522e+07
64 350126 222689 3 1 0.00158908 1.9483e+06
65 276238 71043 4 1 0.00160325 8.67548e+06
66 32212 161025 3 1 0.00157385 1.83245e+06
67 359884 338543 4 1 0.00178502 4.21171e+06
68 397158 140831 3 1 0.00164642 8.711e+06
69 1647 35245 3 1 0.00159786 3.53285e+06
70 99608 33396 3 1 0.00223333 8.2706e+06
71 1054 76519 3 1 0.00162013 5.15576e+06
72 49359 213723 4 1 0.00178465 6.28862e+06
73 113276 301076 3 1 0.00158075 1.11023e+06
74 222274 204135 4 1 0.00181017 7.33465e+06
75 241597 23313 3 1 0.00162425 3.47668e+06
76 262075 123004 3 1 0.00162112 1.15907e+06
77 346088 24467 3 1 0.00157961 1.72701e+06
78 173437 354216 3 1 0.00128478 3.06668e+06
79 276596 135733 3 1 0.0015934 4.56695e+06
80 52473 155324 4 1 0.00209196 8.32376e+06
81 8772 289168 3 1 0.00159743 2.62046e+06
82 104141 316741 3 1 0.0015881 632202
83 319343 175015 3 1 0.00159024 1.48405e+06
84 199411 302728 4 1 0.00239475 8.79133e+06
85 176327 371052 4 1 0.00179425 6.25945e+06
86 179619 218357 3 1 0.00158418 860383
87 260212 95279 4 1 0.00176349 1.17891e+06
88 149197 272884 4 1 0.00182052 6.45256e+06
89 380456 131963 3 1 0.00163577 2.78156e+06
90 241759 259765 4 1 0.00179569 6.14639e+06
91 29761 328990 4 1 0.00180714 1.0386e+07
92 361806 363935 2 1 0.00141461 79880.6
93 255017 340117 3 1 0.00159748 1.49548e+06
94 327418 26436 4 1 0.0017826 4.72343e+06
95 278787 24407 3 1 0.00160256 2.94591e+06
96 71238 361693 4 1 0.00177816 6.04558e+06
97 75955 201779 3 1 0.00159975 2.64479e+06
98 206232 135361 3 1 0.00161461 2.90905e+06
99 27254 380758 5 1 0.00361129 6.36417e+07
max-ST-CON-level 5
min_time 0.00128478 s
max_time 0.00393685 s
mean_time 0.0018383 s
stddev_time 0.000440423
min_CONPS                   254.01 
max_CONPS                   778.344 
mean_CONPS                  566.346 
stddev_CONPS                97.9926 
mean_ST, mean_time, stddev_ST: 566.346, 0.0018383, 97.9926 
-----ST_CON_VISITED_NODES-----
min_visited, max_visited, mean_visited, stddev_visited: 14, 35013, 1914.35, 3932.81
