SCALE 16
Edgefactor 16.0
MPI-Nodes 1
Num-ST-CON=100
Filename graphs/symmetric/hugetrace-00000.mtx.alt
Seed1 806635779
Seed2 1518204113
ST-CON-RUN RED-V BLUE-V DEPTH MN-FOUND TIME(Sec) TEPS
0 2113212 41018 670 1 0.280751 4.72743e+06
1 832214 108312 623 1 0.258477 5.18139e+06
2 1513171 2406743 395 1 0.16042 3.41346e+06
3 35883 3396409 149 1 0.0721893 1.28538e+06
4 765344 2223951 855 1 0.437496 5.73429e+06
5 980352 3226181 747 1 0.324619 5.77193e+06
6 2467653 34428 278 1 0.119734 2.86752e+06
7 3950881 4272948 330 1 0.137566 2.73059e+06
8 44747 1538758 1509 1 0.756415 6.65908e+06
9 1254018 3664804 764 1 0.331696 5.39177e+06
10 941979 2774031 1031 1 0.470642 5.46947e+06
11 503861 3543839 811 1 0.341464 5.08553e+06
12 1269192 3766258 602 1 0.249141 5.26632e+06
13 1063750 2432704 787 1 0.411006 6.03979e+06
14 446156 4006060 780 1 0.323697 5.52993e+06
15 1177202 1261719 836 1 0.440865 6.04545e+06
16 1620629 4172698 584 1 0.246397 4.63036e+06
17 1870884 2849858 95 1 0.0532321 714268
18 3132685 4122263 956 1 0.452103 5.74769e+06
19 1765575 2883930 1501 1 0.851577 6.30717e+06
20 3913947 1709821 1303 1 0.680438 6.48384e+06
21 587348 2025094 416 1 0.16959 4.00143e+06
22 4327399 1857485 778 1 0.400004 6.48178e+06
23 4030271 1175469 1070 1 0.587765 6.54127e+06
24 2680568 4253072 372 1 0.152884 4.01171e+06
25 3215708 1648240 885 1 0.460194 6.21861e+06
26 1250056 3255246 828 1 0.391972 5.72956e+06
27 419568 1638882 119 1 0.061849 1.04158e+06
28 2148339 1869964 1715 1 0.97025 6.39351e+06
29 721469 4185574 131 1 0.0661844 1.15845e+06
30 3047130 3520897 906 1 0.397268 6.11875e+06
31 2665397 2077046 769 1 0.409862 6.38399e+06
32 3852377 2397469 133 1 0.0665471 931731
33 2215393 2991051 636 1 0.255097 4.95937e+06
34 2158832 2884536 196 1 0.0898931 1.78941e+06
35 3044434 3969053 702 1 0.304617 5.85975e+06
36 3229806 3536461 674 1 0.309873 5.10521e+06
37 416053 1767111 269 1 0.115863 2.62761e+06
38 3777736 3430717 703 1 0.312589 5.3891e+06
39 2687592 4201245 1439 1 0.769168 6.6821e+06
40 1617560 2773362 692 1 0.306448 5.58392e+06
41 2958768 2453727 1084 1 0.555792 6.11205e+06
42 464553 4241083 545 1 0.215127 4.57256e+06
43 3231174 2266982 850 1 0.407205 5.71599e+06
44 553477 4493681 676 1 0.334662 5.79981e+06
45 2517405 650593 601 1 0.296683 5.48444e+06
46 923241 3902019 313 1 0.132704 3.25796e+06
47 525526 2190020 1325 1 0.646979 6.77258e+06
48 3654098 3625974 1105 1 0.605988 7.24242e+06
49 1923009 1372632 180 1 0.0834471 1.64901e+06
50 2838004 324405 315 1 0.132782 2.29729e+06
51 895058 539730 903 1 0.477431 6.62572e+06
52 2916781 727989 1311 1 0.690742 6.28628e+06
53 40335 1277237 927 1 0.515983 6.53221e+06
54 735140 2055084 902 1 0.471928 5.87466e+06
55 508831 2413600 678 1 0.325572 5.54665e+06
56 4157723 1429868 496 1 0.197476 4.37655e+06
57 1039315 453393 506 1 0.229586 4.93466e+06
58 2969286 864277 972 1 0.515648 6.92042e+06
59 2401304 1446078 459 1 0.183883 3.85165e+06
60 3170839 3537717 607 1 0.240039 5.33549e+06
61 3686393 901662 1253 1 0.708492 6.75358e+06
62 2818370 4185926 363 1 0.149488 3.14813e+06
63 1405250 120952 541 1 0.242167 4.86404e+06
64 3982573 2533021 1319 1 0.709327 6.29276e+06
65 3142119 808096 640 1 0.302524 5.3006e+06
66 366410 1831609 1124 1 0.600466 5.77007e+06
67 4093570 3850821 371 1 0.153351 3.87901e+06
68 4517544 1601915 268 1 0.115556 2.34973e+06
69 18734 400903 404 1 0.170032 4.36763e+06
70 1133008 379870 1211 1 0.63559 6.58879e+06
71 11994 870389 1298 1 0.734613 6.88218e+06
72 561442 2431033 893 1 0.421113 5.53027e+06
73 1288486 3424648 934 1 0.4925 6.23666e+06
74 2528297 2321970 483 1 0.192086 3.57261e+06
75 2748087 265178 570 1 0.265204 5.04436e+06
76 2981018 1399138 832 1 0.4515 6.33053e+06
77 3936647 278308 1276 1 0.697638 6.84188e+06
78 1972790 4029098 381 1 0.154557 2.2255e+06
79 3146200 1543923 334 1 0.140326 3.76363e+06
80 596868 1766769 875 1 0.451205 5.53216e+06
81 99788 3289198 711 1 0.343835 5.5598e+06
82 1184575 3602829 442 1 0.180355 4.62752e+06
83 3632432 1990739 1226 1 0.656315 6.59575e+06
84 2268238 3443443 450 1 0.181873 4.41742e+06
85 2005671 4220605 119 1 0.0621306 969103
86 2043109 2483747 668 1 0.314437 5.35345e+06
87 2959832 1083773 429 1 0.173344 3.51666e+06
88 1697067 3103969 911 1 0.499581 6.35933e+06
89 4327563 1501045 550 1 0.249558 5.00398e+06
90 2749932 2954744 1011 1 0.474605 5.74758e+06
91 338521 3742164 310 1 0.131756 3.2898e+06
92 4115428 4139652 474 1 0.203125 4.69818e+06
93 2900739 3868725 650 1 0.302088 5.3268e+06
94 3724283 300707 1265 1 0.621963 6.76522e+06
95 3171116 277624 1205 1 0.633524 6.41242e+06
96 810314 4114139 436 1 0.176335 3.5318e+06
97 863969 2295178 992 1 0.472696 6.00712e+06
98 2345822 1539692 585 1 0.294612 5.61043e+06
99 310009 4331000 212 1 0.0967286 1.85182e+06
max-ST-CON-level 1715
min_time 0.0532321 s
max_time 0.97025 s
mean_time 0.351141 s
stddev_time 0.209096
min_CONPS                   1.03066 
max_CONPS                   18.7857 
mean_CONPS                  4.50752 
stddev_CONPS                3.70973 
mean_ST, mean_time, stddev_ST: 4.50752, 0.351141, 3.70973 
-----ST_CON_VISITED_NODES-----
min_visited, max_visited, mean_visited, stddev_visited: 25316, 4.13765e+06, 1.34317e+06, 1.02015e+06
