SCALE 16
Edgefactor 16.0
MPI-Nodes 1
Num-ST-CON=100
Filename graphs/symmetric/hugetric-00020.mtx.alt
Seed1 1636198578
Seed2 1063510182
ST-CON-RUN RED-V BLUE-V DEPTH MN-FOUND TIME(Sec) TEPS
0 3280380 63673 773 1 0.512888 5.36228e+06
1 1291862 168135 1032 1 0.663566 6.08809e+06
2 2348925 3736034 1186 1 0.743699 5.85725e+06
3 55701 5272311 686 1 0.453918 6.01836e+06
4 1188058 3452282 1016 1 0.703409 7.21083e+06
5 1521820 5008062 782 1 0.52465 6.58952e+06
6 3830586 53444 1484 1 0.981297 7.66733e+06
7 6133029 6632979 1064 1 0.746269 7.79117e+06
8 69462 2388644 1009 1 0.676631 6.67868e+06
9 1946636 5688946 1067 1 0.716336 6.65585e+06
10 1462252 4306181 1278 1 0.87632 7.6615e+06
11 782153 5501169 1412 1 0.937878 7.72054e+06
12 1970191 5846434 1244 1 0.859761 6.57096e+06
13 1651280 3776333 818 1 0.525034 5.66893e+06
14 692577 6218683 780 1 0.520218 6.08979e+06
15 1827393 1958591 1162 1 0.80225 6.99486e+06
16 2515733 6477359 1454 1 1.02189 7.76502e+06
17 2904209 4423888 1579 1 1.11046 7.91842e+06
18 4862927 6399067 930 1 0.625055 5.83471e+06
19 2740736 4476779 1048 1 0.66834 5.58241e+06
20 6075695 2654188 636 1 0.407184 5.10482e+06
21 911752 3143592 1048 1 0.723972 6.84382e+06
22 6717504 2883409 615 1 0.331427 3.93826e+06
23 6256266 1824702 976 1 0.683991 7.35861e+06
24 4161097 6602125 1344 1 0.936594 6.45174e+06
25 4991804 2558595 694 1 0.455425 5.45091e+06
26 1940486 5053181 1371 1 0.906817 6.57922e+06
27 651303 2544068 941 1 0.649111 7.92716e+06
28 3334908 2902781 799 1 0.54838 6.55046e+06
29 1119950 6497346 949 1 0.646404 6.21625e+06
30 4730117 5465555 813 1 0.535268 5.63368e+06
31 4137546 3224238 729 1 0.45673 5.22622e+06
32 5980118 3721637 1319 1 0.833015 6.23912e+06
33 3438997 4643065 898 1 0.605505 6.55837e+06
34 3351196 4477720 644 1 0.347527 3.86666e+06
35 4725933 6161236 676 1 0.427105 4.9809e+06
36 5013690 5489717 1445 1 1.02708 7.83858e+06
37 645847 2743120 241 1 0.14368 1.87247e+06
38 5864252 5325567 613 1 0.400385 5.07851e+06
39 4172001 6521672 541 1 0.330971 3.89712e+06
40 2510969 4305143 1157 1 0.746339 6.42546e+06
41 4592953 3808967 696 1 0.41962 4.33614e+06
42 721135 6583514 1190 1 0.832484 6.88774e+06
43 5015814 3519079 461 1 0.287983 4.08415e+06
44 859173 6975627 76 1 0.0657167 398103
45 3907816 1009929 573 1 0.356091 4.28809e+06
46 1433165 6057179 355 1 0.198492 3.31964e+06
47 815784 3399610 816 1 0.547306 5.5379e+06
48 5672326 5628669 1115 1 0.773591 7.36725e+06
49 2985123 2130762 559 1 0.348244 4.31935e+06
50 4405488 503581 629 1 0.378546 4.4762e+06
51 1389416 837834 906 1 0.607974 5.90394e+06
52 4527774 1130071 766 1 0.496198 5.54679e+06
53 62613 1982679 1084 1 0.702945 5.96133e+06
54 1141173 3190146 1243 1 0.879969 7.39355e+06
55 789869 3746678 760 1 0.506467 5.75894e+06
56 6454113 2219611 683 1 0.430689 5.0467e+06
57 1613349 703811 435 1 0.262592 3.71551e+06
58 4609279 1341634 1183 1 0.776717 6.65296e+06
59 3727590 2244774 1182 1 0.750567 5.70097e+06
60 4922154 5491665 964 1 0.666696 8.26352e+06
61 5722458 1399667 804 1 0.504112 5.03886e+06
62 4375010 6497893 360 1 0.203602 3.19514e+06
63 2181396 187756 374 1 0.209119 3.23149e+06
64 6182224 3932057 842 1 0.575854 5.96715e+06
65 4877571 1254423 1030 1 0.603601 4.66676e+06
66 568786 2843241 819 1 0.528532 5.45283e+06
67 6354528 5977704 1103 1 0.752244 6.0345e+06
68 7012670 2486684 1178 1 0.807987 6.70434e+06
69 29082 622330 335 1 0.186032 2.25591e+06
70 1758791 589680 1036 1 0.700223 6.59063e+06
71 18619 1351121 537 1 0.298227 3.7454e+06
72 871538 3773740 1339 1 0.862443 6.15046e+06
73 2000141 5316147 690 1 0.457319 5.39166e+06
74 3924724 3604439 1197 1 0.827578 8.72987e+06
75 4265907 411642 1163 1 0.750696 6.17217e+06
76 4627491 2171909 329 1 0.183861 2.96325e+06
77 6110933 432023 696 1 0.452962 4.96855e+06
78 3062399 6254446 1220 1 0.855176 7.34467e+06
79 4883906 2396662 435 1 0.233645 3.39991e+06
80 926530 2742589 1002 1 0.665297 6.00099e+06
81 154903 5105885 422 1 0.227145 2.95894e+06
82 1838838 5592740 468 1 0.272842 3.73607e+06
83 5638693 3090262 1075 1 0.743444 7.57635e+06
84 3521030 5345322 224 1 0.134954 1.71622e+06
85 3113441 6551725 340 1 0.20385 3.46971e+06
86 3171557 3855568 874 1 0.577523 5.39217e+06
87 4594603 1682362 676 1 0.451914 5.51099e+06
88 2634390 4818351 81 1 0.0678978 460428
89 6717759 2330101 411 1 0.247143 3.71504e+06
90 4268771 4586706 545 1 0.319985 3.94274e+06
91 525493 5809033 790 1 0.510376 5.52532e+06
92 6388457 6426061 1037 1 0.730659 7.28829e+06
93 4502872 6005496 278 1 0.159511 2.32451e+06
94 5781275 466793 1056 1 0.726392 6.5781e+06
95 4922584 430962 1096 1 0.715678 6.32986e+06
96 1257865 6386457 1045 1 0.701154 6.33372e+06
97 1341155 3562848 997 1 0.683193 6.34643e+06
98 3641464 2390093 769 1 0.472229 4.91921e+06
99 481233 6723093 588 1 0.360347 4.38214e+06
max-ST-CON-level 1579
min_time 0.0657167 s
max_time 1.11046 s
mean_time 0.560664 s
stddev_time 0.241604
min_CONPS                   0.900528 
max_CONPS                   15.2168 
mean_CONPS                  2.48593 
stddev_CONPS                2.24482 
mean_ST, mean_time, stddev_ST: 2.48593, 0.560664, 2.24482 
-----ST_CON_VISITED_NODES-----
min_visited, max_visited, mean_visited, stddev_visited: 17440, 5.8635e+06, 2.30523e+06, 1.39566e+06
