SCALE 16
Edgefactor 16.0
MPI-Nodes 1
Num-ST-CON=100
Filename graphs/symmetric/hugebubbles-00020.mtx.alt
Seed1 742439680
Seed2 1580483929
ST-CON-RUN RED-V BLUE-V DEPTH MN-FOUND TIME(Sec) TEPS
0 9762728 189497 1168 1 1.88159 3.6028e+06
1 3844706 500387 1055 1 1.64992 3.33732e+06
2 6990627 11118797 1683 1 2.66143 4.21771e+06
3 165774 15690906 1534 1 2.399 4.26383e+06
4 3535776 10274326 1786 1 2.82402 4.56642e+06
5 4529083 14904477 809 1 1.27349 2.72159e+06
6 11400193 159055 1763 1 2.76865 4.9143e+06
7 18252485 19740385 402 1 0.626414 1.38865e+06
8 206728 7108836 372 1 0.56761 1.13506e+06
9 5793378 16930851 1662 1 2.63253 4.76194e+06
10 4351805 12815609 2203 1 3.4931 5.44863e+06
11 2327764 16372009 1315 1 2.06836 4.14783e+06
12 5863479 17399551 1123 1 1.74316 2.4395e+06
13 4914370 11238733 2539 1 4.0413 5.56832e+06
14 2061177 18507402 2490 1 3.8852 5.34755e+06
15 5438499 5828957 1417 1 2.2333 4.18286e+06
16 7487064 19277246 907 1 1.42709 2.93912e+06
17 8643207 13165919 924 1 1.44091 2.64467e+06
18 14472541 19044240 992 1 1.51778 2.5525e+06
19 8156696 13323327 2247 1 3.51713 4.58921e+06
20 18081855 7899119 2721 1 4.3294 5.27806e+06
21 2713464 9355632 2775 1 4.39696 5.36251e+06
22 19991940 8581305 1285 1 2.03326 3.35137e+06
23 18619252 5430491 2939 1 4.67917 5.49674e+06
24 12383826 19648562 1171 1 1.81343 2.83777e+06
25 14856091 7614627 2953 1 4.64448 5.04242e+06
26 5775073 15038755 779 1 1.18548 2.01473e+06
27 1938343 7571392 964 1 1.52192 3.0699e+06
28 9925007 8638956 1518 1 2.30834 2.9128e+06
29 3333081 19336729 2425 1 3.86827 5.95317e+06
30 14077286 16266020 1964 1 3.08335 5.11518e+06
31 12313737 9595643 1806 1 2.8006 3.65827e+06
32 17797407 11075952 566 1 0.815331 1.161e+06
33 10234789 13818209 1598 1 2.55113 4.81658e+06
34 9973483 13326127 1161 1 1.82131 3.13634e+06
35 14064832 18336433 1954 1 3.09659 4.48531e+06
36 14921225 16337926 1562 1 2.46374 4.0152e+06
37 1922104 8163791 2892 1 4.58346 5.08911e+06
38 17452580 15849401 2389 1 3.77026 4.47082e+06
39 12416278 19409126 574 1 0.86924 1.54368e+06
40 7472886 12812523 2234 1 3.55232 5.64526e+06
41 13669071 11335855 1575 1 2.46083 3.80953e+06
42 2146167 19593172 1334 1 2.10698 4.18327e+06
43 14927546 10473119 3103 1 4.93175 5.36242e+06
44 2556983 20760139 2044 1 3.26089 5.817e+06
45 11630038 3005646 2396 1 3.794 4.95403e+06
46 4265238 18026748 569 1 0.88493 1.86405e+06
47 2427852 10117569 1960 1 3.10826 5.0182e+06
48 16881389 16751462 1737 1 2.72514 3.98673e+06
49 8884016 6341355 1622 1 2.54298 3.72828e+06
50 13111157 1498706 1952 1 3.11467 5.21711e+06
51 4135036 2493475 1579 1 2.45892 3.37952e+06
52 13475093 3363201 2269 1 3.59443 4.86079e+06
53 186342 5900645 649 1 1.00579 1.95829e+06
54 3396241 9494182 2577 1 4.09723 5.31804e+06
55 2350726 11150474 1589 1 2.4791 3.55713e+06
56 19208062 6605778 1876 1 2.968 4.21767e+06
57 4801483 2094611 2556 1 4.07564 6.24155e+06
58 13717658 3992833 2954 1 4.63529 5.19492e+06
59 11093669 6680666 1020 1 1.61703 3.1555e+06
60 14648806 16343726 1691 1 2.67048 3.96761e+06
61 17030588 4165544 1395 1 2.15637 3.07261e+06
62 13020451 19338356 487 1 0.714629 1.22858e+06
63 6492047 558781 950 1 1.50241 2.99892e+06
64 18398895 11702181 1559 1 2.46728 4.11295e+06
65 14516123 3733285 1400 1 2.22331 4.53415e+06
66 1692763 8461761 531 1 0.795025 1.50733e+06
67 18911687 17790223 2105 1 3.35615 5.35438e+06
68 20870383 7400611 1053 1 1.65756 3.30257e+06
69 86551 1852115 1514 1 2.30068 2.94708e+06
70 5234331 1754947 1355 1 2.14785 3.96024e+06
71 55412 4021068 664 1 0.999339 1.6321e+06
72 2593782 11231013 2965 1 4.71606 5.21597e+06
73 5952614 15821366 1347 1 2.09875 3.78242e+06
74 11680359 10727157 2764 1 4.35851 4.9593e+06
75 12695752 1225086 1853 1 2.9353 4.95423e+06
76 13771860 6463810 1501 1 2.3273 3.2854e+06
77 18186725 1285743 2666 1 4.24237 4.84538e+06
78 9113995 18613835 1034 1 1.61928 3.10874e+06
79 14534975 7132698 1817 1 2.77702 3.27156e+06
80 2757444 8162211 2567 1 4.08118 5.27446e+06
81 461007 15195607 1056 1 1.63172 2.72951e+06
82 5472560 16644533 1862 1 2.97708 5.90067e+06
83 16781295 9196917 510 1 0.780451 1.48772e+06
84 10478925 15908193 1068 1 1.63383 2.47963e+06
85 9265902 19498566 1208 1 1.88869 3.09931e+06
86 9438860 11474541 1497 1 2.32424 3.18791e+06
87 13673982 5006872 999 1 1.56714 2.86196e+06
88 7840199 14339877 1625 1 2.58884 5.17077e+06
89 19992699 6934605 1077 1 1.6993 3.63714e+06
90 12704275 13650479 1289 1 1.97955 3.09528e+06
91 1563919 17288241 2152 1 3.42599 5.07497e+06
92 19012665 19124577 1739 1 2.77104 4.67712e+06
93 13400982 17872934 2649 1 4.18954 5.55037e+06
94 17205633 1389222 704 1 1.10055 2.21104e+06
95 14650086 1282584 833 1 1.30185 2.60083e+06
96 3743530 19006711 2922 1 4.65894 5.7114e+06
97 3991407 10603380 1881 1 2.98875 4.7929e+06
98 10837347 7113148 1602 1 2.50568 3.40764e+06
99 1432198 20008574 970 1 1.52147 3.15596e+06
max-ST-CON-level 3103
min_time 0.56761 s
max_time 4.93175 s
mean_time 2.56383 s
stddev_time 1.13453
min_CONPS                   0.202768 
max_CONPS                   1.76177 
mean_CONPS                  0.504073 
stddev_CONPS                0.311632 
mean_ST, mean_time, stddev_ST: 0.504073, 2.56383, 0.311632 
-----ST_CON_VISITED_NODES-----
min_visited, max_visited, mean_visited, stddev_visited: 429547, 1.77425e+07, 7.521e+06, 4.99621e+06
