SCALE 16
Edgefactor 16.0
MPI-Nodes 1
Num-ST-CON=100
Filename graphs/streets/roadNet-PA.mtx.txt.alt
Seed1 176448910
Seed2 1943588051
ST-CON-RUN RED-V BLUE-V DEPTH MN-FOUND TIME(Sec) TEPS
0 502420 9752 74 1 0.0241012 2.69974e+06
1 197860 25751 329 1 0.150517 9.36061e+06
2 359759 572208 46 1 0.0115757 3.73064e+06
3 8531 807503 92 1 0.0280172 7.7004e+06
4 181962 528749 157 1 0.0581271 9.222e+06
5 233080 767031 303 1 0.138731 9.86576e+06
6 586689 8185 94 1 0.0215484 5.68928e+06
7 939330 1015902 169 1 0.0622363 9.05704e+06
8 10638 365843 145 1 0.0502918 7.2032e+06
9 298145 871314 221 1 0.0859099 1.01806e+07
10 223957 659531 214 1 0.0926427 1.17954e+07
11 119794 842555 210 1 0.0868928 9.57365e+06
12 301753 895435 78 1 0.0242565 6.7948e+06
13 252908 578380 158 1 0.0643466 9.51936e+06
14 106074 952449 203 1 0.0877969 1.14806e+07
15 279882 299976 182 1 0.0729956 9.71535e+06
16 385307 992067 232 1 0.0981728 1.06959e+07
17 444806 677559 209 1 0.088652 9.72645e+06
18 744802 980076 261 1 0.116757 1.09975e+07
19 419769 685660 205 1 0.0820582 1.03764e+07
20 930549 406513 132 1 0.0479369 8.35263e+06
21 139643 481470 217 1 0.0867511 1.28896e+07
22 1028848 441620 126 1 0.0391222 7.34645e+06
23 958205 279470 118 1 0.0417273 7.87992e+06
24 637310 1011176 68 1 0.0169937 6.31121e+06
25 764541 391872 133 1 0.0544734 9.71778e+06
26 297203 773941 62 1 0.0149448 5.22181e+06
27 99753 389647 228 1 0.0999823 1.13138e+07
28 510772 444587 213 1 0.0538864 8.26134e+06
29 171530 995128 143 1 0.0523031 8.4694e+06
30 724461 837100 184 1 0.0740057 1.00681e+07
31 633703 493821 123 1 0.0413271 7.77011e+06
32 915910 570003 180 1 0.071745 9.04328e+06
33 526714 711128 167 1 0.0663727 9.34761e+06
34 513266 685804 50 1 0.0126168 4.45043e+06
35 723820 943650 95 1 0.0258839 6.60908e+06
36 767893 840801 44 1 0.0112617 3.33412e+06
37 98917 420134 333 1 0.150528 9.13916e+06
38 898164 815660 44 1 0.0111436 2.62939e+06
39 638980 998854 304 1 0.127065 1.05333e+07
40 384578 659372 88 1 0.0301666 7.93855e+06
41 703453 583378 196 1 0.071911 1.06504e+07
42 110448 1008326 191 1 0.0713592 8.92646e+06
43 768218 538979 228 1 0.101676 1.02017e+07
44 131590 1068382 69 1 0.0171891 6.42955e+06
45 598518 154680 76 1 0.0180649 5.70133e+06
46 219502 927713 211 1 0.0863666 1.00293e+07
47 124944 520681 27 1 0.0076666 1.04401e+06
48 868769 862082 190 1 0.0639449 8.05097e+06
49 457199 326346 135 1 0.0405482 7.03893e+06
50 674741 77128 247 1 0.110742 1.06789e+07
51 212801 128322 89 1 0.0249687 6.53081e+06
52 693470 173080 70 1 0.0166758 4.71844e+06
53 9589 303665 157 1 0.0613904 8.00792e+06
54 174781 488600 141 1 0.0507702 7.84243e+06
55 120975 573838 141 1 0.0557352 8.89468e+06
56 988507 339954 174 1 0.0614614 9.14155e+06
57 247099 107795 141 1 0.0533053 7.96829e+06
58 705953 205483 259 1 0.101697 1.03048e+07
59 570915 343808 129 1 0.0459663 7.50043e+06
60 753873 841099 70 1 0.0166187 5.85985e+06
61 876447 214372 211 1 0.0760099 9.71083e+06
62 670073 995212 269 1 0.118887 9.96465e+06
63 334101 28756 138 1 0.0546289 9.1269e+06
64 946865 602231 175 1 0.0670589 1.01038e+07
65 747045 192126 78 1 0.0186312 6.06573e+06
66 87114 435468 81 1 0.0222653 6.00719e+06
67 973254 915540 147 1 0.0452406 7.72295e+06
68 1074055 380858 218 1 0.0938845 1.02646e+07
69 4454 95315 253 1 0.105856 9.44872e+06
70 269375 90315 126 1 0.0464791 9.76749e+06
71 2851 206936 180 1 0.0651508 9.27557e+06
72 133484 577983 97 1 0.0295623 7.15583e+06
73 306340 814217 121 1 0.0445561 7.78775e+06
74 601108 552053 199 1 0.0785449 1.04037e+07
75 653363 63046 229 1 0.102657 1.12837e+07
76 708743 332648 156 1 0.0555059 8.0887e+06
77 935946 66168 265 1 0.111549 8.87263e+06
78 469034 957926 142 1 0.0466519 7.50797e+06
79 748015 367071 234 1 0.100589 9.7144e+06
80 141906 420053 69 1 0.0164415 5.39823e+06
81 23724 782013 219 1 0.0980292 1.22101e+07
82 281635 856580 139 1 0.0494146 8.31223e+06
83 863618 473302 235 1 0.0958661 9.95405e+06
84 539278 818685 111 1 0.0415151 7.17646e+06
85 476852 1003457 257 1 0.113611 9.4995e+06
86 485753 590516 85 1 0.0251058 6.16516e+06
87 703706 257669 44 1 0.0112401 2.17089e+06
88 403481 737975 110 1 0.0408165 8.20252e+06
89 1028887 356876 190 1 0.0815245 1.24617e+07
90 653802 702496 149 1 0.0524961 7.85893e+06
91 80484 889707 182 1 0.0775125 1.39044e+07
92 978451 984210 25 1 0.0075441 667277
93 689656 919797 138 1 0.0445418 7.57898e+06
94 885456 71493 204 1 0.0912445 1.3046e+07
95 753939 66005 303 1 0.139925 9.93628e+06
96 192653 978145 253 1 0.105213 1.04873e+07
97 205410 545683 277 1 0.116416 1.09821e+07
98 557724 366064 52 1 0.0129088 3.87565e+06
99 73705 1029704 57 1 0.013974 4.0035e+06
max-ST-CON-level 333
min_time 0.0075441 s
max_time 0.150528 s
mean_time 0.0617297 s
stddev_time 0.0363648
min_CONPS                   6.64327 
max_CONPS                   132.554 
mean_CONPS                  27.8475 
stddev_CONPS                26.1009 
mean_ST, mean_time, stddev_ST: 27.8475, 0.0617297, 26.1009 
-----ST_CON_VISITED_NODES-----
min_visited, max_visited, mean_visited, stddev_visited: 3505, 990727, 414464, 294629
