SCALE 16
Edgefactor 16.0
MPI-Nodes 1
Num-ST-CON=100
Filename graphs/symmetric/hugetrace-00010.mtx.alt
Seed1 1835399446
Seed2 1551710184
ST-CON-RUN RED-V BLUE-V DEPTH MN-FOUND TIME(Sec) TEPS
0 5553017 107786 1776 1 2.182 6.34092e+06
1 2186860 284619 912 1 1.08514 4.13657e+06
2 3976252 6324346 1208 1 1.4423 4.16701e+06
3 94291 8924951 946 1 1.11547 3.50479e+06
4 2011141 5844013 1335 1 1.54557 3.65858e+06
5 2576132 8477632 911 1 1.09535 4.16278e+06
6 6484404 90470 1174 1 1.36446 3.48818e+06
7 10381972 11228286 1032 1 1.20704 3.59749e+06
8 117586 4043490 1027 1 1.21702 3.98767e+06
9 3295260 9630229 1404 1 1.70761 5.1256e+06
10 2475296 7289489 1433 1 1.71019 4.00872e+06
11 1324027 9312361 1202 1 1.39955 3.78114e+06
12 3335133 9896825 1644 1 1.99454 5.53581e+06
13 2795282 6392566 1413 1 1.72065 4.89203e+06
14 1172393 10526968 687 1 0.799932 2.83769e+06
15 3093405 3315497 216 1 0.254335 844206
16 4258625 10964853 1213 1 1.40135 3.49861e+06
17 4916236 7488745 1917 1 2.3447 5.90215e+06
18 8231948 10832320 736 1 0.858974 3.27304e+06
19 4639510 7578278 1346 1 1.56365 4.36548e+06
20 10284918 4493001 907 1 1.08603 3.935e+06
21 1543412 5321462 1431 1 1.70832 5.1006e+06
22 11371370 4881027 1260 1 1.52111 4.61139e+06
23 10590588 3088851 1670 1 1.98168 4.44914e+06
24 7043892 11176057 1509 1 1.78418 4.52474e+06
25 8450111 4331182 1129 1 1.32967 3.76444e+06
26 3284848 8554009 681 1 0.787213 2.9961e+06
27 1102525 4306590 647 1 0.741048 2.71478e+06
28 5645321 4913818 550 1 0.643049 2.70639e+06
29 1895849 10998687 411 1 0.435522 1.12972e+06
30 8007128 9252075 973 1 1.15961 4.11079e+06
31 7004025 5457980 1400 1 1.69864 4.64465e+06
32 10123124 6299976 1092 1 1.31155 4.61359e+06
33 5821524 7859766 1112 1 1.33188 4.06029e+06
34 5672894 7579870 1813 1 2.20631 5.72063e+06
35 8000044 10429721 233 1 0.269879 633340
36 8487159 9292975 1146 1 1.37505 3.95286e+06
37 1093288 4643545 1723 1 2.0867 4.66184e+06
38 9926988 9015103 1799 1 2.15767 4.20281e+06
39 7062350 11039867 1021 1 1.19222 3.69839e+06
40 4250560 7287734 703 1 0.797182 2.59259e+06
41 7774936 6447808 866 1 0.99006 3.13099e+06
42 1220735 11144551 1458 1 1.75341 4.24347e+06
43 8490754 5957086 569 1 0.64724 2.4551e+06
44 1454406 11808320 1103 1 1.27935 3.57946e+06
45 6615139 1709604 1041 1 1.2054 3.47381e+06
46 2426057 10253573 1142 1 1.33812 3.72571e+06
47 1380957 5754850 775 1 0.897802 3.23945e+06
48 9602096 9528193 1305 1 1.55071 4.16992e+06
49 5053208 3606948 1044 1 1.2234 3.44391e+06
50 7457596 852460 1176 1 1.41006 4.74839e+06
51 2351999 1418283 624 1 0.718877 2.56303e+06
52 7664602 1912981 1722 1 2.09428 5.44807e+06
53 105991 3356273 858 1 0.98503 3.18859e+06
54 1931774 5400269 1163 1 1.39199 4.70699e+06
55 1337088 6342364 1352 1 1.60521 4.20368e+06
56 10925502 3757351 1771 1 2.14009 5.27218e+06
57 2731072 1191410 1698 1 2.06715 4.8487e+06
58 7802573 2271114 1685 1 2.06171 5.57733e+06
59 6310053 3799947 1604 1 1.9541 6.25137e+06
60 8332207 9296274 1578 1 1.91491 4.93598e+06
61 9686959 2369352 1939 1 2.33899 4.83586e+06
62 7406003 10999613 540 1 0.596089 2.16358e+06
63 3692661 317833 656 1 0.754078 2.72728e+06
64 10465249 6656174 1010 1 1.16509 3.39575e+06
65 8256737 2123484 1310 1 1.56003 3.96504e+06
66 962840 4813030 1034 1 1.21771 3.62394e+06
67 10756924 10119038 1826 1 2.19922 4.79079e+06
68 11871026 4209451 118 1 0.162222 377938
69 49230 1053479 690 1 0.786618 2.69619e+06
70 2977275 998209 2147 1 2.63418 6.12145e+06
71 31518 2287174 364 1 0.393149 1.38753e+06
72 1475337 6388175 970 1 1.1495 3.68154e+06
73 3385833 8999157 166 1 0.206929 631067
74 6643761 6101583 975 1 1.16988 4.36843e+06
75 7221315 696826 947 1 1.11197 3.39267e+06
76 7833403 3676600 872 1 1.00912 3.02472e+06
77 10344568 731327 1131 1 1.31409 3.48998e+06
78 5184020 10587507 848 1 1.01462 3.56521e+06
79 8267461 4057062 1721 1 2.11256 5.26873e+06
80 1568427 4642647 675 1 0.77559 2.88608e+06
81 262220 8643226 1168 1 1.38858 3.96512e+06
82 3112780 9467372 506 1 0.551557 2.13525e+06
83 9545162 5231185 1514 1 1.82643 5.61618e+06
84 5960388 9048544 1081 1 1.24174 3.30269e+06
85 5270424 11090740 2063 1 2.46693 5.70085e+06
86 5368802 6526693 937 1 1.11182 4.14488e+06
87 7777730 2847897 1790 1 2.18679 5.92202e+06
88 4459487 8156489 1407 1 1.69113 4.8751e+06
89 11371802 3944387 1511 1 1.78372 3.89237e+06
90 7226163 7764361 605 1 0.701537 2.8233e+06
91 889553 9833512 1219 1 1.45711 4.65859e+06
92 10814361 10878016 469 1 0.520313 2.04536e+06
93 7622448 10166084 1738 1 2.0922 4.51855e+06
94 9786525 790186 1442 1 1.73087 4.15175e+06
95 8332935 729531 1009 1 1.17678 3.34627e+06
96 2129311 10810974 756 1 0.840674 2.56264e+06
97 2270303 6031178 542 1 0.611175 2.28476e+06
98 6164258 4045942 1019 1 1.22864 4.22543e+06
99 814631 11380831 919 1 0.985984 2.37576e+06
max-ST-CON-level 2147
min_time 0.162222 s
max_time 2.63418 s
mean_time 1.34109 s
stddev_time 0.560584
min_CONPS                   0.379624 
max_CONPS                   6.16438 
mean_CONPS                  1.00723 
stddev_CONPS                0.872089 
mean_ST, mean_time, stddev_ST: 1.00723, 1.34109, 0.872089 
-----ST_CON_VISITED_NODES-----
min_visited, max_visited, mean_visited, stddev_visited: 40902, 1.07518e+07, 3.83996e+06, 2.45265e+06
