SCALE 16
Edgefactor 16.0
MPI-Nodes 1
Num-ST-CON=100
Filename graphs/dense/soc-LiveJournal1.txt
Seed1 1548628045
Seed2 338881141
ST-CON-RUN RED-V BLUE-V DEPTH MN-FOUND TIME(Sec) TEPS
0 2232534 43334 2 1 0.0347083 94501.8
1 879204 114428 2 1 0.0222659 51828.1
2 1598611 2542639 3 1 0.0225578 359388
3 37909 3588185 3 1 0.022402 116865
4 808558 2349525 3 1 0.0226102 1.51714e+06
5 1035707 3408345 3 1 0.0226696 3.35882e+06
6 2606988 36372 3 1 0.0224456 370896
7 4173966 4514218 4 1 0.022787 716418
8 47274 1625644 3 1 0.0236754 5.30547e+06
9 1324825 3871735 3 1 0.0226167 2.32297e+06
10 995167 2930664 3 1 0.0224463 145592
11 532311 3743940 3 1 0.0222944 3.96203e+06
12 1340856 3978917 3 1 0.0224543 425754
13 1123814 2570066 3 1 0.0225615 1.61762e+06
14 471348 4232260 3 1 0.0224622 537347
15 1243672 1332962 3 1 0.0238173 2.90921e+07
16 1712136 4408307 4 1 0.0276596 8.95579e+07
17 1976522 3010773 3 1 0.022411 467137
18 3309571 4355024 4 1 0.0229081 871833
19 1865267 3046769 3 1 0.0224201 148215
20 4134946 1806365 3 1 0.0223778 386902
21 620513 2139439 3 1 0.0228877 3.56252e+06
22 4571743 1962367 3 1 0.0224163 390520
23 4257838 1241841 3 1 0.0224295 356629
24 2831925 4493219 4 1 0.0251862 1.45194e+08
25 3397281 1741307 3 1 0.0225983 1.31983e+06
26 1320639 3439052 3 1 0.0226166 2.13357e+06
27 443258 1731420 2 1 0.0220189 158001
28 2269644 1975550 3 1 0.0224617 1.03576e+06
29 762206 4421910 4 1 0.0228135 535867
30 3219184 3719702 3 1 0.022493 315387
31 2815897 2194325 3 1 0.0224684 357480
32 4069899 2532841 3 1 0.0224197 247461
33 2340484 3159938 3 1 0.0224839 680976
34 2280729 3047409 3 1 0.0223817 147978
35 3216336 4193163 4 1 0.0228496 1.1542e+06
36 3412175 3736146 4 1 0.0228846 971614
37 439545 1866890 3 1 0.0224383 4.36369e+06
38 3991044 3624430 3 1 0.0224897 59494
39 2839346 4438466 3 1 0.0241786 2.76038e+07
40 1708894 2929959 2 1 0.022167 11413.4
41 3125833 2592275 3 1 0.0224459 316984
42 490784 4480553 3 1 0.0224561 519814
43 3413621 2394985 3 1 0.0222335 289562
44 584729 4747414 4 1 0.0241681 8.03378e+06
45 2659549 687329 3 1 0.022404 441395
46 975371 4122344 3 1 0.0234832 3.01956e+06
47 555199 2313678 2 1 0.0220647 1.35329e+06
48 3860424 3830713 3 1 0.0223477 124039
49 2031590 1450136 3 1 0.0235162 5.03074e+06
50 2998250 342723 3 1 0.0225232 366732
51 945597 570206 2 1 0.0221562 145603
52 3081475 769094 3 1 0.0234838 4.39643e+06
53 42612 1349355 2 1 0.0221119 58972.7
54 776650 2171123 3 1 0.0225449 1.69954e+06
55 537562 2549883 2 1 0.0221213 59625.8
56 4392486 1510604 3 1 0.0224339 230142
57 1098000 478994 2 1 0.02181 34021.1
58 3136944 913078 3 1 0.0225602 3.10224e+06
59 2536892 1527730 3 1 0.0224565 770599
60 3349879 3737472 3 1 0.0224457 58140.3
61 3894543 952574 3 1 0.022697 2.16223e+06
62 2977508 4422282 3 1 0.0225597 386043
63 1484596 127781 3 1 0.0224267 242301
64 4207446 2676047 3 1 0.0223877 493084
65 3319537 853725 3 1 0.0225372 1.55623e+06
66 387100 1935029 3 1 0.0235396 4.54082e+06
67 4324711 4068256 4 1 0.0240384 1.37696e+07
68 4772625 1692366 4 1 0.0241561 1.15168e+07
69 19792 423540 3 1 0.0226198 1.87433e+06
70 1196983 401320 3 1 0.0239314 1.03558e+07
71 12671 919535 3 1 0.0235423 4.4942e+06
72 593144 2568300 3 1 0.0236022 6.90538e+06
73 1361239 3618019 3 1 0.0238925 4.96521e+07
74 2671056 2453079 3 1 0.0224776 279389
75 2903256 280152 3 1 0.0225357 1.2529e+06
76 3149339 1478139 3 1 0.0225261 3.20078e+06
77 4158928 294022 3 1 0.0225733 1.73245e+06
78 2084182 4256599 3 1 0.0225744 404396
79 3323848 1631100 3 1 0.0225286 482541
80 630570 1866529 3 1 0.0229862 4.16688e+06
81 105422 3474921 3 1 0.0238907 3.65692e+07
82 1251461 3806260 3 1 0.022459 293690
83 3837535 2103144 3 1 0.023501 7.95486e+06
84 2396313 3637875 4 1 0.0247867 9.08666e+07
85 2118920 4458918 3 1 0.0235007 1.40426e+07
86 2158472 2623990 3 1 0.0224501 599330
87 3126957 1144968 3 1 0.0235603 1.12669e+07
88 1792891 3279233 3 1 0.0231717 8.10982e+06
89 4571917 1585800 3 1 0.0234563 3.94653e+06
90 2905205 3121582 3 1 0.0224331 457895
91 357636 3953463 3 1 0.0236127 1.39868e+07
92 4347803 4373395 4 1 0.0228179 547421
93 3064527 4087170 3 1 0.0223096 195298
94 3934572 317686 3 1 0.0235581 4.86937e+06
95 3350171 293300 3 1 0.0224534 211015
96 856067 4346441 3 1 0.0225548 1.19425e+06
97 912752 2424774 3 1 0.0225727 2.984e+06
98 2478277 1626629 2 1 0.0220903 76549.3
99 327514 4575547 3 1 0.0235251 6.09183e+06
max-ST-CON-level 4
min_time 0.02181 s
max_time 0.0347083 s
mean_time 0.0229784 s
stddev_time 0.00143004
min_CONPS                   28.8115 
max_CONPS                   45.8505 
mean_CONPS                  43.6442 
stddev_CONPS                2.05897 
mean_ST, mean_time, stddev_ST: 43.6442, 0.0229784, 2.05897 
-----ST_CON_VISITED_NODES-----
min_visited, max_visited, mean_visited, stddev_visited: 19, 88343, 3799.9, 11331.5
