SCALE 16
Edgefactor 16.0
MPI-Nodes 1
Num-ST-CON=100
Filename graphs/streets/italy_osm.mtx.txt.alt
Seed1 1039141755
Seed2 384519819
ST-CON-RUN RED-V BLUE-V DEPTH MN-FOUND TIME(Sec) TEPS
0 3079444 59773 975 1 0.474056 1.80337e+06
1 1212730 157836 344 1 0.186655 2.22202e+06
2 2205044 3507187 328 1 0.171127 1.04911e+06
3 52289 4949361 627 1 0.395393 4.27454e+06
4 1115285 3240816 327 1 0.169599 779693
5 1428602 4701299 1161 1 0.654907 3.51156e+06
6 3595947 50170 1725 1 1.17532 4.18785e+06
7 5757357 6226683 461 1 0.257997 2.17207e+06
8 65207 2242330 2374 1 1.50735 3.75702e+06
9 1827397 5340475 630 1 0.30038 1.16241e+06
10 1372684 4042410 1395 1 0.716266 2.68131e+06
11 734243 5164201 1257 1 0.61929 2.04114e+06
12 1849509 5488317 1723 1 1.14887 4.09324e+06
13 1550133 3545018 802 1 0.387274 1.70658e+06
14 650154 5837765 1189 1 0.579511 2.04648e+06
15 1715458 1838620 883 1 0.476722 2.95965e+06
16 2361634 6080595 1448 1 0.895369 3.33127e+06
17 2726315 4152908 527 1 0.253036 371693
18 4565054 6007099 2994 1 1.58005 3.69918e+06
19 2572855 4202559 1130 1 0.633977 2.84918e+06
20 5703535 2491608 1786 1 1.10782 4.11224e+06
21 855904 2951034 1015 1 0.578968 3.5043e+06
22 6306031 2706789 1761 1 1.18405 4.23509e+06
23 5873046 1712932 450 1 0.251177 2.64376e+06
24 3906213 6197719 1848 1 1.01679 3.38196e+06
25 4686037 2401871 1525 1 1.01066 4.01194e+06
26 1821623 4743654 131 1 0.0853778 160100
27 611408 2388234 1897 1 1.02611 3.52666e+06
28 3130631 2724974 1332 1 0.607874 1.41139e+06
29 1051349 6099358 1707 1 1.02117 3.83029e+06
30 4440379 5130769 1023 1 0.625285 3.63297e+06
31 3884105 3026740 3940 1 2.04001 3.21538e+06
32 5613812 3493672 1085 1 0.540502 2.3979e+06
33 3228345 4358659 1945 1 1.16812 3.48698e+06
34 3145922 4203442 1139 1 0.559018 2.26589e+06
35 4436451 5783836 672 1 0.323693 2.12904e+06
36 4706582 5153450 1412 1 0.707463 1.98591e+06
37 606286 2575093 1821 1 1.18757 4.31913e+06
38 5505044 4999355 2330 1 1.3846 3.883e+06
39 3916450 6122194 1727 1 0.932008 3.10467e+06
40 2357162 4041437 1698 1 1.08079 4.19785e+06
41 4311616 3575653 1850 1 0.826614 1.24637e+06
42 676962 6180248 1151 1 0.711695 3.84574e+06
43 4708575 3303522 1809 1 1.0235 3.75515e+06
44 806545 6548343 1844 1 1.10371 3.7309e+06
45 3668447 948067 1252 1 0.787017 3.31538e+06
46 1345378 5686153 1820 1 0.816819 1.36891e+06
47 765814 3191371 1159 1 0.763572 3.6017e+06
48 5324874 5283891 2555 1 1.52339 4.00099e+06
49 2802273 2000245 1827 1 1.17879 4.2036e+06
50 4135634 472735 545 1 0.267193 1.71888e+06
51 1304308 786513 979 1 0.499922 2.39369e+06
52 4250430 1060850 1032 1 0.559814 3.03359e+06
53 58777 1861232 995 1 0.452147 188021
54 1071271 2994737 1625 1 1.02434 3.9486e+06
55 741486 3517179 2033 1 1.30385 3.80284e+06
56 6058773 2083651 679 1 0.326288 1.8832e+06
57 1514525 660700 1661 1 0.97236 4.01901e+06
58 4326942 1259454 353 1 0.182062 971906
59 3499261 2107273 1204 1 0.750778 3.5952e+06
60 4620653 5155279 719 1 0.368492 2.16649e+06
61 5371935 1313932 781 1 0.465828 3.45173e+06
62 4107023 6099871 1234 1 0.582589 1.69938e+06
63 2047777 176255 729 1 0.347043 1.6622e+06
64 5803539 3691203 1410 1 0.711965 2.13803e+06
65 4578801 1177585 1351 1 0.648568 1.93906e+06
66 533946 2669082 2487 1 1.54405 3.70233e+06
67 5965288 5611546 1101 1 0.564509 2.79725e+06
68 6583117 2334365 594 1 0.30046 2.22053e+06
69 27300 584210 1543 1 0.7008 1.59669e+06
70 1651058 553560 1209 1 0.594644 2.28593e+06
71 17478 1268360 408 1 0.206615 1.11987e+06
72 818153 3542583 217 1 0.122506 358514
73 1877625 4990512 2036 1 1.37872 4.26637e+06
74 3684320 3383653 1380 1 0.924031 4.77116e+06
75 4004604 386427 2451 1 1.4248 3.54835e+06
76 4344039 2038871 1768 1 1.04241 3.74604e+06
77 5736614 405560 1597 1 0.94709 3.23633e+06
78 2874815 5871337 3375 1 1.676 2.98708e+06
79 4584747 2249857 2635 1 1.51695 3.43124e+06
80 869776 2574595 881 1 0.45424 2.72935e+06
81 145415 4793130 1785 1 1.14729 4.09859e+06
82 1726202 5250163 1046 1 0.517924 2.1122e+06
83 5293301 2900971 1041 1 0.602414 3.45189e+06
84 3305353 5017900 850 1 0.518952 4.09796e+06
85 2922731 6150406 1109 1 0.50973 1.5948e+06
86 2977287 3619399 1805 1 1.19662 4.06616e+06
87 4313166 1579311 968 1 0.568062 3.87927e+06
88 2473023 4523208 1616 1 1.07147 4.22823e+06
89 6306270 2187373 1129 1 0.712908 3.78174e+06
90 4007292 4305752 523 1 0.303942 2.67779e+06
91 493305 5453207 2992 1 1.63683 2.92194e+06
92 5997139 6032440 658 1 0.312242 695278
93 4227053 5637635 884 1 0.460361 2.4265e+06
94 5427150 438200 1935 1 0.865846 1.07145e+06
95 4621057 404563 1236 1 0.727078 3.34667e+06
96 1180816 5995261 737 1 0.429619 2.57466e+06
97 1259004 3344610 1420 1 0.679458 1.50998e+06
98 3418410 2243690 789 1 0.415178 2.09861e+06
99 451756 6311277 3917 1 1.89672 2.56573e+06
max-ST-CON-level 3940
min_time 0.0853778 s
max_time 2.04001 s
mean_time 0.77191 s
stddev_time 0.430232
min_CONPS                   0.490193 
max_CONPS                   11.7126 
mean_CONPS                  1.95217 
stddev_CONPS                1.67524 
mean_ST, mean_time, stddev_ST: 1.95217, 0.77191, 1.67524 
-----ST_CON_VISITED_NODES-----
min_visited, max_visited, mean_visited, stddev_visited: 12749, 6.24582e+06, 2.31625e+06, 1.75421e+06
