SCALE 16
Edgefactor 16.0
MPI-Nodes 1
Num-ST-CON=100
Filename graphs/streets/road_usa.mtx.txt.alt
Seed1 1868540400
Seed2 1857702293
ST-CON-RUN RED-V BLUE-V DEPTH MN-FOUND TIME(Sec) TEPS
0 11028876 214074 575 1 1.04252 1.51783e+06
1 4343333 565284 638 1 1.08028 1.91895e+06
2 7897256 12560817 1359 1 2.30207 3.63309e+06
3 187273 17725891 736 1 1.24622 1.8804e+06
4 3994338 11606824 2293 1 3.93156 4.2111e+06
5 5116469 16837469 1544 1 2.63263 4.4303e+06
6 12878708 179683 1516 1 2.57032 4.00613e+06
7 20619687 22300556 1303 1 2.23344 4.0992e+06
8 233539 8030796 1953 1 3.35479 4.69671e+06
9 6544733 19126648 1673 1 2.86413 4.80044e+06
10 4916199 14477692 2929 1 5.00909 4.10004e+06
11 2629657 18495329 2834 1 4.78841 5.01226e+06
12 6623925 19656134 1031 1 1.7875 3.97211e+06
13 5551725 12696308 1383 1 2.37836 4.53213e+06
14 2328496 20907665 1048 1 1.73466 2.21452e+06
15 6143829 6584926 565 1 1.00981 2.7106e+06
16 8458077 21777351 2040 1 3.50977 5.6223e+06
17 9764163 14873434 2510 1 4.24138 3.96931e+06
18 16349515 21514127 510 1 0.81898 952881
19 9214554 15051257 3327 1 5.59049 3.61301e+06
20 20426928 8923572 2858 1 4.85914 4.11536e+06
21 3065378 10568984 1917 1 3.2249 4.16806e+06
22 22584736 9694232 1802 1 3.0579 4.11836e+06
23 21034022 6134783 1301 1 2.26517 4.62294e+06
24 13989910 22196824 829 1 1.43487 2.96138e+06
25 16782808 8602184 1277 1 2.19629 4.03551e+06
26 6524054 16989162 700 1 1.24047 3.2893e+06
27 2189730 8553342 1097 1 1.86575 3.57103e+06
28 11212202 9759360 217 1 0.400929 423571
29 3765356 21844549 2317 1 3.9357 2.83304e+06
30 15902998 18375593 731 1 1.25576 2.5197e+06
31 13910731 10840122 395 1 0.697306 1.48127e+06
32 20105589 12512415 1284 1 2.18903 3.57993e+06
33 11562159 15610321 2265 1 3.88178 4.66372e+06
34 11266964 15054419 573 1 0.929201 993872
35 15888929 20714522 651 1 1.13373 2.02357e+06
36 16856390 18456826 1273 1 2.18447 3.60427e+06
37 2171385 9222570 2099 1 3.5659 4.32558e+06
38 19716041 17904942 2292 1 3.92356 4.91076e+06
39 14026570 21926336 3578 1 5.95021 3.32627e+06
40 8442060 14474205 1218 1 2.07442 4.48652e+06
41 15441841 12806025 1575 1 2.70241 4.87221e+06
42 2424508 22134251 1290 1 2.20585 3.33466e+06
43 16863530 11831400 1479 1 2.52658 4.65527e+06
44 2888604 23452564 2059 1 3.54225 4.07892e+06
45 13138362 3395455 3002 1 5.12463 4.23839e+06
46 4818406 20364674 1671 1 2.87323 3.54392e+06
47 2742725 11429737 2248 1 3.89249 5.97771e+06
48 19070772 18923993 1288 1 2.21828 3.52283e+06
49 10036202 7163778 224 1 0.444411 1.53461e+06
50 14811570 1693076 1099 1 1.88201 3.74524e+06
51 4671317 2816859 2198 1 3.70708 2.79384e+06
52 15222706 3799381 1774 1 3.06097 4.3163e+06
53 210509 6665912 1482 1 2.56283 4.9183e+06
54 3836707 10725502 1676 1 2.87894 4.86043e+06
55 2655597 12596603 1729 1 2.96622 4.02305e+06
56 21699195 7462495 1015 1 1.75615 4.27251e+06
57 5424197 2366265 2847 1 4.87325 4.50629e+06
58 15496730 4510672 1164 1 1.99285 3.31486e+06
59 12532430 7547095 1118 1 1.94944 3.66637e+06
60 16548640 18463377 2134 1 3.66768 5.36981e+06
61 19239320 4705783 1985 1 3.42377 4.97492e+06
62 14709101 21846387 1456 1 2.41728 2.37165e+06
63 7334014 631250 942 1 1.61286 2.90071e+06
64 20785086 13219861 2302 1 3.9847 5.75128e+06
65 16398749 4217463 769 1 1.33998 1.84971e+06
66 1912301 9559184 2238 1 3.87943 5.74639e+06
67 21364383 20097473 1394 1 2.37999 3.92591e+06
68 23577106 8360412 664 1 1.14006 1.94253e+06
69 97776 2092320 2771 1 4.74511 4.45034e+06
70 5913182 1982549 1878 1 3.24762 4.74323e+06
71 62599 4542568 1758 1 3.00549 4.85852e+06
72 2930175 12687587 937 1 1.57949 1.78328e+06
73 6724621 17873271 2371 1 4.06593 5.00959e+06
74 13195209 12118385 1378 1 2.34526 3.83928e+06
75 14342291 1383970 1050 1 1.77226 3.08019e+06
76 15557961 7302115 2206 1 3.79664 5.48486e+06
77 20545399 1452494 643 1 1.08059 1.76668e+06
78 10296008 21027901 1072 1 1.82907 3.77747e+06
79 16420046 8057752 3148 1 5.33701 3.81198e+06
80 3115062 9220785 2493 1 4.17714 2.80399e+06
81 520797 17166357 1053 1 1.78684 3.14654e+06
82 6182308 18803197 1435 1 2.5179 5.21416e+06
83 18957696 10389685 2308 1 3.95431 5.04084e+06
84 11837958 17971360 1498 1 2.61239 5.1786e+06
85 10467616 22027375 1599 1 2.71337 3.59612e+06
86 10663005 12962698 619 1 1.06055 1.9748e+06
87 15447389 5656224 1451 1 2.45419 3.55611e+06
88 8857010 16199646 722 1 1.2498 2.60803e+06
89 22585594 7833968 1279 1 2.16478 3.72882e+06
90 14351919 15420837 702 1 1.22127 2.20559e+06
91 1766747 19530389 2304 1 3.98218 5.74536e+06
92 21478457 21604883 2484 1 4.25011 5.7347e+06
93 15138983 20190912 2000 1 3.42746 4.97681e+06
94 19437067 1569393 2247 1 3.84145 5.88409e+06
95 16550086 1448925 1998 1 3.38347 4.36216e+06
96 4229036 21471731 494 1 0.855646 1.65545e+06
97 4509061 11978555 559 1 0.987565 1.96037e+06
98 12242865 8035667 2175 1 3.71663 4.38493e+06
99 1617943 22603527 2944 1 4.95081 4.224e+06
max-ST-CON-level 3578
min_time 0.400929 s
max_time 5.95021 s
mean_time 2.71511 s
stddev_time 1.29523
min_CONPS                   0.168061 
max_CONPS                   2.4942 
mean_CONPS                  0.505962 
stddev_CONPS                0.377858 
mean_ST, mean_time, stddev_ST: 0.505962, 2.71511, 0.377858 
-----ST_CON_VISITED_NODES-----
min_visited, max_visited, mean_visited, stddev_visited: 146506, 2.01894e+07, 9.32009e+06, 5.82878e+06
