SCALE 16
Edgefactor 16.0
MPI-Nodes 1
Num-ST-CON=100
Filename graphs/streets/asia_osm.mtx.txt.alt
Seed1 1350875326
Seed2 619114117
ST-CON-RUN RED-V BLUE-V DEPTH MN-FOUND TIME(Sec) TEPS
0 5503884 106832 9121 1 8.58151 956634
1 2167510 282101 803 1 0.797479 788159
2 3941071 6268389 14458 1 13.8706 844985
3 93457 8845983 10127 1 9.53315 954408
4 1993346 5792305 5018 1 4.7185 987278
5 2553338 8402622 2816 1 2.66447 773714
6 6427030 89669 17344 1 16.2721 725495
7 10290112 11128938 1475 1 1.41783 464693
8 116546 4007713 9425 1 8.86311 953787
9 3266103 9545021 9378 1 8.74598 859287
10 2453395 7224992 4603 1 4.3261 1.14013e+06
11 1312312 9229966 7569 1 7.06919 651134
12 3305624 9809258 6279 1 5.87474 944808
13 2770549 6336004 3834 1 3.65057 1.16715e+06
14 1162019 10433825 9898 1 9.29439 895545
15 3066035 3286162 3715 1 3.48497 115626
16 4220945 10867836 10290 1 9.63926 880434
17 4872738 7422484 4216 1 3.96811 944422
18 8159112 10736476 3982 1 3.73584 153759
19 4598459 7511225 4966 1 4.66104 944457
20 10193917 4453247 2308 1 2.18931 361374
21 1529756 5274378 4984 1 4.68112 1.08999e+06
22 11270756 4837839 4195 1 3.98664 1.25423e+06
23 10496883 3061521 2864 1 2.71474 948114
24 6981568 11077171 4242 1 4.06545 1.28089e+06
25 8375344 4292860 4303 1 4.05767 1.0229e+06
26 3255784 8478324 15330 1 14.3135 827818
27 1092769 4268486 3229 1 3.0453 645993
28 5595372 4870341 11165 1 10.4955 1.01571e+06
29 1879074 10901371 10129 1 9.4256 189015
30 7936281 9170213 3522 1 3.32287 829665
31 6942054 5409688 4820 1 4.53257 1.16322e+06
32 10033555 6244234 3407 1 3.22576 1.30591e+06
33 5770016 7790223 4679 1 4.39589 993495
34 5622700 7512804 2566 1 2.43143 750960
35 7929260 10337439 14689 1 13.7094 839328
36 8412065 9210751 5379 1 5.03907 690195
37 1083615 4602459 1514 1 1.45883 893371
38 9839154 8935337 2913 1 2.75937 907233
39 6999863 10942186 3480 1 3.32522 1.21012e+06
40 4212951 7223252 5208 1 4.89166 1.1086e+06
41 7706144 6390758 1250 1 1.21251 776293
42 1209934 11045945 2500 1 2.37102 811624
43 8415628 5904378 7476 1 6.98764 707568
44 1441537 11703840 1588 1 1.52924 905096
45 6556608 1694478 6314 1 5.90354 866412
46 2404592 10162850 5323 1 4.99949 1.08624e+06
47 1368738 5703931 14236 1 13.3722 716298
48 9517136 9443888 5125 1 4.8191 894324
49 5008497 3575034 14081 1 13.1516 875139
50 7391611 844918 15525 1 14.546 811979
51 2331188 1405734 4225 1 4.00162 1.14648e+06
52 7596786 1896055 9987 1 9.46155 1.07974e+06
53 105053 3326577 7823 1 7.30307 567421
54 1914682 5352487 8384 1 7.81069 169647
55 1325257 6286247 14778 1 13.7998 860033
56 10828833 3724106 1883 1 1.80002 510248
57 2706908 1180868 12637 1 11.8096 991793
58 7733536 2251019 1726 1 1.6522 496736
59 6254222 3766326 15850 1 14.7554 808332
60 8258484 9214020 4365 1 4.13505 1.47309e+06
61 9601249 2348388 3588 1 3.38786 1.03824e+06
62 7340475 10902288 3559 1 3.3551 476046
63 3659989 315021 1363 1 1.31635 577084
64 10372653 6597280 3386 1 3.19952 779972
65 8183682 2104695 10368 1 9.70187 1.06568e+06
66 954321 4770445 2473 1 2.34651 415202
67 10661747 10029505 1482 1 1.42787 471677
68 11765991 4172205 3426 1 3.28298 1.09176e+06
69 48794 1044157 15617 1 14.6712 813512
70 2950933 989377 4310 1 4.14105 1.05845e+06
71 31239 2266937 17816 1 16.7164 700792
72 1462284 6331652 2714 1 2.57331 915875
73 3355875 8919532 7254 1 6.79043 1.01244e+06
74 6584978 6047596 3734 1 3.52207 1.04749e+06
75 7157421 690661 5088 1 4.78292 974154
76 7764093 3644070 4690 1 4.4153 1.33895e+06
77 10253039 724857 5835 1 5.4779 1.09605e+06
78 5138151 10493829 2847 1 2.6926 462905
79 8194310 4021165 3942 1 3.79127 1.40828e+06
80 1554550 4601569 12951 1 12.1774 975376
81 259900 8566751 10471 1 9.82684 889814
82 3085238 9383605 7029 1 6.57658 517908
83 9460707 5184900 6552 1 6.13065 684978
84 5907651 8968483 6418 1 6.01407 883120
85 5223791 10992609 1420 1 1.36832 557353
86 5321299 6468945 3149 1 2.982 1.11399e+06
87 7708912 2822699 4787 1 4.58214 1.0219e+06
88 4420029 8084321 16428 1 15.4217 775399
89 11271184 3909487 807 1 0.799977 556429
90 7162226 7695662 4096 1 3.86758 1.32361e+06
91 881683 9746505 3725 1 3.58951 1.26745e+06
92 10718675 10781767 10014 1 9.6136 883032
93 7555004 10076135 9616 1 9.19009 973208
94 9699934 783195 9982 1 9.47215 839168
95 8259206 723076 4179 1 3.95589 1.11437e+06
96 2110471 10715319 5235 1 4.92059 1.14098e+06
97 2250216 5977815 6079 1 5.6994 929921
98 6109717 4010144 4310 1 4.06204 889876
99 807423 11280134 3599 1 3.38552 168504
max-ST-CON-level 17816
min_time 0.797479 s
max_time 16.7164 s
mean_time 6.05886 s
stddev_time 4.09337
min_CONPS                   0.0598214 
max_CONPS                   1.25395 
mean_CONPS                  0.268778 
stddev_CONPS                0.222213 
mean_ST, mean_time, stddev_ST: 0.268778, 6.05886, 0.222213 
-----ST_CON_VISITED_NODES-----
min_visited, max_visited, mean_visited, stddev_visited: 372863, 1.12153e+07, 4.87658e+06, 3.34092e+06
