SCALE 16
Edgefactor 16.0
MPI-Nodes 1
Num-ST-CON=100
Filename graphs/dense/wiki-Talk.txt
Seed1 554498425
Seed2 2103812616
ST-CON-RUN RED-V BLUE-V DEPTH MN-FOUND TIME(Sec) TEPS
0 1102726 21404 2 1 0.0175911 41214
1 434270 56520 2 1 0.0116195 120402
2 789610 1255898 2 1 0.0115578 42049.7
3 18724 1772330 2 1 0.0116326 1.02393e+06
4 399375 1160513 2 1 0.0116795 32107.4
5 511572 1683501 2 1 0.0116126 17567.1
6 1287683 17965 8 0 0.0334021 1.39413e+08
7 2061668 2229730 2 1 0.0115575 21977
8 23350 802962 2 1 0.0116584 366945
9 654377 1912386 2 1 0.0115856 31677.4
10 491548 1447558 2 1 0.0116976 286812
11 262927 1849263 2 1 0.0115574 61346.1
12 662296 1965327 2 1 0.0116356 31970.8
13 555091 1269445 2 1 0.0115784 57693.8
14 232815 2090461 2 1 0.0115935 32776.9
15 614293 658396 2 1 0.0115522 75223.7
16 845684 2177417 2 1 0.0116244 3441.03
17 976274 1487126 2 1 0.0115917 43565.7
18 1634713 2151099 2 1 0.0115666 39337.5
19 921321 1504906 2 1 0.0116119 69153
20 2042395 892227 2 1 0.0115947 38811
21 306493 1056744 2 1 0.0115858 225103
22 2258144 969282 2 1 0.0115597 17128.5
23 2103095 613388 2 1 0.0115682 46593
24 1398787 2219359 2 1 0.0115554 58327.5
25 1678036 860093 2 1 0.0116076 18608.5
26 652310 1698668 3 1 0.0119447 426046
27 218941 855209 2 1 0.0115526 11426
28 1121056 975793 3 1 0.0128388 2.50351e+06
29 376480 2184136 2 1 0.0115834 75625.7
30 1590068 1837291 2 1 0.0115805 24869.5
31 1390870 1083854 2 1 0.0116531 44966.6
32 2010266 1251059 2 1 0.0115678 35270.4
33 1156047 1560804 2 1 0.0115745 29202.1
34 1126532 1505222 2 1 0.0116065 11545.3
35 1588661 2071150 2 1 0.0115911 21654.6
36 1685393 1845413 2 1 0.0115525 26228.1
37 217106 922122 2 1 0.0115646 24471.2
38 1971316 1790233 2 1 0.0116295 86504
39 1402452 2192314 2 1 0.0115582 61168.5
40 844083 1447209 3 1 0.011958 1.18591e+06
41 1543959 1280415 2 1 0.0115372 60586.6
42 242415 2213102 2 1 0.0115685 38207.2
43 1686107 1182967 2 1 0.011572 34220.5
44 288818 2344914 3 1 0.0119908 445927
45 1313644 339496 2 1 0.0115942 6296.27
46 481770 2036170 2 1 0.0116671 124452
47 274232 1142807 2 1 0.0115771 64264.6
48 1906799 1892123 2 1 0.0116467 5666.85
49 1003474 716273 2 1 0.0115543 58939.3
50 1480941 169283 2 1 0.0116827 237360
51 467063 281644 2 1 0.0115644 49029.9
52 1522048 379882 2 1 0.0115545 8394.99
53 21047 666494 2 1 0.0116001 244308
54 383614 1072393 2 1 0.0115707 101290
55 265521 1259476 2 1 0.011583 56721.2
56 2169603 746140 2 1 0.0116288 35343.2
57 542340 236592 2 1 0.0115252 45465.7
58 1549447 451001 2 1 0.0115802 48444.7
59 1253060 754599 2 1 0.0115708 36817
60 1654622 1846068 2 1 0.0115958 49500.7
61 1923651 470509 3 1 0.0131561 4.76318e+06
62 1470695 2184320 2 1 0.0116213 10239.9
63 733294 63115 2 1 0.0116115 82418.6
64 2078205 1321793 2 1 0.0115826 25987.3
65 1639636 421684 2 1 0.0115648 36836.1
66 191202 955779 2 1 0.011562 60543.3
67 2136127 2009454 2 1 0.0116174 68345.7
68 2357367 835919 2 1 0.0115605 26642.4
69 9776 209201 2 1 0.0115886 68342.9
70 591232 198226 2 1 0.0115592 35296.7
71 6258 454190 2 1 0.0122366 4.48768e+06
72 292974 1268573 2 1 0.0116143 52952
73 672364 1787066 2 1 0.0115762 31530.1
74 1319328 1211661 2 1 0.011612 18601.5
75 1434020 138376 2 1 0.0115911 134672
76 1555569 730105 2 1 0.011573 26181.7
77 2054240 145228 2 1 0.0116 61465.6
78 1029450 2102483 2 1 0.0115649 23346.5
79 1641765 805657 2 1 0.0116331 126707
80 311460 921944 2 1 0.0115555 24490.5
81 52072 1716385 2 1 0.0116678 263032
82 618140 1880045 2 1 0.0116238 5075.8
83 1895493 1038817 2 1 0.0116584 44431.5
84 1183623 1796874 2 1 0.011551 14024.8
85 1046609 2202416 2 1 0.0115971 5863.56
86 1066145 1296081 2 1 0.0115838 18733.1
87 1544513 565540 2 1 0.0115742 56850.8
88 885572 1619728 2 1 0.0116247 24086.6
89 2258230 783282 2 1 0.0115565 23969.1
90 1434982 1541859 2 1 0.0116108 37982
91 176649 1952754 2 1 0.0115886 60576.8
92 2147532 2160173 2 1 0.0115495 17057
93 1513677 2018797 2 1 0.0115593 11678.9
94 1943423 156916 2 1 0.0115982 45265.5
95 1654767 144871 2 1 0.0115632 22571.6
96 422842 2146860 2 1 0.0116413 36679.8
97 450840 1197681 2 1 0.0116292 23733.4
98 1224108 803449 2 1 0.0115714 25580.4
99 161770 2260023 3 1 0.0126048 1.69237e+06
max-ST-CON-level 8
min_time 0.0115252 s
max_time 0.0334021 s
mean_time 0.0119263 s
stddev_time 0.00226182
min_CONPS                   29.9383 
max_CONPS                   86.7666 
mean_CONPS                  85.0253 
stddev_CONPS                6.47959 
mean_ST, mean_time, stddev_ST: 85.0253, 0.0119263, 6.47959 
-----ST_CON_VISITED_NODES-----
min_visited, max_visited, mean_visited, stddev_visited: 5, 2.38896e+06, 24063.8, 238879
