SCALE 16
Edgefactor 16.0
MPI-Nodes 1
Num-ST-CON=100
Filename graphs/dense/soc-Epinions1.txt
Seed1 1070997202
Seed2 702247845
ST-CON-RUN RED-V BLUE-V DEPTH MN-FOUND TIME(Sec) TEPS
0 34950 678 2 1 0.000604561 1.27398e+07
1 13763 1791 2 1 0.00056902 414748
2 25026 39805 2 1 0.000560199 758659
3 593 56173 2 1 0.000560239 4.27675e+06
4 12658 36781 2 1 0.000559679 2.57648e+06
5 16214 53357 2 1 0.000557331 471892
6 40812 569 2 1 0.000554041 5.94902e+06
7 65343 70670 4 1 0.000902265 2.54027e+07
8 740 25449 2 1 0.000559667 241215
9 20740 60612 3 1 0.000744868 7.58269e+07
10 15579 45879 2 1 0.000559516 573710
11 8333 58611 3 1 0.000722934 1.1546e+07
12 20991 62290 2 1 0.000555264 212512
13 17593 40234 2 1 0.000558494 871988
14 7378 66256 3 1 0.000752068 8.99879e+07
15 19469 20867 2 1 0.000562819 2.81796e+06
16 26803 69012 3 1 0.000721052 9.67891e+06
17 30942 47133 3 1 0.000736557 1.63708e+07
18 51811 68178 3 1 0.000719322 1.15386e+06
19 29200 47697 3 1 0.000735848 4.77137e+06
20 64732 28278 3 1 0.000724965 1.62987e+07
21 9714 33493 2 1 0.000561659 988144
22 71570 30720 2 1 0.000558297 696762
23 66656 19441 2 1 0.000558412 2.16686e+06
24 44333 70341 3 1 0.000714206 2.57069e+06
25 53184 27260 2 1 0.00055857 248850
26 20674 53838 2 1 0.000559158 1.85994e+06
27 6939 27105 2 1 0.000559383 1.09049e+06
28 35531 30927 2 1 0.000580424 298058
29 11932 69225 3 1 0.000746939 5.5548e+07
30 50396 58232 3 1 0.000719273 1.09138e+06
31 44083 34352 2 1 0.000562074 1.14398e+06
32 63714 39651 3 1 0.00072587 1.69672e+07
33 36640 49469 3 1 0.000736097 3.89745e+07
34 35704 47707 2 1 0.000555717 399484
35 50351 65644 3 1 0.000719442 881238
36 53417 58489 3 1 0.000714829 225229
37 6881 29226 2 1 0.000560193 564091
38 62480 56740 3 1 0.000726281 848157
39 44450 69484 4 1 0.000894649 1.38602e+07
40 26752 45868 3 1 0.000722615 9.85172e+06
41 48935 40582 2 1 0.000561837 297239
42 7683 70143 3 1 0.000736539 2.60339e+07
43 53440 37493 2 1 0.000562903 637765
44 9153 74321 2 1 0.000561391 609201
45 41635 10760 2 1 0.000590136 2.54009e+06
46 15269 64535 3 1 0.000733348 2.17809e+07
47 8691 36220 2 1 0.000563348 2.20468e+06
48 60435 59970 3 1 0.000725765 2.23626e+06
49 31804 22701 2 1 0.000566449 368965
50 46937 5365 2 1 0.000563728 337042
51 14803 8926 2 1 0.000563483 491585
52 48240 12040 2 1 0.000558642 753613
53 667 21124 2 1 0.000563775 5.79664e+06
54 12158 33989 2 1 0.000564493 286983
55 8415 39918 2 1 0.000563793 3.29021e+06
56 68764 23648 3 1 0.000725011 8.90331e+06
57 17189 7498 2 1 0.000562225 1.43537e+06
58 49109 14294 3 1 0.000783418 4.84122e+07
59 39715 23916 3 1 0.000769723 7.46567e+07
60 52442 58510 3 1 0.000722893 379033
61 60969 14912 3 1 0.00135568 1.02094e+08
62 46613 69231 2 1 0.00056156 106845
63 23241 2000 2 1 0.000563648 4.00072e+06
64 65867 41893 2 1 0.000561836 743989
65 51967 13365 2 1 0.000563059 365859
66 6060 30292 2 1 0.000563871 326316
67 67703 63688 3 1 0.00072051 306727
68 74715 26494 2 1 0.000563606 253723
69 309 6630 2 1 0.000560798 2.42155e+06
70 18738 6282 2 1 0.000562621 6.31153e+06
71 198 14395 1 1 0.000434318 476609
72 9285 40206 2 1 0.000562048 279336
73 21310 56640 2 1 0.000569417 6.89653e+06
74 41815 38403 2 1 0.000569203 518269
75 45450 4385 2 1 0.000572501 1.01659e+06
76 49303 23140 2 1 0.000562497 977783
77 65108 4602 3 1 0.000756344 9.47426e+07
78 32627 66637 2 1 0.00056494 732821
79 52035 25534 2 1 0.00056496 509771
80 9871 29220 2 1 0.00056284 490370
81 1650 54400 2 1 0.000570068 9.24802e+06
82 19591 59587 2 1 0.000568895 427144
83 60076 32924 2 1 0.000571029 754778
84 37514 56951 3 1 0.000727401 7.46631e+06
85 33171 69804 3 1 0.000727499 6.34228e+06
86 33790 41078 3 1 0.00073343 1.53212e+07
87 48952 17924 2 1 0.000562325 476593
88 28067 51336 3 1 0.000759724 2.07496e+07
89 71573 24825 2 1 0.000562265 750536
90 45481 48868 2 1 0.000564065 592130
91 5598 61891 3 1 0.000736247 1.42357e+07
92 68065 68465 3 1 0.000750401 333155
93 47975 63984 3 1 0.000726739 736165
94 61595 4973 3 1 0.000753024 7.03244e+07
95 52447 4591 3 1 0.000745591 4.9169e+07
96 13401 68043 3 1 0.000736002 1.63872e+07
97 14289 37959 2 1 0.000624249 2.07449e+06
98 38797 25464 2 1 0.000595141 283966
99 5127 71630 2 1 0.000563868 1.91889e+06
max-ST-CON-level 4
min_time 0.000434318 s
max_time 0.00135568 s
mean_time 0.000639719 s
stddev_time 0.000117258
min_CONPS                   737.638 
max_CONPS                   2302.46 
mean_CONPS                  1604.16 
stddev_CONPS                237.137 
mean_ST, mean_time, stddev_ST: 1604.16, 0.000639719, 237.137 
-----ST_CON_VISITED_NODES-----
min_visited, max_visited, mean_visited, stddev_visited: 3, 4432, 237.65, 603.484
