SCALE 16
Edgefactor 16.0
MPI-Nodes 1
Num-ST-CON=100
Filename graphs/streets/roadNet-CA.mtx.txt.alt
Seed1 1580399571
Seed2 769057887
ST-CON-RUN RED-V BLUE-V DEPTH MN-FOUND TIME(Sec) TEPS
0 907868 17622 150 1 0.0928886 1.18776e+07
1 357531 46532 171 1 0.0750914 8.28606e+06
2 650081 1033973 243 1 0.120773 1.49714e+07
3 15415 1459148 161 1 0.0844918 1.40517e+07
4 328803 955443 200 1 0.104239 1.26937e+07
5 421174 1386016 147 1 0.0743601 8.79069e+06
6 1060141 14791 233 1 0.121985 1.40013e+07
7 1697358 1835723 74 1 0.0268897 3.13012e+06
8 19224 661074 111 1 0.0581281 1.0083e+07
9 538745 1574455 72 1 0.0304526 4.42225e+06
10 404688 1191765 176 1 0.0893018 1.17002e+07
11 216466 1522487 137 1 0.0622846 7.66086e+06
12 545264 1618041 132 1 0.0643721 1.03643e+07
13 457003 1045126 212 1 0.0997634 1.01025e+07
14 191675 1721064 214 1 0.096818 1.01826e+07
15 505743 542053 60 1 0.0238786 3.13691e+06
16 696246 1792654 173 1 0.0885056 1.45464e+07
17 803760 1224342 326 1 0.150164 1.21863e+07
18 1345849 1770986 211 1 0.106611 1.59254e+07
19 758517 1238980 246 1 0.124133 1.65452e+07
20 1681491 734565 141 1 0.0752392 1.1063e+07
21 252333 870011 140 1 0.0615109 8.80121e+06
22 1859116 798003 109 1 0.0487389 6.50101e+06
23 1731465 504999 271 1 0.136238 1.18607e+07
24 1151612 1827184 110 1 0.0526083 7.43179e+06
25 1381516 708109 268 1 0.135867 1.37498e+07
26 537043 1398503 95 1 0.036669 4.93092e+06
27 180252 704088 107 1 0.0507032 6.50807e+06
28 922959 803364 347 1 0.177002 1.16632e+07
29 309954 1798186 265 1 0.128526 1.48089e+07
30 1309093 1512630 190 1 0.0869133 1.24584e+07
31 1145094 892330 279 1 0.137024 1.51993e+07
32 1655039 1029989 168 1 0.0834239 1.14286e+07
33 951766 1285000 66 1 0.0302355 4.3271e+06
34 927466 1239240 87 1 0.0418361 6.14809e+06
35 1307935 1705165 354 1 0.179193 1.33838e+07
36 1387573 1519317 141 1 0.0632932 7.62998e+06
37 178742 759177 154 1 0.0641194 6.48961e+06
38 1622972 1473887 66 1 0.0283005 3.49305e+06
39 1154630 1804918 72 1 0.0328196 4.25624e+06
40 694928 1191478 200 1 0.107137 1.65253e+07
41 1271131 1054158 56 1 0.0226624 2.98852e+06
42 199579 1822033 202 1 0.0974736 8.63198e+06
43 1388161 973929 77 1 0.0360561 4.85743e+06
44 237782 1930553 130 1 0.0584633 7.55823e+06
45 1081515 279504 255 1 0.128692 1.48849e+07
46 396638 1676366 249 1 0.126003 1.50646e+07
47 225774 940866 200 1 0.0981376 1.27808e+07
48 1569855 1557773 89 1 0.0446114 6.09548e+06
49 826153 589703 166 1 0.074626 1.01031e+07
50 1219249 139369 225 1 0.120558 1.596e+07
51 384530 231876 81 1 0.0298773 3.59587e+06
52 1253093 312755 44 1 0.0196348 1.35331e+06
53 17328 548720 133 1 0.0674602 1.21287e+07
54 315827 882895 677 0 0.304757 9.05768e+06
55 218601 1036919 211 1 0.0932495 8.98287e+06
56 1786220 614293 209 1 0.105218 1.6192e+07
57 446505 194784 93 1 0.0398352 5.1992e+06
58 1275650 371306 94 1 0.040689 5.37735e+06
59 1031636 621257 317 1 0.162052 1.41785e+07
60 1362240 1519856 125 1 0.0629791 8.44669e+06
61 1583730 387367 121 1 0.0557795 6.98362e+06
62 1210814 1798337 199 1 0.0908536 1.23552e+07
63 603716 51962 239 1 0.125046 1.62768e+07
64 1710973 1088224 309 1 0.150782 1.31836e+07
65 1349902 347170 70 1 0.0258764 3.4557e+06
66 157415 786887 117 1 0.0523162 6.07359e+06
67 1758660 1654371 46 1 0.0202034 1.96947e+06
68 1940805 688207 86 1 0.0332833 4.56926e+06
69 8048 172234 107 1 0.0501584 6.63427e+06
70 486757 163198 118 1 0.0464388 4.64427e+06
71 5152 373932 185 1 0.0981533 1.45763e+07
72 241204 1044408 152 1 0.0642381 6.12249e+06
73 553553 1471280 138 1 0.0674268 1.10242e+07
74 1086195 997553 289 1 0.146141 1.40299e+07
75 1180619 113924 63 1 0.029444 4.59418e+06
76 1280690 601091 59 1 0.0263794 3.44886e+06
77 1691243 119565 156 1 0.0775937 9.83908e+06
78 847540 1730961 188 1 0.084446 9.14273e+06
79 1351655 663293 83 1 0.0356476 4.84074e+06
80 256423 759030 51 1 0.0213373 905410
81 42870 1413089 194 1 0.104444 1.55483e+07
82 508911 1547829 126 1 0.0668081 1.26699e+07
83 1560547 855251 101 1 0.0376036 4.27358e+06
84 974469 1479355 194 1 0.101731 1.68681e+07
85 861666 1813235 112 1 0.049614 8.2491e+06
86 877750 1067055 235 1 0.122062 1.61782e+07
87 1271588 465605 256 1 0.132818 1.67473e+07
88 729085 1333512 178 1 0.0945279 1.60419e+07
89 1859186 644871 134 1 0.0623806 9.3662e+06
90 1181412 1269402 240 1 0.128796 1.69207e+07
91 145434 1607690 66 1 0.0280966 3.95803e+06
92 1768050 1778457 41 1 0.018985 886016
93 1246201 1662062 235 1 0.121727 1.49706e+07
94 1600008 129188 72 1 0.0306785 3.75332e+06
95 1362359 119271 176 1 0.0954035 1.46582e+07
96 348123 1767496 157 1 0.0792063 1.35589e+07
97 371174 986043 110 1 0.048424 6.17758e+06
98 1007800 661475 190 1 0.0971273 1.45688e+07
99 133184 1591548 116 1 0.0535289 8.29545e+06
max-ST-CON-level 677
min_time 0.018985 s
max_time 0.304757 s
mean_time 0.0796107 s
stddev_time 0.0459717
min_CONPS                   3.2813 
max_CONPS                   52.6732 
mean_CONPS                  17.8517 
stddev_CONPS                11.5749 
mean_ST, mean_time, stddev_ST: 17.8517, 0.0796107, 11.5749 
-----ST_CON_VISITED_NODES-----
min_visited, max_visited, mean_visited, stddev_visited: 12393, 1.95703e+06, 652768, 525108
