SCALE 16
Edgefactor 16.0
MPI-Nodes 1
Num-ST-CON=100
Filename graphs/streets/netherlands_osm.mtx.txt.alt
Seed1 1613500882
Seed2 258668315
ST-CON-RUN RED-V BLUE-V DEPTH MN-FOUND TIME(Sec) TEPS
0 1020889 19815 484 1 0.17908 4.61679e+06
1 402041 52325 325 1 0.0909253 3.5639e+06
2 731010 1162693 558 1 0.203713 5.61935e+06
3 17335 1640799 25 1 0.0162024 87024.4
4 369736 1074387 439 1 0.160546 4.81692e+06
5 473606 1558562 174 1 0.0530557 2.03739e+06
6 1192119 16632 529 1 0.232917 5.6627e+06
7 1908664 2064254 551 1 0.200838 4.74104e+06
8 21617 743371 224 1 0.0664383 3.00339e+06
9 605814 1770461 140 1 0.0445275 588086
10 455068 1340129 587 1 0.222194 5.05731e+06
11 243414 1712022 339 1 0.112097 3.65071e+06
12 613144 1819473 518 1 0.184437 3.87499e+06
13 513896 1175235 470 1 0.176025 4.63724e+06
14 215537 1935321 435 1 0.153227 5.2477e+06
15 568704 609534 446 1 0.144301 4.53232e+06
16 782923 2015823 1001 1 0.272225 4.82643e+06
17 903821 1376761 423 1 0.138849 4.37315e+06
18 1513395 1991458 386 1 0.1232 4.34294e+06
19 852946 1393221 434 1 0.156917 4.47732e+06
20 1890821 826011 510 1 0.192481 5.12439e+06
21 283747 978319 476 1 0.176124 4.72785e+06
22 2090559 897348 465 1 0.161453 4.82093e+06
23 1947017 567867 151 1 0.0473806 1.15836e+06
24 1294978 2054652 702 1 0.241979 4.81242e+06
25 1553503 796262 414 1 0.134456 4.04841e+06
26 603900 1572604 514 1 0.179954 4.73516e+06
27 202692 791741 479 1 0.129195 2.93e+06
28 1037859 903376 413 1 0.113973 4.15618e+06
29 348540 2022044 894 1 0.306021 5.32788e+06
30 1472063 1700939 377 1 0.142863 4.58855e+06
31 1287648 1003417 425 1 0.123219 4.59052e+06
32 1861076 1158213 458 1 0.166743 5.06506e+06
33 1070253 1444971 336 1 0.114337 3.48579e+06
34 1042928 1393514 446 1 0.136599 4.67697e+06
35 1470761 1917442 324 1 0.104837 3.80208e+06
36 1560314 1708458 424 1 0.162509 4.81835e+06
37 200994 853688 200 1 0.0597011 1.94064e+06
38 1825018 1657373 415 1 0.148368 4.79788e+06
39 1298371 2029614 601 1 0.224915 4.52493e+06
40 781440 1339807 346 1 0.0969658 3.7521e+06
41 1429376 1185391 302 1 0.0963928 3.77461e+06
42 224425 2048860 784 1 0.268564 4.43546e+06
43 1560975 1095175 353 1 0.110407 4.16253e+06
44 267384 2170890 319 1 0.0987007 4.62526e+06
45 1216154 314300 740 1 0.194041 3.42395e+06
46 446016 1885059 452 1 0.175362 4.86625e+06
47 253880 1057995 279 1 0.079915 3.10315e+06
48 1765288 1751702 94 1 0.0333182 747219
49 929002 663116 456 1 0.144967 4.26371e+06
50 1371035 156719 383 1 0.123208 4.73221e+06
51 432401 260743 415 1 0.14994 5.26826e+06
52 1409092 351690 602 1 0.226159 5.08898e+06
53 19485 617031 311 1 0.103135 4.21769e+06
54 355145 992807 320 1 0.0896798 1.96724e+06
55 245815 1166006 245 1 0.0713041 2.4614e+06
56 2008589 690767 462 1 0.160655 4.94474e+06
57 502091 219033 334 1 0.0999055 3.66911e+06
58 1434457 417531 418 1 0.151413 4.84739e+06
59 1160066 698598 161 1 0.0501483 1.61168e+06
60 1531827 1709065 434 1 0.165979 4.72473e+06
61 1780890 435591 581 1 0.187466 4.87159e+06
62 1361550 2022214 477 1 0.159309 4.69075e+06
63 678874 58431 653 1 0.24964 5.24336e+06
64 1923974 1223698 539 1 0.207224 5.23365e+06
65 1517952 390390 320 1 0.0985813 4.0394e+06
66 177012 884847 79 1 0.0297973 366140
67 1977597 1860325 186 1 0.0571133 2.53925e+06
68 2182418 773882 550 1 0.212614 5.20911e+06
69 9050 193675 341 1 0.114057 3.96883e+06
70 547354 183515 539 1 0.20933 5.34622e+06
71 5794 420483 166 1 0.0513111 1.37249e+06
72 271232 1174428 87 1 0.0318015 379730
73 622465 1654442 535 1 0.191824 5.24892e+06
74 1221416 1121740 657 1 0.202799 5.26919e+06
75 1327596 128107 452 1 0.167995 4.67667e+06
76 1440125 675921 236 1 0.0714572 2.47182e+06
77 1901788 134450 436 1 0.138463 4.54623e+06
78 953051 1946450 386 1 0.109701 4.54935e+06
79 1519924 745867 463 1 0.16811 5.64535e+06
80 288346 853523 420 1 0.160664 5.67247e+06
81 48207 1589006 168 1 0.0520922 1.95903e+06
82 572266 1740520 155 1 0.0486893 1.38827e+06
83 1754822 961722 654 1 0.260769 5.92013e+06
84 1095782 1663521 585 1 0.174391 5.58451e+06
85 968936 2038967 904 1 0.295006 4.67818e+06
86 987022 1199894 916 1 0.332863 5.02526e+06
87 1429889 523569 181 1 0.0549951 1.47344e+06
88 819850 1499522 431 1 0.148614 4.38768e+06
89 2090638 725152 427 1 0.159881 4.54289e+06
90 1328487 1427432 330 1 0.103211 3.8048e+06
91 163539 1807833 229 1 0.0681584 3.65578e+06
92 1988156 1999859 238 1 0.0690167 1.64405e+06
93 1401342 1868974 331 1 0.110275 4.28611e+06
94 1799195 145271 245 1 0.0713889 2.04904e+06
95 1531961 134120 263 1 0.0824424 3.64765e+06
96 391461 1987534 475 1 0.167666 4.91676e+06
97 417382 1108796 590 1 0.17735 4.86054e+06
98 1133262 743822 590 1 0.185523 4.55673e+06
99 149765 2092299 589 1 0.239578 5.6158e+06
max-ST-CON-level 1001
min_time 0.0162024 s
max_time 0.332863 s
mean_time 0.143102 s
stddev_time 0.0671263
min_CONPS                   3.00424 
max_CONPS                   61.7194 
mean_CONPS                  9.72595 
stddev_CONPS                8.01715 
mean_ST, mean_time, stddev_ST: 9.72595, 0.143102, 8.01715 
-----ST_CON_VISITED_NODES-----
min_visited, max_visited, mean_visited, stddev_visited: 1219, 1.52215e+06, 584467, 367341
