SCALE 16
Edgefactor 16.0
MPI-Nodes 1
Num-ST-CON=100
Filename graphs/streets/belgium_osm.mtx.txt.alt
Seed1 1378168245
Seed2 1643605108
ST-CON-RUN RED-V BLUE-V DEPTH MN-FOUND TIME(Sec) TEPS
0 663784 12884 158 1 0.0464646 1.59089e+06
1 261408 34022 503 1 0.120377 6.76218e+06
2 475304 755986 198 1 0.0466166 3.07148e+06
3 11271 1066851 357 1 0.0813252 2.77436e+06
4 240403 698569 150 1 0.0351486 1.46509e+06
5 307940 1013381 210 1 0.0483041 2.27395e+06
6 775118 10814 96 1 0.0231779 927779
7 1241018 1342183 122 1 0.0289701 1.29996e+06
8 14055 483342 333 1 0.102331 4.91413e+06
9 393901 1151157 389 1 0.12931 4.70547e+06
10 295886 871355 230 1 0.0543219 4.18413e+06
11 158268 1113161 111 1 0.0263894 1.05281e+06
12 398668 1183025 284 1 0.0709036 4.38957e+06
13 334136 764140 299 1 0.0836641 4.38511e+06
14 140143 1258350 616 1 0.174267 5.56603e+06
15 369772 396320 579 1 0.184921 5.29086e+06
16 509058 1310693 369 1 0.121748 5.25016e+06
17 587666 895173 280 1 0.0680551 4.53713e+06
18 984013 1294850 438 1 0.156621 5.29862e+06
19 554587 905876 237 1 0.0551815 2.95893e+06
20 1229416 537074 379 1 0.102594 5.00194e+06
21 184493 636105 203 1 0.0479317 2.99931e+06
22 1359286 583457 202 1 0.0463616 1.61099e+06
23 1265955 369228 164 1 0.038275 1.93155e+06
24 841997 1335939 587 1 0.135884 5.29748e+06
25 1010091 517731 469 1 0.153045 5.35398e+06
26 392657 1022511 148 1 0.0351359 2.15318e+06
27 131791 514792 525 1 0.178934 5.74323e+06
28 674818 587377 140 1 0.0331654 1.62272e+06
29 226622 1314737 167 1 0.0393431 2.43354e+06
30 957139 1105954 532 1 0.145487 6.20862e+06
31 837232 652424 224 1 0.0524067 3.03635e+06
32 1210076 753073 454 1 0.138945 5.20371e+06
33 695881 939524 452 1 0.132191 5.88851e+06
34 678114 906066 391 1 0.11951 4.82497e+06
35 956292 1246725 595 1 0.134687 3.02563e+06
36 1014520 1110843 458 1 0.14862 5.28979e+06
37 130687 555070 301 1 0.0770259 3.60123e+06
38 1186631 1077628 228 1 0.0538316 3.78048e+06
39 844204 1319660 241 1 0.0580973 4.15844e+06
40 508094 871145 340 1 0.0951256 4.93409e+06
41 929383 770744 373 1 0.0867704 4.44844e+06
42 145921 1332173 620 1 0.157005 6.15525e+06
43 1014949 712085 429 1 0.140605 4.9878e+06
44 173853 1411517 628 1 0.205289 5.18317e+06
45 790746 204359 329 1 0.0874197 4.9952e+06
46 290000 1225669 414 1 0.141973 5.56635e+06
47 165073 687911 200 1 0.0468217 2.30472e+06
48 1147794 1138960 516 1 0.11849 3.62872e+06
49 604039 431159 188 1 0.0437 1.93879e+06
50 891450 101899 335 1 0.0774565 3.50113e+06
51 281148 169535 581 1 0.168986 5.61726e+06
52 916194 228669 238 1 0.0564065 4.40114e+06
53 12669 401195 287 1 0.0745064 4.48006e+06
54 230916 645525 327 1 0.109945 5.12902e+06
55 159829 758140 691 1 0.160164 5.75711e+06
56 1305989 449138 372 1 0.128898 5.43588e+06
57 326461 142416 651 1 0.172162 5.62713e+06
58 932687 271479 212 1 0.0482013 988956
59 754277 454230 283 1 0.0666108 4.10521e+06
60 995997 1111238 112 1 0.0268074 961638
61 1157939 283222 315 1 0.0777858 4.18918e+06
62 885283 1314848 447 1 0.141949 5.41261e+06
63 441405 37992 241 1 0.0572272 4.53935e+06
64 1250972 795651 172 1 0.0403094 1.89899e+06
65 986976 253832 727 1 0.238428 4.77478e+06
66 115093 575329 361 1 0.114632 5.32626e+06
67 1285838 1209588 89 1 0.0215544 162334
68 1419013 503180 298 1 0.0844202 4.37655e+06
69 5884 125928 244 1 0.0599566 5.16164e+06
70 355891 119321 235 1 0.0554302 2.84343e+06
71 3767 273399 251 1 0.0684193 5.02469e+06
72 176355 763616 104 1 0.0251861 1.16346e+06
73 404728 1075722 220 1 0.0521745 3.54388e+06
74 794167 729358 125 1 0.030011 1.46919e+06
75 863206 83295 68 1 0.0172137 681259
76 936372 439485 344 1 0.0805093 4.44789e+06
77 1236547 87419 212 1 0.0502713 3.4093e+06
78 619676 1265586 337 1 0.103973 5.05693e+06
79 988258 484964 199 1 0.0470544 2.55951e+06
80 187483 554962 250 1 0.0581682 2.56309e+06
81 31344 1033175 122 1 0.029188 1.11309e+06
82 372088 1131690 284 1 0.0662294 3.4827e+06
83 1140989 625314 341 1 0.0900972 5.30071e+06
84 712480 1081625 178 1 0.0420134 2.42837e+06
85 630004 1325741 301 1 0.0747085 4.63711e+06
86 641764 780174 364 1 0.1068 4.9503e+06
87 929717 340425 212 1 0.0481312 393238
88 533068 974993 455 1 0.106605 5.49845e+06
89 1359338 471495 155 1 0.037016 1.95761e+06
90 863785 928119 400 1 0.10198 4.81643e+06
91 106333 1175457 332 1 0.078261 4.78355e+06
92 1292704 1300313 584 1 0.171866 5.49877e+06
93 911156 1215211 380 1 0.120356 4.92745e+06
94 1169840 94455 243 1 0.0604419 4.37018e+06
95 996084 87205 319 1 0.0761165 4.28223e+06
96 254529 1292299 384 1 0.10667 5.58921e+06
97 271382 720942 110 1 0.0265443 1.15298e+06
98 736850 483635 264 1 0.0691637 4.33618e+06
99 97377 1360417 256 1 0.0728683 5.15995e+06
max-ST-CON-level 727
min_time 0.0172137 s
max_time 0.238428 s
mean_time 0.0865264 s
stddev_time 0.0483015
min_CONPS                   4.19414 
max_CONPS                   58.0932 
mean_CONPS                  16.2528 
stddev_CONPS                10.3989 
mean_ST, mean_time, stddev_ST: 16.2528, 0.0865264, 10.3989 
-----ST_CON_VISITED_NODES-----
min_visited, max_visited, mean_visited, stddev_visited: 3294, 1.05304e+06, 364091, 287674
