SCALE 16
Edgefactor 16.0
MPI-Nodes 1
Num-ST-CON=100
Filename graphs/dense/com-youtube.txt
Seed1 1741791241
Seed2 1194531363
ST-CON-RUN RED-V BLUE-V DEPTH MN-FOUND TIME(Sec) TEPS
0 533234 27330 2 1 0.00904796 319740
1 209995 607302 3 1 0.00359453 2.94409e+07
2 381823 857028 3 1 0.00268174 1.41512e+06
3 9054 561177 3 1 0.0041247 8.44946e+07
4 193122 814073 3 1 0.00271536 2.87659e+06
5 247375 8687 2 1 0.00246307 517241
6 622671 1078208 4 1 0.00297053 1.11939e+07
7 996940 388280 4 1 0.00375726 1.38455e+07
8 11291 924753 2 1 0.00248714 665824
9 316430 699981 2 1 0.00249216 147663
10 237693 894229 3 1 0.00273978 1.58878e+07
11 127141 950353 2 1 0.00246195 1.33553e+06
12 320259 613853 3 1 0.00266244 2.79706e+06
13 268420 1010863 4 1 0.00433008 1.28307e+08
14 112580 318374 2 1 0.00247662 715492
15 297047 1052911 3 1 0.00266526 596939
16 408939 719114 3 1 0.00330173 1.0847e+07
17 472086 1040185 3 1 0.00265262 134584
18 790481 727712 2 1 0.00235005 95317.1
19 445513 431445 3 1 0.00265135 356045
20 987620 510999 4 1 0.00409441 8.33971e+07
21 148207 468705 3 1 0.00270604 1.07958e+07
22 1091948 296610 4 1 0.00396135 6.16833e+07
23 1016972 1073192 4 1 0.00392897 5.48003e+07
24 676397 415906 3 1 0.00341651 2.918e+07
25 811431 821408 3 1 0.00266062 323609
26 315431 413545 2 1 0.00244095 106925
27 105871 471854 2 1 0.0024568 3.35965e+06
28 542098 1056160 3 1 0.00328465 5.37713e+06
29 182050 524108 3 1 0.0027296 9.86114e+06
30 768893 604962 3 1 0.00266003 2.05561e+06
31 672569 754742 3 1 0.00271219 6.99546e+06
32 972084 727865 3 1 0.00268095 1.25105e+06
33 559018 1001525 4 1 0.00288118 2.81378e+06
34 544745 445901 3 1 0.00269506 1.26973e+06
35 768212 865685 3 1 0.00271358 742931
36 814988 1060115 3 1 0.00296945 723367
37 104984 699812 2 1 0.00247016 674451
38 953249 619157 4 1 0.00286567 137490
39 678169 1070167 3 1 0.00331533 1.20362e+07
40 408164 572035 3 1 0.00269755 2.92228e+06
41 746596 1133906 3 1 0.00331793 7.41306e+06
42 117222 164166 2 1 0.0025169 453732
43 815333 984610 4 1 0.00292654 2.86755e+06
44 139660 552615 3 1 0.00390879 8.85055e+07
45 635225 914955 6 1 0.0101808 2.42078e+08
46 232964 346361 3 1 0.00269379 791449
47 132607 81858 2 1 0.00244395 85108.2
48 922051 136192 3 1 0.00272721 1.19195e+07
49 485239 183696 3 1 0.00266116 1.31409e+06
50 716123 322289 3 1 0.00272416 1.89123e+06
51 225853 518566 3 1 0.00271286 8.17109e+06
52 736001 609032 3 1 0.00264537 816900
53 10177 360803 2 1 0.00245824 82579.4
54 185500 114406 2 1 0.00245494 87578.5
55 128395 218086 3 1 0.00331299 1.37266e+07
56 1049133 364894 3 1 0.00257173 1.57093e+06
57 262254 892684 3 1 0.00265894 303880
58 749250 227519 3 1 0.00266878 253673
59 605929 1056249 4 1 0.00285743 381112
60 800109 30520 3 1 0.00272345 4.65953e+06
61 930200 203909 3 1 0.00268996 4.99041e+06
62 711169 462176 2 1 0.00249543 106595
63 354591 971691 4 1 0.0029253 4.06317e+06
64 1004936 404217 5 1 0.00566623 1.77093e+08
65 792862 101161 3 1 0.00271775 4.02024e+06
66 92457 95854 2 1 0.00244652 230940
67 1032945 219628 3 1 0.0026749 312909
68 1139928 613431 4 1 0.00285529 1.22685e+06
69 4727 864153 2 1 0.00246339 287409
70 285896 585911 3 1 0.00268731 3.03872e+06
71 3026 66913 2 1 0.00252597 944984
72 141670 353049 2 1 0.00246628 124073
73 325128 70226 2 1 0.00246342 1.10131e+06
74 693434 1016676 3 1 0.00266981 3.64258e+06
75 752211 389583 3 1 0.00270712 7.11014e+06
76 993348 445815 3 1 0.00264787 114809
77 497801 829975 3 1 0.00269257 4.7074e+06
78 793891 909114 3 1 0.00266495 1.15537e+06
79 150609 502330 2 1 0.0024791 122625
80 25179 868896 2 1 0.00246953 1.35977e+06
81 298908 1065000 3 1 0.00335474 8.39886e+06
82 916584 626732 3 1 0.0026798 141802
83 572352 273472 3 1 0.00267125 911185
84 506098 783235 3 1 0.00335558 1.95337e+07
85 515545 378764 3 1 0.00266072 2.41626e+06
86 746864 745581 3 1 0.00332429 7.44219e+06
87 428227 944273 3 1 0.0026682 1.54673e+06
88 1091989 1044573 3 1 0.00268208 1.62374e+06
89 693900 976209 4 1 0.00440383 1.12792e+08
90 85420 75878 2 1 0.00244307 253779
91 1038460 70054 3 1 0.00273783 1.16841e+07
92 731953 1038135 2 1 0.00249334 2.09478e+06
93 939761 579150 4 1 0.00288942 2.16237e+06
94 800179 388516 3 1 0.00268727 3.42318e+06
95 204469 1092856 2 1 0.00248527 420879
96 218008 934792 3 1 0.0027201 4.63881e+06
97 591929 593876 4 1 0.00286975 2.37651e+06
98 78225 673960 2 1 0.00247475 238004
99 10350 1153851 2 1 0.00246288 32076.2
max-ST-CON-level 6
min_time 0.00235005 s
max_time 0.0101808 s
mean_time 0.00299606 s
stddev_time 0.00109092
min_CONPS                   98.2241 
max_CONPS                   425.523 
mean_CONPS                  353.424 
stddev_CONPS                60.9189 
mean_ST, mean_time, stddev_ST: 353.424, 0.00299606, 60.9189 
-----ST_CON_VISITED_NODES-----
min_visited, max_visited, mean_visited, stddev_visited: 5, 702981, 11138.8, 71308.9
