SCALE 16
Edgefactor 16.0
MPI-Nodes 1
Num-ST-CON=100
Filename graphs/symmetric/hugebubbles-00010.mtx.alt
Seed1 2058249932
Seed2 1709139752
ST-CON-RUN RED-V BLUE-V DEPTH MN-FOUND TIME(Sec) TEPS
0 8961362 173943 1914 1 2.91031 3.73213e+06
1 3529116 459314 807 1 1.1871 2.658e+06
2 6416806 10206119 1937 1 2.89481 4.83331e+06
3 152166 14402929 1020 1 1.31279 1.50849e+06
4 3245544 9430965 557 1 0.782219 1.56502e+06
5 4157317 13681054 3352 1 4.98154 4.71389e+06
6 10464417 145999 3177 1 4.67011 4.63809e+06
7 16754243 18120010 2096 1 3.13491 5.15118e+06
8 189758 6525313 2033 1 3.02329 4.17977e+06
9 5317832 15541095 2561 1 3.8692 5.09269e+06
10 3994590 11763649 615 1 0.908368 2.12106e+06
11 2136691 15028125 1456 1 2.18722 4.76678e+06
12 5382179 15971321 2329 1 3.46749 4.749e+06
13 4510977 10316210 1307 1 1.92412 3.51007e+06
14 1891987 16988236 1795 1 2.67962 4.59747e+06
15 4992084 5350491 1819 1 2.69657 4.2728e+06
16 6872494 17694887 636 1 0.908423 1.81858e+06
17 7933736 12085204 1254 1 1.88602 4.24051e+06
18 13284573 17481008 1275 1 1.8891 3.3454e+06
19 7487159 12229691 480 1 0.672704 1.42368e+06
20 16597619 7250726 801 1 1.17942 2.39262e+06
21 2490731 8587682 1069 1 1.5999 3.45014e+06
22 18350916 7876915 1876 1 2.83982 5.62479e+06
23 17090905 4984733 924 1 1.38131 3.23023e+06
24 11367309 18035724 272 1 0.414121 978995
25 13636640 6989586 933 1 1.33038 2.08395e+06
26 5301031 13804310 2514 1 3.77186 5.05339e+06
27 1779235 6949900 2232 1 3.31386 3.59031e+06
28 9110320 7929833 1416 1 2.09419 3.79935e+06
29 3059488 17749488 2782 1 4.19349 5.25197e+06
30 12921762 14930835 1839 1 2.70747 4.03777e+06
31 11302973 8807992 1380 1 2.05509 3.51019e+06
32 16336520 10166791 2094 1 3.10535 4.49745e+06
33 9394674 12683952 1667 1 2.4875 3.90112e+06
34 9154817 12232261 2264 1 3.39758 3.48264e+06
35 12910331 16831300 2609 1 3.82319 3.54604e+06
36 13696428 14996840 2662 1 3.99832 4.39924e+06
37 1764329 7493672 1037 1 1.50455 2.60427e+06
38 16019998 14548414 3582 1 5.35256 4.74776e+06
39 11397097 17815943 308 1 0.458145 1.24446e+06
40 6859480 11760816 636 1 0.950058 2.35569e+06
41 12547055 10405359 3440 1 5.14216 4.83128e+06
42 1970001 17984881 907 1 1.35537 3.03896e+06
43 13702229 9613441 349 1 0.507398 1.1308e+06
44 2347095 19056058 1922 1 2.88706 4.75025e+06
45 10675395 2758930 557 1 0.814943 1.79441e+06
46 3915129 16547036 1031 1 1.53511 3.44633e+06
47 2228564 9287076 1182 1 1.76523 3.57471e+06
48 15495693 15376430 493 1 0.699559 1.49582e+06
49 8154778 5820829 1364 1 2.04636 4.20036e+06
50 12034937 1375686 1071 1 1.60684 3.74281e+06
51 3795614 2288800 626 1 0.910152 1.97318e+06
52 12369000 3087135 643 1 0.925641 1.90393e+06
53 171046 5416295 904 1 1.33138 2.48932e+06
54 3117463 8714859 1093 1 1.64133 3.48378e+06
55 2157769 10235196 1512 1 2.28185 4.75182e+06
56 17631382 6063548 657 1 0.967544 2.22655e+06
57 4407357 1922676 547 1 0.800148 1.82281e+06
58 12591654 3665084 1840 1 2.75867 4.67503e+06
59 10183053 6132288 1524 1 2.30312 4.03491e+06
60 13446370 15002163 378 1 0.542476 1.31122e+06
61 15632645 3823619 537 1 0.778083 1.68892e+06
62 11951677 17750981 1949 1 2.93792 5.1687e+06
63 5959152 512914 1924 1 2.87153 3.63945e+06
64 16888635 10741616 1316 1 1.95652 3.33077e+06
65 13324578 3426841 1091 1 1.50324 2.00719e+06
66 1553814 7767183 1092 1 1.62511 2.99562e+06
67 17359335 16329925 1394 1 2.05716 3.50461e+06
68 19157253 6793138 284 1 0.427461 971880
69 79447 1700086 710 1 1.04523 2.1712e+06
70 4804675 1610893 1856 1 2.793 4.57698e+06
71 50863 3691001 932 1 1.34196 2.36788e+06
72 2380874 10309124 824 1 1.2154 2.56122e+06
73 5463998 14522681 1249 1 1.87135 4.05056e+06
74 10721585 9846627 1378 1 2.07841 4.13624e+06
75 11653631 1124526 2249 1 3.37399 4.89309e+06
76 12641407 5933233 2325 1 3.51776 4.73628e+06
77 16693882 1180204 651 1 0.955022 2.10162e+06
78 8365880 17085932 2180 1 3.31664 5.19338e+06
79 13341883 6547216 1929 1 2.84633 3.07266e+06
80 2531101 7492222 1902 1 2.87538 4.71628e+06
81 423166 13948287 2112 1 3.16886 4.65796e+06
82 5023349 15278279 1204 1 1.804 3.88623e+06
83 15403815 8441995 923 1 1.33659 2.1693e+06
84 9618770 14602381 568 1 0.797528 1.52246e+06
85 8505318 17898040 1461 1 2.21526 4.09882e+06
86 8664078 10532662 2452 1 3.64605 4.56134e+06
87 12551563 4595887 2487 1 3.62609 3.60168e+06
88 7196642 13162799 2370 1 3.53635 3.67031e+06
89 18351613 6365383 1754 1 2.64251 4.51415e+06
90 11661454 12529989 1332 1 1.96261 3.511e+06
91 1435546 15869149 2379 1 3.56362 4.8431e+06
92 17452025 17554751 451 1 0.668357 1.67634e+06
93 12300972 16405848 977 1 1.45656 2.94247e+06
94 15793322 1275189 2355 1 3.53624 4.02456e+06
95 13447545 1177304 1293 1 1.90409 3.02097e+06
96 3436245 17446559 430 1 0.625607 1.47449e+06
97 3663776 9733010 2246 1 3.38484 4.76424e+06
98 9947772 6529270 1208 1 1.781 2.67129e+06
99 1314637 18366185 2427 1 3.63894 4.6991e+06
max-ST-CON-level 3582
min_time 0.414121 s
max_time 5.35256 s
mean_time 2.19449 s
stddev_time 1.17856
min_CONPS                   0.186826 
max_CONPS                   2.41475 
mean_CONPS                  0.664221 
stddev_CONPS                0.484404 
mean_ST, mean_time, stddev_ST: 0.664221, 2.19449, 0.484404 
-----ST_CON_VISITED_NODES-----
min_visited, max_visited, mean_visited, stddev_visited: 270219, 1.69458e+07, 5.8154e+06, 4.30855e+06
