SCALE 16
Edgefactor 16.0
MPI-Nodes 1
Num-ST-CON=100
Filename graphs/symmetric/hugetrace-00020.mtx.alt
Seed1 548533034
Seed2 99151918
ST-CON-RUN RED-V BLUE-V DEPTH MN-FOUND TIME(Sec) TEPS
0 7369862 143051 1815 1 2.4736 4.48394e+06
1 2902360 377741 1728 1 2.32552 4.58807e+06
2 5277209 8393555 368 1 0.463746 1.28125e+06
3 125142 11845030 1056 1 1.40679 3.57364e+06
4 2669149 7756066 973 1 1.32266 3.94317e+06
5 3418995 11251357 341 1 0.433946 1.2058e+06
6 8605981 120070 1739 1 2.31616 4.57411e+06
7 13778761 14901973 570 1 0.735511 2.02047e+06
8 156058 5366445 1344 1 1.76852 3.46912e+06
9 4373408 12781062 1093 1 1.46763 3.74884e+06
10 3285168 9674475 317 1 0.40917 1.22745e+06
11 1757224 12359194 1099 1 1.45639 3.24917e+06
12 4426327 13134882 2264 1 3.07877 4.9111e+06
13 3709847 8484095 1522 1 2.04792 4.50221e+06
14 1555978 13971197 1077 1 1.45014 4.07927e+06
15 4105511 4400267 306 1 0.396188 1.17082e+06
16 5651968 14552350 854 1 1.14114 3.29018e+06
17 6524738 9938923 1248 1 1.66705 3.91151e+06
18 10925290 14376455 1719 1 2.3268 4.80484e+06
19 6157471 10057750 1630 1 2.23375 5.37009e+06
20 13649952 5963027 945 1 1.21235 2.61551e+06
21 2048388 7062546 1366 1 1.84306 4.58053e+06
22 15091871 6478008 1816 1 2.46312 4.67506e+06
23 14055633 4099466 1413 1 1.90685 5.10604e+06
24 9348523 14832656 275 1 0.364827 1.26861e+06
25 11214831 5748265 1732 1 2.35658 4.51732e+06
26 4359590 11352723 328 1 0.42179 1.20121e+06
27 1463250 5715627 994 1 1.28897 2.7337e+06
28 7492366 6521529 1816 1 2.4124 3.79885e+06
29 2516136 14597254 788 1 1.03821 2.91301e+06
30 10626912 12279182 839 1 1.09312 2.87408e+06
31 9295613 7243730 1553 1 2.11255 5.76142e+06
32 13435223 8361212 1219 1 1.61824 3.67215e+06
33 7726219 10431336 912 1 1.2246 3.61186e+06
34 7528960 10059864 526 1 0.665028 1.78489e+06
35 10617511 13842133 1767 1 2.37166 4.90278e+06
36 11264000 12333465 1319 1 1.77936 3.93053e+06
37 1450992 6162828 1563 1 2.11283 4.77238e+06
38 13174914 11964678 906 1 1.17836 2.7607e+06
39 9373021 14651907 903 1 1.21115 4.0507e+06
40 5641265 9672145 1763 1 2.41003 6.61025e+06
41 10318751 8557412 600 1 0.814287 2.62606e+06
42 1620137 14790842 1401 1 1.89708 4.4678e+06
43 11268771 7906135 1968 1 2.68441 4.75788e+06
44 1930261 15671783 243 1 0.330326 866650
45 8779490 2268956 865 1 1.15541 3.35303e+06
46 3219819 13608353 990 1 1.31946 3.43735e+06
47 1832780 7637730 873 1 1.15814 3.19037e+06
48 12743724 12645641 745 1 0.968773 2.65713e+06
49 6706524 4787075 374 1 0.470511 1.15927e+06
50 9897584 1131370 1839 1 2.45783 4.32082e+06
51 3121529 1882319 676 1 0.885107 2.63478e+06
52 10172318 2538873 1240 1 1.67236 4.23791e+06
53 140669 4454384 1327 1 1.78827 4.42082e+06
54 2563815 7167137 718 1 0.964196 2.92318e+06
55 1774558 8417469 462 1 0.564449 1.30791e+06
56 14500124 4986687 1297 1 1.70853 3.92895e+06
57 3624629 1581217 968 1 1.29867 3.62093e+06
58 10355430 3014181 1312 1 1.7829 4.50479e+06
59 8374586 5043220 921 1 1.22216 3.30029e+06
60 11058351 12337842 343 1 0.434851 1.32858e+06
61 12856353 3144560 1632 1 2.20663 4.35432e+06
62 9829110 14598482 1199 1 1.57261 3.33707e+06
63 4900832 421822 1591 1 2.13064 4.63258e+06
64 13889285 8833951 1950 1 2.65232 5.02507e+06
65 10958189 2818249 688 1 0.89384 2.23775e+06
66 1277863 6387765 1510 1 2.04074 4.02279e+06
67 14276391 13429800 1594 1 2.09469 4.29863e+06
68 15755006 5586705 2046 1 2.77882 4.11487e+06
69 65337 1398158 1398 1 1.88651 4.89013e+06
70 3951385 1324805 801 1 1.0073 2.19849e+06
71 41830 3035495 1078 1 1.40627 3.10719e+06
72 1958041 8478267 597 1 0.792256 2.55866e+06
73 4493615 11943514 1219 1 1.6413 3.85513e+06
74 8817477 8097907 355 1 0.452349 1.43183e+06
75 9583996 924815 1410 1 1.91172 4.29621e+06
76 10396347 4879516 1687 1 2.28745 5.84092e+06
77 13729119 970604 1893 1 2.54591 4.33061e+06
78 6880135 14051543 1633 1 2.17076 4.20293e+06
79 10972421 5384458 1529 1 2.05263 4.53752e+06
80 2081588 6161635 1312 1 1.74551 3.35359e+06
81 348013 11471130 801 1 1.06451 3.25665e+06
82 4131224 12564922 1242 1 1.65417 3.62254e+06
83 12668163 6942733 2127 1 2.86322 5.04995e+06
84 7910517 12009060 2488 1 3.36442 5.14293e+06
85 6994809 14719424 1490 1 2.00889 4.93466e+06
86 7125375 8662106 1398 1 1.89656 4.45192e+06
87 10322459 3779677 1229 1 1.67081 4.55625e+06
88 5918549 10825142 1219 1 1.63277 3.77875e+06
89 15092445 5234918 1926 1 2.60824 4.17765e+06
90 9590429 10304716 487 1 0.642332 2.12609e+06
91 1180599 13050855 1104 1 1.47144 4.06594e+06
92 14352619 14437101 382 1 0.476146 794731
93 10116371 13492239 607 1 0.784033 2.23088e+06
94 12988495 1048721 1096 1 1.46858 4.21335e+06
95 11059318 968220 968 1 1.28473 3.31294e+06
96 2825982 14348124 881 1 1.14369 2.52326e+06
97 3013105 8004469 691 1 0.913589 2.86104e+06
98 8181090 5369699 1860 1 2.50822 4.05862e+06
99 1081163 15104429 1491 1 1.99396 3.2973e+06
max-ST-CON-level 2488
min_time 0.330326 s
max_time 3.36442 s
mean_time 1.57305 s
stddev_time 0.712422
min_CONPS                   0.297228 
max_CONPS                   3.02731 
mean_CONPS                  0.868291 
stddev_CONPS                0.614631 
mean_ST, mean_time, stddev_ST: 0.868291, 1.57305, 0.614631 
-----ST_CON_VISITED_NODES-----
min_visited, max_visited, mean_visited, stddev_visited: 190826, 1.1538e+07, 4.24996e+06, 2.77145e+06
