SCALE 16
Edgefactor 16.0
MPI-Nodes 1
Num-ST-CON=100
Filename graphs/dense/com-amazon.txt
Seed1 470815608
Seed2 1980237466
ST-CON-RUN RED-V BLUE-V DEPTH MN-FOUND TIME(Sec) TEPS
0 99491 500427 7 1 0.00568412 2.88207e+06
1 4289 14459 8 1 0.00299694 5.57835e+06
2 91496 96607 7 1 0.00247098 3.65604e+06
3 295007 218968 7 1 0.00351659 1.34784e+07
4 472327 45413 7 1 0.00308937 7.43615e+06
5 60236 290629 7 1 0.00312957 1.08398e+07
6 151731 277591 5 1 0.00195004 3.68915e+06
7 53337 31702 3 1 0.0015387 868915
8 140734 167266 5 1 0.00189936 1.82483e+06
9 211074 33271 9 1 0.00392844 2.12166e+07
10 467912 481678 5 1 0.00187004 845972
11 70217 211217 6 1 0.00285425 7.07611e+06
12 481818 393223 5 1 0.00192841 3.72846e+06
13 384437 411663 5 1 0.0018641 3.70688e+06
14 149444 504572 5 1 0.00219144 6.05218e+06
15 50159 371079 7 1 0.00290132 1.11505e+07
16 364284 179449 7 1 0.00279801 6.12078e+06
17 318647 447375 5 1 0.00181967 1.09031e+06
18 258088 462505 6 1 0.0020185 3.88259e+06
19 363961 35949 10 1 0.00270619 2.25631e+06
20 386123 33190 6 1 0.00238529 6.20638e+06
21 49739 491844 4 1 0.00168555 992556
22 451628 184070 5 1 0.00181766 849445
23 321301 517770 5 1 0.00182035 905871
24 353720 319307 5 1 0.00215444 5.15169e+06
25 386286 546668 6 1 0.00273444 1.03352e+07
26 66168 159934 4 1 0.00166567 525313
27 300955 267311 7 1 0.00333338 2.44104e+07
28 62826 511122 6 1 0.00268427 7.78351e+06
29 229895 242751 7 1 0.00217322 3.3126e+06
30 107004 135057 7 1 0.00329953 2.13745e+07
31 348700 125301 5 1 0.00186832 4.12616e+06
32 4822 509537 6 1 0.00201774 3.44297e+06
33 87886 506293 5 1 0.00235947 5.36816e+06
34 60830 454863 6 1 0.00234771 4.85027e+06
35 497055 141374 4 1 0.00170938 321170
36 354977 240473 5 1 0.00186171 3.06493e+06
37 379073 410318 4 1 0.00166418 456080
38 440707 122837 8 1 0.00265443 3.63355e+06
39 336935 148301 7 1 0.00361089 1.91407e+07
40 167997 195345 7 1 0.00287667 9.90101e+06
41 375640 181391 9 1 0.00315782 5.72737e+06
42 540071 126867 7 1 0.0032159 1.2983e+07
43 135451 131025 5 1 0.00187335 4.81117e+06
44 1433 225880 6 1 0.00202554 2.66299e+06
45 302257 409176 9 1 0.00356238 1.12377e+07
46 328533 329267 5 1 0.00183918 2.2385e+06
47 356380 485473 7 1 0.00283371 6.89802e+06
48 470625 463512 4 1 0.00170334 3.73853e+06
49 235846 405639 6 1 0.00240531 4.28177e+06
50 376127 104114 5 1 0.00184504 1.79454e+06
51 71355 387186 6 1 0.00264652 6.35023e+06
52 434256 248348 7 1 0.00285558 7.84499e+06
53 271167 332162 5 1 0.00188186 4.74158e+06
54 239777 323920 7 1 0.0029295 1.4041e+07
55 244253 433027 7 1 0.00279199 4.68448e+06
56 517359 180136 6 1 0.00274855 1.22796e+07
57 40470 46314 8 1 0.00344879 1.78898e+07
58 346783 37430 5 1 0.00185758 3.28761e+06
59 445237 225973 4 1 0.00168542 2.72039e+06
60 379106 423885 6 1 0.00274807 1.41026e+07
61 103287 473141 10 1 0.00475398 2.51568e+07
62 37061 135999 6 1 0.00318138 2.40698e+07
63 12948 235307 4 1 0.00167452 1.59986e+06
64 406040 407867 6 1 0.00200654 2.47291e+06
65 385689 331579 6 1 0.00232421 3.76171e+06
66 4115 546163 6 1 0.00204032 4.31893e+06
67 510830 67637 4 1 0.00170089 3.8127e+06
68 183958 291378 11 1 0.00427452 1.58046e+07
69 331635 309574 12 1 0.0053287 3.12482e+07
70 450255 185958 8 1 0.00347565 2.0275e+07
71 478924 351520 9 1 0.00316579 4.65855e+06
72 150838 501053 5 1 0.0018664 4.2424e+06
73 340700 47790 6 1 0.00269324 8.28817e+06
74 492816 73483 8 1 0.00341116 1.3995e+07
75 508454 271072 6 1 0.00267465 9.25057e+06
76 389164 456830 10 1 0.00371894 1.23406e+07
77 223554 540687 10 1 0.00386986 1.8574e+07
78 286617 351768 4 1 0.00167165 1.36871e+06
79 357579 344682 4 1 0.00167149 1.12175e+06
80 344845 235875 5 1 0.00190416 2.93201e+06
81 422783 197383 8 1 0.00350527 2.11259e+07
82 410141 478367 7 1 0.00249567 3.79097e+06
83 502258 96925 6 1 0.00202013 2.42311e+06
84 293342 136498 4 1 0.00167417 1.35231e+06
85 507021 14467 6 1 0.00202763 2.94038e+06
86 271017 345663 5 1 0.00187785 2.37399e+06
87 537219 123468 9 1 0.0024891 1.51702e+06
88 261816 261872 5 1 0.00188658 1.70997e+06
89 164098 36393 8 1 0.00345041 1.69675e+07
90 38782 6765 4 1 0.00169749 4.04244e+06
91 87031 176632 6 1 0.00233565 4.19669e+06
92 152693 458164 4 1 0.00167481 1.08729e+06
93 245685 150703 4 1 0.00166636 1.1138e+06
94 288545 399367 6 1 0.0020311 4.07809e+06
95 170940 401632 11 1 0.00626701 6.88154e+07
96 103324 222130 6 1 0.00234566 4.59529e+06
97 172878 285454 4 1 0.00190751 468675
98 422933 464230 5 1 0.00183971 2.36233e+06
99 107793 236264 7 1 0.00249393 4.49171e+06
max-ST-CON-level 12
min_time 0.0015387 s
max_time 0.00626701 s
mean_time 0.0025503 s
stddev_time 0.000900093
min_CONPS                   159.566 
max_CONPS                   649.899 
mean_CONPS                  431.311 
stddev_CONPS                120.508 
mean_ST, mean_time, stddev_ST: 431.311, 0.0025503, 120.508 
-----ST_CON_VISITED_NODES-----
min_visited, max_visited, mean_visited, stddev_visited: 177, 137978, 7233.61, 15486.5
