SCALE 16
Edgefactor 16.0
MPI-Nodes 1
Num-ST-CON=100
Filename graphs/streets/great-britain_osm.mtx.txt.alt
Seed1 1339237640
Seed2 794979516
ST-CON-RUN RED-V BLUE-V DEPTH MN-FOUND TIME(Sec) TEPS
0 3561788 69135 755 1 0.566155 3.65498e+06
1 1402684 182559 1682 1 1.1681 3.79747e+06
2 2550428 4056530 213 1 0.141872 580072
3 60480 5724597 566 1 0.365976 2.90642e+06
4 1289976 3748437 2027 1 1.42454 4.57368e+06
5 1652369 5437680 437 1 0.25137 646717
6 4159193 58028 389 1 0.267293 2.81646e+06
7 6659152 7201990 429 1 0.254045 1.58654e+06
8 75421 2593555 273 1 0.17636 1.93382e+06
9 2113629 6176973 395 1 0.242797 1.96719e+06
10 1587692 4675587 1356 1 0.970367 4.34402e+06
11 849250 5973087 1021 1 0.603144 2.86731e+06
12 2139204 6347971 371 1 0.220303 842742
13 1792935 4100287 1095 1 0.771529 3.7251e+06
14 751990 6752154 1684 1 1.24681 4.88454e+06
15 1984156 2126609 2735 1 1.92317 3.8182e+06
16 2731545 7033020 1199 1 0.863017 4.76158e+06
17 3153347 4803392 2028 1 1.48661 4.13085e+06
18 5280094 6948012 528 1 0.305366 1.56104e+06
19 2975851 4860820 1070 1 0.745489 3.74842e+06
20 6596900 2881878 198 1 0.134143 1.2622e+06
21 989967 3413265 238 1 0.15492 1.2001e+06
22 7293766 3130763 638 1 0.439042 3.2637e+06
23 6792961 1981235 668 1 0.470191 3.42833e+06
24 4518057 7168490 541 1 0.320982 1.44314e+06
25 5420027 2778085 2541 1 1.86847 3.90574e+06
26 2106951 5486669 270 1 0.173709 1.13635e+06
27 707176 2762311 491 1 0.293837 2.25136e+06
28 3620993 3151796 1059 1 0.741913 4.01105e+06
29 1216026 7054722 1212 1 0.812057 3.37046e+06
30 5135891 5934419 818 1 0.478653 2.63939e+06
31 4492486 3500829 981 1 0.55269 2.4081e+06
32 6493123 4040899 918 1 0.604037 3.11684e+06
33 3734012 5041371 1078 1 0.742998 4.0284e+06
34 3638679 4861842 556 1 0.324491 1.64126e+06
35 5131348 6689779 1112 1 0.777704 3.59532e+06
36 5443790 5960653 1007 1 0.726505 3.72131e+06
37 701251 2978439 1116 1 0.792943 3.95063e+06
38 6367318 5782421 1035 1 0.759195 4.53995e+06
39 4529897 7081135 1425 1 1.02163 4.57143e+06
40 2726373 4674461 1293 1 0.91164 4.20395e+06
41 4986960 4135720 258 1 0.161977 513037
42 782997 7148282 222 1 0.147288 1.10938e+06
43 5446096 3820964 880 1 0.655478 4.26051e+06
44 932878 7574032 1216 1 0.904799 3.91515e+06
45 4243049 1096566 870 1 0.619472 3.66172e+06
46 1556109 6576795 1046 1 0.705961 3.64912e+06
47 885766 3691247 379 1 0.229002 1.1859e+06
48 6158927 6111525 510 1 0.330157 2.22939e+06
49 3241203 2313550 1336 1 0.993576 4.45376e+06
50 4783413 546781 1651 1 1.06004 3.76223e+06
51 1508607 909708 1069 1 0.785578 4.86898e+06
52 4916190 1227014 143 1 0.104715 582331
53 67984 2152764 498 1 0.290046 1.67662e+06
54 1239068 3463813 1176 1 0.837754 5.22622e+06
55 857628 4068087 814 1 0.584722 4.05639e+06
56 7007780 2410021 2090 1 1.41296 4.04009e+06
57 1751750 764188 868 1 0.477296 1.67537e+06
58 5004686 1456726 949 1 0.652512 3.40553e+06
59 4047362 2437343 829 1 0.602963 4.72883e+06
60 5344402 5962769 622 1 0.401105 2.46502e+06
61 6213360 1519738 2404 1 1.51708 3.78682e+06
62 4750321 7055316 1469 1 0.912465 2.98772e+06
63 2368528 203863 381 1 0.263101 2.33359e+06
64 6712567 4269369 386 1 0.25556 1.94456e+06
65 5295995 1362034 1912 1 1.46779 4.69956e+06
66 617580 3087149 620 1 0.420724 2.99069e+06
67 6899652 6490502 1815 1 1.37603 4.88709e+06
68 7614253 2700004 1053 1 0.669395 3.00184e+06
69 31577 675717 1346 1 0.984812 4.11415e+06
70 1909669 640266 818 1 0.59846 3.64972e+06
71 20216 1467027 594 1 0.401515 2.93962e+06
72 946303 4097470 720 1 0.509459 3.72272e+06
73 2171724 5772193 449 1 0.302045 2.26038e+06
74 4261408 3913646 1179 1 0.842439 3.39813e+06
75 4631859 446954 671 1 0.416365 2.48744e+06
76 5024461 2358226 680 1 0.494393 3.60045e+06
77 6635160 469084 664 1 0.423852 2.0847e+06
78 3325107 6790985 1117 1 0.798843 3.83239e+06
79 5302873 2602260 618 1 0.377319 2.15109e+06
80 1006013 2977863 2383 1 1.70061 3.90029e+06
81 168192 5543894 860 1 0.603539 3.8438e+06
82 1996583 6072514 676 1 0.4372 2.47809e+06
83 6122410 3355360 587 1 0.375994 2.33507e+06
84 3823082 5803871 497 1 0.32875 2.26953e+06
85 3380528 7113766 286 1 0.187244 1.81652e+06
86 3443630 4186318 631 1 0.418376 2.90666e+06
87 4988752 1826684 540 1 0.327856 2.05133e+06
88 2860381 5231694 1074 1 0.736578 4.10152e+06
89 7294043 2529989 577 1 0.377656 2.6703e+06
90 4634968 4980177 638 1 0.422343 2.90095e+06
91 570573 6307361 363 1 0.218354 680855
92 6936492 6977322 1042 1 0.701377 3.53316e+06
93 4889152 6520678 1437 1 1.06237 4.9215e+06
94 6277223 506837 2069 1 1.53132 4.5177e+06
95 5344869 467932 1008 1 0.679884 3.94229e+06
96 1365772 6934320 1061 1 0.800868 5.28926e+06
97 1456206 3868488 1112 1 0.647917 3.19199e+06
98 3953847 2595127 659 1 0.473791 3.55846e+06
99 522516 7299835 1488 1 0.973548 3.49936e+06
max-ST-CON-level 2735
min_time 0.104715 s
max_time 1.92317 s
mean_time 0.650907 s
stddev_time 0.409223
min_CONPS                   0.519974 
max_CONPS                   9.5497 
mean_CONPS                  2.34937 
stddev_CONPS                1.73472 
mean_ST, mean_time, stddev_ST: 2.34937, 0.650907, 1.73472 
-----ST_CON_VISITED_NODES-----
min_visited, max_visited, mean_visited, stddev_visited: 56173, 6.95749e+06, 2.24935e+06, 1.86615e+06
