SCALE 16
Edgefactor 16.0
MPI-Nodes 1
Num-ST-CON=100
Filename graphs/streets/road_central.mtx.txt.alt
Seed1 2063927546
Seed2 1003034360
ST-CON-RUN RED-V BLUE-V DEPTH MN-FOUND TIME(Sec) TEPS
0 6485337 125882 1076 1 1.3778 3.37177e+06
1 2554021 332405 805 1 1.03414 4.26546e+06
2 4643842 7386168 506 1 0.658821 3.48153e+06
3 110123 10423399 992 1 1.23499 3.50222e+06
4 2348800 6825189 1220 1 1.5798 3.84089e+06
5 3008650 9900978 877 1 1.12538 4.05665e+06
6 7573098 105659 1044 1 1.35671 4.41837e+06
7 12125045 13113450 1837 1 2.3653 4.47411e+06
8 137328 4722368 260 1 0.337501 1.39446e+06
9 3848515 11247089 830 1 1.09838 4.57359e+06
10 2890884 8513352 1465 1 1.9077 5.37267e+06
11 1546323 10875853 879 1 1.12411 3.44383e+06
12 3895083 11558444 791 1 1.02216 3.46272e+06
13 3264594 7465841 512 1 0.675574 3.11872e+06
14 1369231 12294385 427 1 0.509624 1.34851e+06
15 3612770 3872150 222 1 0.283437 1.19381e+06
16 4973623 12805789 838 1 1.04292 3.18929e+06
17 5741644 8746062 1211 1 1.56513 4.90488e+06
18 9614045 12651004 554 1 0.697426 1.98332e+06
19 5418457 8850627 1380 1 1.78434 4.79732e+06
20 12011696 5247350 845 1 1.07708 3.90425e+06
21 1802542 6214905 1036 1 1.30171 3.56898e+06
22 13280557 5700523 1666 1 2.10487 4.13326e+06
23 12368687 3607451 1115 1 1.44582 3.36933e+06
24 8226521 13052452 1508 1 1.93715 5.34207e+06
25 9868836 5058363 1131 1 1.48118 5.1402e+06
26 3836355 9990178 821 1 1.06098 4.57476e+06
27 1287632 5029642 1464 1 1.89517 4.3629e+06
28 6593138 5738820 937 1 1.23016 4.42906e+06
29 2214151 12845303 651 1 0.813089 2.46427e+06
30 9351479 10805445 589 1 0.724685 2.0454e+06
31 8179961 6374343 1231 1 1.58517 4.85473e+06
32 11822739 7357706 975 1 1.21153 3.12927e+06
33 6798925 9179375 1459 1 1.87143 4.75152e+06
34 6625340 8852487 1183 1 1.54756 5.08177e+06
35 9343206 12180811 608 1 0.748665 2.18707e+06
36 9912104 10853212 1419 1 1.82043 4.62582e+06
37 1276845 5423170 1135 1 1.45001 4.68049e+06
38 11593671 10528687 1583 1 2.02537 4.14241e+06
39 8248078 12893397 509 1 0.61138 1.49441e+06
40 4964205 8511302 1197 1 1.55104 4.92146e+06
41 9080303 7530358 1575 1 2.05121 5.10097e+06
42 1425689 13015657 1034 1 1.30185 3.5879e+06
43 9916302 6957247 1665 1 2.10953 4.69859e+06
44 1698592 13790868 713 1 0.866318 2.34923e+06
45 7725783 1996637 998 1 1.2547 3.05359e+06
46 2833379 11975089 783 1 0.99425 3.34506e+06
47 1612811 6721056 969 1 1.12419 2.25937e+06
48 11214232 11127922 1960 1 2.49785 3.66794e+06
49 5901612 4212534 753 1 0.97897 3.20214e+06
50 8709684 995584 782 1 0.991998 3.00361e+06
51 2746886 1656404 1502 1 1.96071 6.014e+06
52 8951445 2234159 1466 1 1.9139 4.77494e+06
53 123786 3919772 536 1 0.68421 2.47205e+06
54 2256108 6306943 1090 1 1.43809 5.09006e+06
55 1561577 7407211 1874 1 2.38042 4.53098e+06
56 12759830 4388189 941 1 1.23336 4.71734e+06
57 3189604 1391441 1861 1 2.44968 5.22629e+06
58 9112580 2652421 1065 1 1.42069 5.68458e+06
59 7369475 4437937 814 1 1.06702 4.46771e+06
60 9731137 10857064 346 1 0.444803 1.92371e+06
61 11313344 2767153 574 1 0.730255 2.67925e+06
62 8649428 12846384 703 1 0.886841 2.79801e+06
63 4312638 371195 930 1 1.1928 4.75661e+06
64 12222304 7773707 426 1 0.48447 949211
65 9642996 2480005 634 1 0.783627 2.38973e+06
66 1124495 5621110 1175 1 1.41621 2.32143e+06
67 12562950 11817966 994 1 1.24687 3.17728e+06
68 13864103 4916193 1657 1 2.13696 5.34336e+06
69 57495 1230352 790 1 1.01247 2.94486e+06
70 3477143 1165803 875 1 1.11878 4.49264e+06
71 36810 2671177 1502 1 1.96602 4.78479e+06
72 1723038 7460712 1244 1 1.57128 4.22736e+06
73 3954295 10510063 787 1 1.03405 4.5576e+06
74 7759211 7126003 498 1 0.631904 2.1473e+06
75 8433732 813819 1483 1 1.8638 4.55135e+06
76 9148586 4293880 322 1 0.409017 1.69733e+06
77 12081361 854113 731 1 0.917652 2.73422e+06
78 6054387 12365088 1947 1 2.50142 4.52323e+06
79 9655520 4738220 859 1 1.11205 4.65833e+06
80 1831757 5422121 1215 1 1.59956 4.91935e+06
81 306245 10094374 1222 1 1.60523 4.96652e+06
82 3635397 11056890 1774 1 2.30713 5.08128e+06
83 11147740 6109471 2117 1 2.63625 4.50171e+06
84 6961103 10567742 1220 1 1.53118 3.84206e+06
85 6155298 12952811 1685 1 2.15366 4.69215e+06
86 6270193 7622487 1557 1 2.01205 4.7684e+06
87 9083566 3326043 1250 1 1.63239 4.84464e+06
88 5208209 9525917 650 1 0.790264 2.43919e+06
89 13281061 4606627 1542 1 2.01471 5.33671e+06
90 8439394 9067952 215 1 0.274055 854937
91 1038904 11484502 1398 1 1.76497 4.40063e+06
92 12630029 12704372 1970 1 2.52594 4.94115e+06
93 8902213 11872911 1150 1 1.49582 4.40054e+06
94 11429626 922854 1480 1 1.89495 3.97347e+06
95 9731987 852015 739 1 0.966316 4.08669e+06
96 2486810 12626074 1470 1 1.87705 3.2753e+06
97 2651474 7043779 163 1 0.226574 976250
98 7199202 4725232 700 1 0.895456 3.54076e+06
99 951403 13291607 988 1 1.28898 4.2964e+06
max-ST-CON-level 2117
min_time 0.226574 s
max_time 2.63625 s
mean_time 1.35948 s
stddev_time 0.583292
min_CONPS                   0.379327 
max_CONPS                   4.41357 
mean_CONPS                  0.965161 
stddev_CONPS                0.690819 
mean_ST, mean_time, stddev_ST: 0.965161, 1.35948, 0.690819 
-----ST_CON_VISITED_NODES-----
min_visited, max_visited, mean_visited, stddev_visited: 175009, 1.05765e+07, 4.72063e+06, 2.83073e+06
