SCALE 16
Edgefactor 16.0
MPI-Nodes 1
Num-ST-CON=100
Filename graphs/dense/com-youtube.txt
Seed1 1723075779
Seed2 1026713987
ST-CON-RUN RED-V BLUE-V DEPTH MN-FOUND TIME(Sec) TEPS
0 533234 27330 2 1 0.0086777 333383
1 209995 607302 3 1 0.00358206 2.9404e+07
2 381823 857028 3 1 0.00268522 1.41329e+06
3 9054 561177 3 1 0.0039546 8.81291e+07
4 193122 814073 3 1 0.00269068 2.92714e+06
5 247375 8687 2 1 0.00250166 517257
6 622671 1078208 4 1 0.00299761 1.10952e+07
7 996940 388280 4 1 0.00380679 1.41828e+07
8 11291 924753 2 1 0.00251419 660649
9 316430 699981 2 1 0.00247361 145940
10 237693 894229 3 1 0.00299898 1.44963e+07
11 127141 950353 2 1 0.00248263 91435.2
12 320259 613853 3 1 0.00271885 2.73902e+06
13 268420 1010863 4 1 0.00468306 1.18636e+08
14 112580 318374 2 1 0.00245312 735797
15 297047 1052911 3 1 0.00266332 616899
16 408939 719114 3 1 0.00328399 1.08755e+07
17 472086 1040185 3 1 0.00264943 134746
18 790481 727712 2 1 0.0024449 91619.4
19 445513 431445 3 1 0.00265296 327558
20 987620 510999 4 1 0.00411407 8.29987e+07
21 148207 468705 3 1 0.00271047 1.07782e+07
22 1091948 296610 4 1 0.00391874 6.2354e+07
23 1016972 1073192 4 1 0.00396588 5.42904e+07
24 676397 415906 3 1 0.00340708 2.92609e+07
25 811431 821408 3 1 0.00272049 316487
26 315431 413545 2 1 0.00246703 105795
27 105871 471854 2 1 0.00246656 3.34636e+06
28 542098 1056160 3 1 0.00329289 5.36367e+06
29 182050 524108 3 1 0.00272478 9.8786e+06
30 768893 604962 3 1 0.00270113 2.02434e+06
31 672569 754742 3 1 0.00271382 6.99125e+06
32 972084 727865 3 1 0.00267347 1.25455e+06
