SCALE 16
Edgefactor 16.0
MPI-Nodes 1
Num-ST-CON=100
Filename graphs/dense/amazon0312.txt
Seed1 1849310179
Seed2 2066782462
ST-CON-RUN RED-V BLUE-V DEPTH MN-FOUND TIME(Sec) TEPS
0 184554 3582 3 1 0.0037064 794302
1 72680 9459 4 1 0.00184179 2.14357e+06
2 132150 210189 4 1 0.00257664 7.05609e+06
3 3133 296619 4 1 0.00182595 5.1343e+06
4 66840 194225 2 1 0.0014707 89073.3
5 85617 281753 3 1 0.00162385 319610
6 215508 3006 3 1 0.0016508 4.42876e+06
7 345043 373171 3 1 0.00163503 1.65135e+06
8 3907 134385 4 1 0.00180886 1.68725e+06
9 109517 320059 4 1 0.00185083 5.5024e+06
10 82266 242265 3 1 0.00167279 985776
11 44003 309495 2 1 0.00144326 75523.4
12 110842 328920 4 1 0.00254842 9.80923e+06
13 92900 212456 3 1 0.00164287 2.49928e+06
14 38964 349862 4 1 0.00180461 3.45503e+06
15 102809 110190 3 1 0.0016538 3.33112e+06
16 141535 364415 4 1 0.00183197 3.05137e+06
17 163390 248887 3 1 0.00161643 270348
18 273588 360011 5 1 0.00381628 5.4937e+07
19 154193 251863 5 1 0.00325853 2.12326e+07
20 341818 149324 4 1 0.0018052 2.0718e+06
21 51295 176858 3 1 0.00164235 1.36999e+06
22 377926 162220 3 1 0.00163238 3.23148e+06
23 351977 102657 4 1 0.0018297 5.00463e+06
24 234103 371435 4 1 0.00180384 2.76299e+06
25 280838 143946 5 1 0.00257782 7.82406e+06
26 109171 284291 4 1 0.00177664 4.50569e+06
27 36642 143129 3 1 0.00159624 1.58434e+06
28 187621 163310 3 1 0.00162279 2.88947e+06
29 63008 365540 3 1 0.00159329 3.24737e+06
30 266116 307491 3 1 0.00158465 1.08668e+06
31 232778 181395 4 1 0.00215118 8.35587e+06
32 336441 209379 4 1 0.00175776 1.23965e+06
33 193477 261218 4 1 0.00175842 1.1061e+06
34 188538 251916 4 1 0.00208759 7.9853e+06
35 265880 346630 4 1 0.00240247 8.85756e+06
36 282069 308851 3 1 0.00159361 842742
37 36335 154327 4 1 0.00179632 6.72876e+06
38 329922 299616 3 1 0.00160088 3.65612e+06
39 234716 366908 4 1 0.00246024 9.33528e+06
40 141266 242207 3 1 0.0015984 765139
41 258399 214292 3 1 0.00159624 1.71591e+06
42 40571 370388 4 1 0.00177677 4.12491e+06
43 282189 197983 3 1 0.00159005 330807
44 48337 392448 4 1 0.00182049 5.52049e+06
45 219853 56818 3 1 0.00160521 1.55743e+06
46 80629 340776 3 1 0.00159578 443044
47 45895 191261 3 1 0.00229673 1.38244e+07
48 319124 316668 3 1 0.00159278 1.2971e+06
49 167942 119876 2 1 0.00141963 103548
50 247852 28331 4 1 0.00178063 2.54011e+06
51 78168 47136 3 1 0.00159123 946435
52 254732 63577 3 1 0.0015909 372116
53 3522 111545 4 1 0.00242852 1.04784e+07
54 64202 179477 3 1 0.00160995 2.62617e+06
55 44437 210787 3 1 0.00160881 3.32668e+06
56 363108 124875 4 1 0.00178819 5.0621e+06
57 90766 39596 3 1 0.0015983 2.62592e+06
58 259317 75480 3 1 0.00159275 1.35866e+06
59 209714 126290 3 1 0.00159574 1.38807e+06
60 276920 308960 3 1 0.00139009 842393
61 321945 78745 4 1 0.00179335 5.38769e+06
62 246137 365571 4 1 0.00179499 6.39447e+06
63 122725 10563 3 1 0.00160455 2.82385e+06
64 347811 221217 3 1 0.00162337 4.51221e+06
65 274411 70573 3 1 0.00159139 675511
66 31999 159960 3 1 0.00162234 4.60877e+06
67 357505 336305 3 1 0.00158418 918457
68 394532 139900 4 1 0.00178956 5.89141e+06
69 1636 35012 3 1 0.00160459 2.39001e+06
70 98949 33175 4 1 0.0017497 1.38995e+06
71 1047 76014 4 1 0.00177994 3.5709e+06
72 49032 212310 3 1 0.00160076 1.74167e+06
73 112527 299086 4 1 0.0018299 6.06919e+06
74 220804 202785 3 1 0.00160487 2.11107e+06
75 239999 23158 4 1 0.00180472 7.92477e+06
76 260342 122191 4 1 0.00178721 4.18697e+06
77 343800 24305 4 1 0.00182894 8.89039e+06
78 172290 351874 4 1 0.00178705 2.51476e+06
79 274768 134836 4 1 0.00180478 7.41363e+06
80 52126 154297 3 1 0.00159977 1.55835e+06
81 8714 287256 3 1 0.00158823 797113
82 103452 314647 3 1 0.00163231 7.72893e+06
83 317232 173857 4 1 0.00176623 2.90789e+06
84 198092 300727 3 1 0.00129356 3.98282e+06
85 175162 368599 4 1 0.00252182 1.66725e+07
86 178431 216914 3 1 0.0022647 1.46408e+07
87 258492 94649 3 1 0.00160282 1.93471e+06
88 148210 271080 3 1 0.00160047 1.94381e+06
89 377940 131091 4 1 0.00276567 2.07537e+07
90 240160 258047 4 1 0.0017981 8.09966e+06
91 29564 326815 5 1 0.0025732 8.16882e+06
92 359414 361529 4 1 0.00245165 1.36724e+07
93 253331 337868 5 1 0.00261305 1.35279e+07
94 325254 26261 4 1 0.00178928 4.92322e+06
95 276944 24245 3 1 0.00161937 3.53039e+06
96 70767 359301 4 1 0.00179027 3.9508e+06
97 75453 200445 3 1 0.00161133 564129
98 204868 134466 3 1 0.00160867 1.15126e+06
99 27074 378240 4 1 0.00180914 6.95304e+06
max-ST-CON-level 5
min_time 0.00129356 s
max_time 0.00381628 s
mean_time 0.00184706 s
stddev_time 0.00043588
min_CONPS                   262.035 
max_CONPS                   773.063 
mean_CONPS                  562.566 
stddev_CONPS                94.2395 
mean_ST, mean_time, stddev_ST: 562.566, 0.00184706, 94.2395 
-----ST_CON_VISITED_NODES-----
min_visited, max_visited, mean_visited, stddev_visited: 20, 31767, 1672.54, 3512.21
