SCALE 16
Edgefactor 16.0
MPI-Nodes 1
Num-ST-CON=100
Filename graphs/dense/as-skitter.txt
Seed1 1959947993
Seed2 685333485
ST-CON-RUN RED-V BLUE-V DEPTH MN-FOUND TIME(Sec) TEPS
0 781279 15164 2 1 0.0122946 114034
1 307679 40044 2 1 0.00829924 361600
2 559436 889800 3 1 0.0085292 603222
3 13266 1255691 2 1 0.00832487 172135
4 282956 822220 2 1 0.00828376 94763.7
5 362447 1192756 3 1 0.00932822 1.71472e+07
6 912320 12728 2 1 0.00834624 108791
7 1460686 1579758 4 1 0.00879877 1.28393e+06
8 16543 568896 2 1 0.00830826 283212
9 463625 1354920 3 1 0.00848612 740974
10 348260 1025591 2 1 0.00828322 191109
11 186283 1310198 3 1 0.00978676 1.60815e+08
12 469234 1392428 3 1 0.00902607 3.5198e+06
13 393280 899398 3 1 0.00851344 440598
14 164949 1481086 3 1 0.00949169 3.51882e+07
15 435225 466472 2 1 0.00828651 28359.4
16 599165 1542694 3 1 0.00851551 187540
17 691687 1053625 3 1 0.00851716 198071
18 1158189 1524048 3 1 0.00850233 229349
19 652753 1066222 3 1 0.00861265 5.02865e+06
20 1447031 632140 3 1 0.00863767 7.98178e+06
21 217149 748700 2 1 0.00831608 114718
22 1599889 686733 3 1 0.00866064 646373
23 1490037 434584 3 1 0.00921386 9.63852e+06
24 991036 1572409 3 1 0.00853116 514350
25 1188884 609373 3 1 0.00856743 832455
26 462160 1203502 2 1 0.00831421 50034.8
27 155119 605913 2 1 0.00831188 287660
28 794265 691347 2 1 0.00829814 47480.5
29 266735 1547454 3 1 0.00922146 6.98794e+06
30 1126559 1301716 3 1 0.00920798 2.32363e+07
31 985427 767907 3 1 0.0085507 493059
32 1424268 886372 3 1 0.00860029 2.68828e+06
33 819056 1105825 3 1 0.0085871 1.98274e+06
34 798145 1066446 3 1 0.00852526 582270
35 1125562 1467404 4 1 0.00987667 4.5221e+07
36 1194096 1307470 3 1 0.00852222 447653
37 153819 653321 2 1 0.00828708 97018.5
38 1396672 1268375 3 1 0.00852532 234243
39 993633 1553248 3 1 0.00911171 1.77716e+06
40 598030 1025344 3 1 0.00864726 1.02228e+07
41 1093890 907171 3 1 0.00858537 3.16783e+06
42 171750 1567977 3 1 0.00987881 1.68452e+08
43 1194602 838129 3 1 0.00850637 43026.6
44 204627 1661365 3 1 0.00862624 3.0544e+06
45 930713 240532 2 1 0.00837013 1.17812e+06
46 341333 1442621 3 1 0.0086369 8.29789e+06
47 194293 809675 2 1 0.00831791 134769
48 1350962 1340564 4 1 0.00884824 6.47948e+06
49 710958 507477 3 1 0.00861863 1.17525e+06
50 1049242 119936 2 1 0.00841943 144072
51 330913 199544 2 1 0.00832796 54275
52 1078367 269145 3 1 0.00859246 3.46304e+06
53 14912 472209 2 1 0.00829871 347042
54 271790 759788 2 1 0.00832199 886446
55 188120 892335 2 1 0.00835459 587581
56 1537158 528638 3 1 0.00853321 842356
57 384246 167624 2 1 0.00832065 48794.3
58 1097779 319533 3 1 0.00859535 3.25385e+06
59 887789 534631 2 1 0.00830881 71370
60 1172295 1307934 3 1 0.00855212 400368
61 1362902 333354 2 1 0.00836809 335202
62 1041984 1547585 3 1 0.00852087 952485
63 519537 44717 2 1 0.00826535 168898
64 1472403 936487 3 1 0.00853148 76305.6
65 1161677 298762 3 1 0.00852375 202610
66 135466 677166 3 1 0.00929283 1.36978e+07
67 1513440 1423693 3 1 0.00876466 211189
68 1670188 592246 4 1 0.0102629 9.2099e+07
69 6926 148218 2 1 0.00890351 7.91901e+06
70 418886 140442 2 1 0.00830562 219490
71 4434 321792 2 1 0.00830607 116301
72 207571 898781 2 1 0.00831577 159697
73 476368 1266131 3 1 0.0091677 7.73029e+06
74 934740 858459 3 1 0.00855891 899063
75 1015999 98039 3 1 0.00924901 1.33098e+07
76 1102116 517277 3 1 0.00853694 622002
77 1455423 102893 3 1 0.00961441 2.36925e+07
78 729363 1489604 3 1 0.00855935 2.08486e+06
79 1163186 570806 3 1 0.00914106 5.1179e+06
80 220669 653194 2 1 0.00834625 83151.1
81 36892 1216054 2 1 0.00867454 548732
82 437951 1332007 3 1 0.00917411 6.83445e+06
83 1342951 735999 3 1 0.00855096 919311
84 838593 1273080 3 1 0.00859035 215125
85 741519 1560406 3 1 0.00853099 335248
86 755361 918269 2 1 0.00828716 43440.7
87 1094283 400683 3 1 0.00860253 7.19126e+06
88 627425 1147573 2 1 0.00832368 128188
89 1599950 554953 3 1 0.00913955 3.6934e+06
90 1016681 1092403 3 1 0.00864088 1.73559e+06
91 125155 1383521 3 1 0.00915443 4.41863e+06
92 1521521 1530477 3 1 0.00853901 2.70558e+06
93 1072436 1430312 3 1 0.00854028 1.24832e+06
94 1376910 111174 3 1 0.00916856 3.17738e+06
95 1172398 102641 2 1 0.00831188 1.31162e+06
96 299582 1521044 2 1 0.00831701 24407.8
97 319419 848553 3 1 0.00863293 5.38184e+06
98 867277 569241 3 1 0.00913278 7.29811e+06
99 114614 1601220 3 1 0.00967257 9.07585e+07
max-ST-CON-level 4
min_time 0.00826535 s
max_time 0.0122946 s
mean_time 0.00871581 s
stddev_time 0.000557301
min_CONPS                   81.3365 
max_CONPS                   120.987 
mean_CONPS                  115.128 
stddev_CONPS                6.28425 
mean_ST, mean_time, stddev_ST: 115.128, 0.00871581, 6.28425 
-----ST_CON_VISITED_NODES-----
min_visited, max_visited, mean_visited, stddev_visited: 11, 71222, 4969.92, 13430.8
