SCALE 16
Edgefactor 16.0
MPI-Nodes 1
Num-ST-CON=100
Filename graphs/dense/soc-Epinions1.txt
Seed1 1792310166
Seed2 1025224093
ST-CON-RUN RED-V BLUE-V DEPTH MN-FOUND TIME(Sec) TEPS
0 34950 678 2 1 0.000605531 1.26203e+07
1 13763 1791 2 1 0.000562515 364435
2 25026 39805 2 1 0.000558715 760674
3 593 56173 2 1 0.00056107 4.27041e+06
4 12658 36781 2 1 0.000558692 2.58103e+06
5 16214 53357 2 1 0.000555873 473130
6 40812 569 2 1 0.000555429 5.93415e+06
7 65343 70670 4 1 0.000893503 2.56518e+07
8 740 25449 2 1 0.000555844 447967
9 20740 60612 3 1 0.00077077 7.32787e+07
10 15579 45879 2 1 0.000552417 581083
11 8333 58611 3 1 0.000718468 1.16178e+07
12 20991 62290 2 1 0.000551827 213835
13 17593 40234 2 1 0.000555025 826990
14 7378 66256 3 1 0.000747017 9.05963e+07
15 19469 20867 2 1 0.000584966 1.1334e+06
16 26803 69012 3 1 0.000749035 9.31732e+06
17 30942 47133 3 1 0.000732195 1.63263e+07
18 51811 68178 3 1 0.000716258 1.1588e+06
19 29200 47697 3 1 0.000743919 4.62819e+06
20 64732 28278 3 1 0.000723482 1.62768e+07
21 9714 33493 2 1 0.000557899 754617
22 71570 30720 2 1 0.000556469 699051
23 66656 19441 2 1 0.000562692 1.89446e+06
24 44333 70341 3 1 0.000718887 2.55395e+06
25 53184 27260 2 1 0.000562148 247266
26 20674 53838 2 1 0.00055876 1.86126e+06
27 6939 27105 2 1 0.000563767 1.08201e+06
28 35531 30927 2 1 0.000564027 560257
29 11932 69225 3 1 0.000749188 5.5432e+07
30 50396 58232 3 1 0.000720816 1.11818e+06
31 44083 34352 2 1 0.00056192 1.14429e+06
32 63714 39651 3 1 0.000734827 1.67604e+07
33 36640 49469 3 1 0.000748392 3.83836e+07
34 35704 47707 2 1 0.000564238 393451
35 50351 65644 3 1 0.000724945 742125
36 53417 58489 3 1 0.000722701 222775
37 6881 29226 2 1 0.000563632 560650
38 62480 56740 3 1 0.000724279 847740
39 44450 69484 4 1 0.000899874 1.3813e+07
40 26752 45868 3 1 0.000739095 9.69158e+06
41 48935 40582 2 1 0.000568046 293990
42 7683 70143 3 1 0.000763087 2.51282e+07
43 53440 37493 2 1 0.000562848 637828
44 9153 74321 2 1 0.000564495 598765
45 41635 10760 2 1 0.000591027 2.4026e+06
46 15269 64535 3 1 0.00073512 2.17284e+07
47 8691 36220 2 1 0.000564545 545572
48 60435 59970 3 1 0.000723774 3.53978e+06
49 31804 22701 2 1 0.000566271 418528
50 46937 5365 2 1 0.00056968 333521
51 14803 8926 2 1 0.00056387 443365
52 48240 12040 2 1 0.000564452 745856
53 667 21124 2 1 0.000565449 5.77948e+06
54 12158 33989 2 1 0.000562698 437179
55 8415 39918 2 1 0.000565626 3.2601e+06
56 68764 23648 3 1 0.000725546 8.89675e+06
57 17189 7498 2 1 0.000566288 1.3668e+06
58 49109 14294 3 1 0.000781665 4.85208e+07
59 39715 23916 3 1 0.000765506 7.5068e+07
60 52442 58510 3 1 0.000720933 721287
61 60969 14912 3 1 0.00137421 1.00718e+08
62 46613 69231 2 1 0.000563749 106430
63 23241 2000 2 1 0.000566695 3.97921e+06
64 65867 41893 2 1 0.000562033 743729
65 51967 13365 2 1 0.000562916 365952
66 6060 30292 2 1 0.000564204 466143
67 67703 63688 3 1 0.000724983 304835
68 74715 26494 2 1 0.000562305 145828
69 309 6630 2 1 0.00056642 2.64821e+06
70 18738 6282 2 1 0.000566418 6.09797e+06
71 198 14395 1 1 0.00042698 484800
72 9285 40206 2 1 0.000573125 273937
73 21310 56640 2 1 0.000568899 6.90281e+06
74 41815 38403 2 1 0.00056639 520843
75 45450 4385 2 1 0.000594317 979275
76 49303 23140 2 1 0.000562836 964757
77 65108 4602 3 1 0.000757885 9.455e+07
78 32627 66637 2 1 0.000561959 736709
79 52035 25534 2 1 0.000566096 508748
80 9871 29220 2 1 0.000559272 466678
81 1650 54400 2 1 0.000566604 9.26926e+06
82 19591 59587 2 1 0.000588569 334710
83 60076 32924 2 1 0.000581451 741249
84 37514 56951 3 1 0.000721785 7.5244e+06
85 33171 69804 3 1 0.000724751 6.36632e+06
86 33790 41078 3 1 0.000727394 1.53053e+07
87 48952 17924 2 1 0.000563268 475795
88 28067 51336 3 1 0.000733305 2.16445e+07
89 71573 24825 2 1 0.00056318 598388
90 45481 48868 2 1 0.000562219 594075
91 5598 61891 3 1 0.000730893 1.44029e+07
92 68065 68465 3 1 0.000724797 344924
93 47975 63984 3 1 0.000728195 616593
94 61595 4973 3 1 0.000755656 7.00795e+07
95 52447 4591 3 1 0.00074274 4.93578e+07
96 13401 68043 3 1 0.000728974 1.65328e+07
97 14289 37959 2 1 0.000587907 2.20273e+06
98 38797 25464 2 1 0.000559392 430825
99 5127 71630 2 1 0.000562907 1.91684e+06
max-ST-CON-level 4
min_time 0.00042698 s
max_time 0.00137421 s
mean_time 0.000640477 s
stddev_time 0.000118684
min_CONPS                   727.692 
max_CONPS                   2342.03 
mean_CONPS                  1602.92 
stddev_CONPS                238.809 
mean_ST, mean_time, stddev_ST: 1602.92, 0.000640477, 238.809 
-----ST_CON_VISITED_NODES-----
min_visited, max_visited, mean_visited, stddev_visited: 3, 4432, 237.65, 603.484
