SCALE 16
Edgefactor 16.0
MPI-Nodes 1
Num-ST-CON=100
Filename graphs/symmetric/hugebubbles-00020.mtx.alt
Seed1 576108399
Seed2 782473778
ST-CON-RUN RED-V BLUE-V DEPTH MN-FOUND TIME(Sec) TEPS
0 9762728 189497 1168 1 1.87964 3.60653e+06
1 3844706 500387 1055 1 1.65022 3.33671e+06
2 6990627 11118797 1683 1 2.65915 4.22133e+06
3 165774 15690906 1534 1 2.39962 4.26273e+06
4 3535776 10274326 1786 1 2.82246 4.56895e+06
5 4529083 14904477 809 1 1.27194 2.72491e+06
6 11400193 159055 1763 1 2.76952 4.91275e+06
7 18252485 19740385 402 1 0.624494 1.39292e+06
8 206728 7108836 372 1 0.565874 1.13854e+06
9 5793378 16930851 1662 1 2.62824 4.76972e+06
10 4351805 12815609 2203 1 3.48985 5.4537e+06
11 2327764 16372009 1315 1 2.06696 4.15064e+06
12 5863479 17399551 1123 1 1.74099 2.44253e+06
13 4914370 11238733 2539 1 4.03882 5.57174e+06
14 2061177 18507402 2490 1 3.87509 5.36151e+06
15 5438499 5828957 1417 1 2.22874 4.19141e+06
16 7487064 19277246 907 1 1.42388 2.94573e+06
17 8643207 13165919 924 1 1.43779 2.6504e+06
18 14472541 19044240 992 1 1.51227 2.5618e+06
19 8156696 13323327 2247 1 3.50691 4.60258e+06
20 18081855 7899119 2721 1 4.31898 5.2908e+06
21 2713464 9355632 2775 1 4.38495 5.37719e+06
22 19991940 8581305 1285 1 2.02732 3.36118e+06
23 18619252 5430491 2939 1 4.66862 5.50917e+06
24 12383826 19648562 1171 1 1.80823 2.84594e+06
25 14856091 7614627 2953 1 4.63232 5.05566e+06
26 5775073 15038755 779 1 1.1817 2.02117e+06
27 1938343 7571392 964 1 1.5138 3.08637e+06
28 9925007 8638956 1518 1 2.30266 2.91999e+06
29 3333081 19336729 2425 1 3.856 5.97211e+06
30 14077286 16266020 1964 1 3.07601 5.12739e+06
31 12313737 9595643 1806 1 2.79036 3.67169e+06
32 17797407 11075952 566 1 0.812484 1.16507e+06
33 10234789 13818209 1598 1 2.54344 4.83114e+06
34 9973483 13326127 1161 1 1.8166 3.14447e+06
35 14064832 18336433 1954 1 3.08839 4.49723e+06
36 14921225 16337926 1562 1 2.45458 4.03018e+06
37 1922104 8163791 2892 1 4.57163 5.10229e+06
38 17452580 15849401 2389 1 3.76024 4.48274e+06
39 12416278 19409126 574 1 0.865766 1.54987e+06
40 7472886 12812523 2234 1 3.54412 5.65831e+06
41 13669071 11335855 1575 1 2.45619 3.81672e+06
42 2146167 19593172 1334 1 2.10009 4.19699e+06
43 14927546 10473119 3103 1 4.91972 5.37554e+06
44 2556983 20760139 2044 1 3.25464 5.82817e+06
45 11630038 3005646 2396 1 3.7847 4.96621e+06
46 4265238 18026748 569 1 0.880849 1.87268e+06
47 2427852 10117569 1960 1 3.10014 5.03136e+06
48 16881389 16751462 1737 1 2.71495 4.00169e+06
49 8884016 6341355 1622 1 2.53393 3.7416e+06
50 13111157 1498706 1952 1 3.10646 5.23089e+06
51 4135036 2493475 1579 1 2.45368 3.38674e+06
52 13475093 3363201 2269 1 3.58377 4.87525e+06
53 186342 5900645 649 1 1.00205 1.96561e+06
54 3396241 9494182 2577 1 4.08297 5.33661e+06
55 2350726 11150474 1589 1 2.47056 3.56942e+06
56 19208062 6605778 1876 1 2.96097 4.22768e+06
57 4801483 2094611 2556 1 4.06964 6.25075e+06
58 13717658 3992833 2954 1 4.6218 5.21008e+06
59 11093669 6680666 1020 1 1.60985 3.16956e+06
60 14648806 16343726 1691 1 2.66606 3.97419e+06
61 17030588 4165544 1395 1 2.15119 3.08002e+06
62 13020451 19338356 487 1 0.711833 1.23341e+06
63 6492047 558781 950 1 1.49704 3.00967e+06
64 18398895 11702181 1559 1 2.46192 4.1219e+06
65 14516123 3733285 1400 1 2.22059 4.5397e+06
66 1692763 8461761 531 1 0.792725 1.51171e+06
67 18911687 17790223 2105 1 3.34929 5.36535e+06
68 20870383 7400611 1053 1 1.65121 3.31528e+06
69 86551 1852115 1514 1 2.29469 2.95476e+06
70 5234331 1754947 1355 1 2.14233 3.97044e+06
71 55412 4021068 664 1 0.99653 1.63669e+06
72 2593782 11231013 2965 1 4.70323 5.23021e+06
73 5952614 15821366 1347 1 2.09524 3.78876e+06
74 11680359 10727157 2764 1 4.34688 4.97257e+06
75 12695752 1225086 1853 1 2.92687 4.9685e+06
76 13771860 6463810 1501 1 2.32022 3.29543e+06
77 18186725 1285743 2666 1 4.2319 4.85737e+06
78 9113995 18613835 1034 1 1.6172 3.11275e+06
79 14534975 7132698 1817 1 2.7715 3.27808e+06
80 2757444 8162211 2567 1 4.074 5.28376e+06
81 461007 15195607 1056 1 1.62767 2.73629e+06
82 5472560 16644533 1862 1 2.96789 5.91896e+06
83 16781295 9196917 510 1 0.775452 1.49731e+06
84 10478925 15908193 1068 1 1.6303 2.485e+06
85 9265902 19498566 1208 1 1.88292 3.10881e+06
86 9438860 11474541 1497 1 2.31745 3.19725e+06
87 13673982 5006872 999 1 1.56136 2.87256e+06
88 7840199 14339877 1625 1 2.5827 5.18306e+06
89 19992699 6934605 1077 1 1.69426 3.64797e+06
90 12704275 13650479 1289 1 1.97366 3.10451e+06
91 1563919 17288241 2152 1 3.41667 5.08882e+06
92 19012665 19124577 1739 1 2.7627 4.69123e+06
93 13400982 17872934 2649 1 4.18196 5.56042e+06
94 17205633 1389222 704 1 1.0959 2.22042e+06
95 14650086 1282584 833 1 1.29941 2.60571e+06
96 3743530 19006711 2922 1 4.6452 5.7283e+06
97 3991407 10603380 1881 1 2.98105 4.80528e+06
98 10837347 7113148 1602 1 2.49929 3.41636e+06
99 1432198 20008574 970 1 1.51643 3.16645e+06
max-ST-CON-level 3103
min_time 0.565874 s
max_time 4.91972 s
mean_time 2.55752 s
stddev_time 1.132
min_CONPS                   0.203264 
max_CONPS                   1.76718 
mean_CONPS                  0.5055 
stddev_CONPS                0.312866 
mean_ST, mean_time, stddev_ST: 0.5055, 2.55752, 0.312866 
-----ST_CON_VISITED_NODES-----
min_visited, max_visited, mean_visited, stddev_visited: 429547, 1.77425e+07, 7.521e+06, 4.99621e+06
