SCALE 16
Edgefactor 16.0
MPI-Nodes 1
Num-ST-CON=100
Filename graphs/dense/com-youtube.txt
Seed1 705798131
Seed2 1260964070
ST-CON-RUN RED-V BLUE-V DEPTH MN-FOUND TIME(Sec) TEPS
0 533234 27330 2 1 0.00869889 332686
1 209995 607302 3 1 0.00357524 3.03375e+07
2 381823 857028 3 1 0.00267717 1.41754e+06
3 9054 561177 3 1 0.00412125 8.45653e+07
4 193122 814073 3 1 0.00273237 2.85979e+06
5 247375 8687 2 1 0.00248708 525918
6 622671 1078208 4 1 0.00295164 1.12829e+07
7 996940 388280 4 1 0.00375074 1.38802e+07
8 11291 924753 2 1 0.00248587 668178
9 316430 699981 2 1 0.00248197 145449
10 237693 894229 3 1 0.0029768 1.46419e+07
11 127141 950353 2 1 0.00248541 120302
12 320259 613853 3 1 0.00271146 2.74649e+06
13 268420 1010863 4 1 0.00447043 1.2428e+08
14 112580 318374 2 1 0.00245691 721231
15 297047 1052911 3 1 0.00266756 603173
16 408939 719114 3 1 0.00329818 1.08287e+07
17 472086 1040185 3 1 0.00265112 134660
18 790481 727712 2 1 0.00246075 91029.3
19 445513 431445 3 1 0.00266324 327421
20 987620 510999 4 1 0.0040773 8.37471e+07
21 148207 468705 3 1 0.0026977 1.08292e+07
22 1091948 296610 4 1 0.00400129 6.10675e+07
23 1016972 1073192 4 1 0.00393577 5.4666e+07
24 676397 415906 3 1 0.00339636 2.93532e+07
25 811431 821408 3 1 0.00264817 358361
26 315431 413545 2 1 0.00245534 106299
27 105871 471854 2 1 0.00250188 3.29912e+06
28 542098 1056160 3 1 0.003283 5.37983e+06
29 182050 524108 3 1 0.00273658 9.83162e+06
30 768893 604962 3 1 0.00278738 1.9617e+06
31 672569 754742 3 1 0.00268859 7.05687e+06
32 972084 727865 3 1 0.00265459 1.26347e+06
33 559018 1001525 4 1 0.00297321 2.72668e+06
34 544745 445901 3 1 0.0027141 1.19671e+06
35 768212 865685 3 1 0.00265303 759886
36 814988 1060115 3 1 0.00308555 923660
37 104984 699812 2 1 0.00267331 623197
38 953249 619157 4 1 0.00291774 135036
39 678169 1070167 3 1 0.00336474 1.18594e+07
40 408164 572035 3 1 0.00269436 2.92575e+06
41 746596 1133906 3 1 0.0035723 6.86225e+06
42 117222 164166 2 1 0.00246458 463364
43 815333 984610 4 1 0.00282411 2.97722e+06
44 139660 552615 3 1 0.00391087 8.84583e+07
45 635225 914955 6 1 0.01005 2.45228e+08
46 232964 346361 3 1 0.00266357 803809
47 132607 81858 2 1 0.00247442 84060
48 922051 136192 3 1 0.00281597 1.15385e+07
49 485239 183696 3 1 0.00279403 1.2516e+06
50 716123 322289 3 1 0.00292519 1.77014e+06
51 225853 518566 3 1 0.00277422 8.00692e+06
52 736001 609032 3 1 0.00274281 787878
53 10177 360803 2 1 0.00252086 389154
54 185500 114406 2 1 0.00253958 84659.8
55 128395 218086 3 1 0.00331965 1.3699e+07
56 1049133 364894 3 1 0.0030929 1.26612e+06
57 262254 892684 3 1 0.0030618 262590
58 749250 227519 3 1 0.0027307 85692.3
59 605929 1056249 4 1 0.0034022 274822
60 800109 30520 3 1 0.00285838 4.40774e+06
61 930200 203909 3 1 0.00326629 4.10987e+06
62 711169 462176 2 1 0.00281792 94396
63 354591 971691 4 1 0.00337091 3.52605e+06
64 1004936 404217 5 1 0.00561004 1.78867e+08
65 792862 101161 3 1 0.00286354 3.81556e+06
66 92457 95854 2 1 0.00246614 179227
67 1032945 219628 3 1 0.00272005 260290
68 1139928 613431 4 1 0.00289379 1.22054e+06
69 4727 864153 2 1 0.0027385 258536
70 285896 585911 3 1 0.00273211 2.9889e+06
71 3026 66913 2 1 0.00248372 961057
72 141670 353049 2 1 0.00245566 124610
73 325128 70226 2 1 0.00245547 117696
74 693434 1016676 3 1 0.00281559 3.45398e+06
75 752211 389583 3 1 0.00279476 6.88719e+06
76 993348 445815 3 1 0.00265389 114549
77 497801 829975 3 1 0.00302934 4.19926e+06
78 793891 909114 3 1 0.00301482 1.04683e+06
79 150609 502330 2 1 0.00246035 112992
80 25179 868896 2 1 0.00249141 1.34823e+06
81 298908 1065000 3 1 0.00336824 8.3652e+06
82 916584 626732 3 1 0.00272868 169313
83 572352 273472 3 1 0.00268716 905788
84 506098 783235 3 1 0.00345791 1.89577e+07
85 515545 378764 3 1 0.00268476 2.39388e+06
86 746864 745581 3 1 0.00342227 7.21949e+06
87 428227 944273 3 1 0.00269675 1.507e+06
88 1091989 1044573 3 1 0.00268588 1.62144e+06
89 693900 976209 4 1 0.00432324 1.14895e+08
90 85420 75878 2 1 0.00248818 80781.8
91 1038460 70054 3 1 0.00275329 1.16181e+07
92 731953 1038135 2 1 0.00246885 2.11556e+06
93 939761 579150 4 1 0.00289065 2.16456e+06
94 800179 388516 3 1 0.00270476 3.40178e+06
95 204469 1092856 2 1 0.00246988 423502
96 218008 934792 3 1 0.00269371 4.68684e+06
97 591929 593876 4 1 0.00286228 2.38272e+06
98 78225 673960 2 1 0.00235654 232969
99 10350 1153851 2 1 0.00247246 31952
max-ST-CON-level 6
min_time 0.00235654 s
max_time 0.01005 s
mean_time 0.00305632 s
stddev_time 0.00105424
min_CONPS                   99.5025 
max_CONPS                   424.351 
mean_CONPS                  345.533 
stddev_CONPS                60.2557 
mean_ST, mean_time, stddev_ST: 345.533, 0.00305632, 60.2557 
-----ST_CON_VISITED_NODES-----
min_visited, max_visited, mean_visited, stddev_visited: 5, 702981, 11138.8, 71308.9
