SCALE 16
Edgefactor 16.0
MPI-Nodes 1
Num-ST-CON=100
Filename graphs/symmetric/hugetric-00000.mtx.alt
Seed1 661142035
Seed2 1899492994
ST-CON-RUN RED-V BLUE-V DEPTH MN-FOUND TIME(Sec) TEPS
0 2682481 52067 691 1 0.394628 5.03442e+06
1 1056400 137490 241 1 0.123389 2.19133e+06
2 1920797 3055084 797 1 0.461605 6.18739e+06
3 45549 4311351 417 1 0.195682 3.71836e+06
4 971516 2823051 726 1 0.388338 5.05071e+06
5 1244445 4095266 618 1 0.344589 5.04438e+06
6 3132403 43703 864 1 0.524075 6.70015e+06
7 5015190 5424017 855 1 0.519305 6.60403e+06
8 56802 1953277 832 1 0.498049 6.49156e+06
9 1591832 4652048 965 1 0.52164 5.65735e+06
10 1195734 3521313 789 1 0.468063 5.59236e+06
11 639594 4498497 899 1 0.551473 7.16768e+06
12 1611093 4780832 642 1 0.361815 5.17108e+06
13 1350309 3088039 263 1 0.13242 2.42791e+06
14 566344 5085233 908 1 0.518591 5.93726e+06
15 1494323 1601608 461 1 0.227856 4.1205e+06
16 2057202 5296761 1129 1 0.667816 5.7543e+06
17 2374873 3617567 735 1 0.327277 4.10738e+06
18 3976585 5232739 1073 1 0.66608 7.24339e+06
19 2241195 3660818 1091 1 0.659241 5.7983e+06
20 4968307 2170421 1034 1 0.609317 6.78995e+06
21 745571 2570624 177 1 0.0967183 1.42857e+06
22 5493136 2357864 838 1 0.485866 5.51834e+06
23 5115966 1492122 947 1 0.523937 5.82071e+06
24 3402673 5398787 736 1 0.439579 6.35538e+06
25 4081972 2092252 1007 1 0.629463 6.95135e+06
26 1586802 4132162 964 1 0.519692 5.7246e+06
27 532593 2080373 413 1 0.202236 3.93187e+06
28 2727070 2373704 878 1 0.531997 5.95279e+06
29 915822 5313105 1214 1 0.743355 6.35083e+06
30 3867981 4469374 510 1 0.274505 4.5519e+06
31 3383415 2636571 1221 1 0.670036 5.69338e+06
32 4890150 3043312 147 1 0.0846677 1.07002e+06
33 2812188 3796795 275 1 0.137648 2.50272e+06
34 2740389 3661587 754 1 0.443936 5.79685e+06
35 3864559 5038257 501 1 0.269277 4.40975e+06
36 4099868 4489132 717 1 0.416642 6.05561e+06
37 528131 2243144 1056 1 0.654954 6.95673e+06
38 4795402 4354901 646 1 0.377014 5.99815e+06
39 3411590 5332998 581 1 0.31039 4.68699e+06
40 2053306 3520465 961 1 0.555029 6.29642e+06
41 3755817 3114725 666 1 0.353996 4.91999e+06
42 589697 5383568 509 1 0.23381 3.87598e+06
43 4101605 2877673 468 1 0.238979 4.19908e+06
44 702576 5704212 243 1 0.124378 2.20076e+06
45 3195557 825854 1057 1 0.617417 6.37375e+06
46 1171949 4953165 951 1 0.528756 5.64818e+06
47 667095 2779979 320 1 0.15699 3.14122e+06
48 4638458 4602758 798 1 0.449261 5.37568e+06
49 2441039 1742398 1032 1 0.594037 6.20038e+06
50 3602520 411795 346 1 0.16738 3.33945e+06
51 1136173 685126 699 1 0.3979 5.16391e+06
52 3702518 924098 1203 1 0.722745 6.79314e+06
53 51200 1621305 547 1 0.276144 4.61134e+06
54 933176 2608693 956 1 0.586686 6.50071e+06
55 645903 3063788 1081 1 0.672073 7.12047e+06
56 5277752 1815053 479 1 0.230604 4.26526e+06
57 1319291 575531 793 1 0.452348 5.63526e+06
58 3769167 1097101 864 1 0.496614 5.98377e+06
59 3048180 1835630 156 1 0.0888372 992704
60 4025016 4490725 715 1 0.400729 5.54177e+06
61 4679453 1144556 961 1 0.557081 6.09884e+06
62 3577597 5313553 718 1 0.422658 5.94037e+06
63 1783803 153534 1053 1 0.63546 7.04951e+06
64 5055419 3215379 748 1 0.382466 4.9522e+06
65 3988559 1025785 231 1 0.120367 1.96495e+06
66 465116 2325017 720 1 0.399776 5.06534e+06
67 5196318 4888176 1225 1 0.69922 6.40536e+06
68 5734504 2033448 266 1 0.134242 2.30478e+06
69 23781 508901 367 1 0.175975 3.47527e+06
70 1438224 482202 432 1 0.203199 3.55404e+06
71 15225 1104859 322 1 0.157503 3.00455e+06
72 712687 3085918 918 1 0.549283 7.04722e+06
73 1635585 4347198 824 1 0.478688 6.35774e+06
74 3209383 2947475 714 1 0.419471 6.08941e+06
75 3488381 336614 1016 1 0.608463 6.1236e+06
76 3784060 1776045 1236 1 0.761532 6.72746e+06
77 4997122 353280 972 1 0.562106 5.55994e+06
78 2504230 5114478 1066 1 0.627489 6.7454e+06
79 3993739 1959834 788 1 0.472086 6.08599e+06
80 757656 2242711 937 1 0.553639 6.39764e+06
81 126670 4175260 196 1 0.105528 1.52394e+06
82 1503682 4573377 619 1 0.325419 4.58572e+06
83 4610955 2527014 384 1 0.182123 2.96482e+06
84 2879268 4371055 1464 1 0.865045 6.88183e+06
85 2545969 5357573 482 1 0.252063 4.30275e+06
86 2593492 3152831 162 1 0.0910508 1.25639e+06
87 3757166 1375726 1298 1 0.791375 6.65891e+06
88 2154232 3940133 595 1 0.309167 4.3729e+06
89 5493345 1905404 585 1 0.331571 4.97649e+06
90 3490722 3750708 641 1 0.287282 3.98765e+06
91 429714 4750248 586 1 0.327322 5.13379e+06
92 5224063 5254813 489 1 0.226093 3.78479e+06
93 3682155 4910902 694 1 0.313718 4.33692e+06
94 4727550 381713 1076 1 0.656411 6.90618e+06
95 4025368 352412 687 1 0.322161 4.03977e+06
96 1028600 5222427 782 1 0.391345 4.80737e+06
97 1096709 2913465 811 1 0.476651 6.21918e+06
98 2977751 1954462 960 1 0.59099 7.19347e+06
99 393521 5497707 597 1 0.299191 4.55668e+06
max-ST-CON-level 1464
min_time 0.0846677 s
max_time 0.865045 s
mean_time 0.413831 s
stddev_time 0.19085
min_CONPS                   1.15601 
max_CONPS                   11.8109 
mean_CONPS                  3.34764 
stddev_CONPS                2.41883 
mean_ST, mean_time, stddev_ST: 3.34764, 0.413831, 2.41883 
-----ST_CON_VISITED_NODES-----
min_visited, max_visited, mean_visited, stddev_visited: 58817, 3.96986e+06, 1.58372e+06, 993797
