SCALE 16
Edgefactor 16.0
MPI-Nodes 1
Num-ST-CON=100
Filename graphs/symmetric/hugebubbles-00000.mtx.alt
Seed1 2073323301
Seed2 914745642
ST-CON-RUN RED-V BLUE-V DEPTH MN-FOUND TIME(Sec) TEPS
0 8436364 163752 2144 1 3.13536 4.88164e+06
1 3322364 432405 1476 1 2.09354 4.09242e+06
2 6040880 9608198 1276 1 1.83201 4.11628e+06
3 143252 13559140 1658 1 2.36011 3.76071e+06
4 3055405 8878456 2166 1 3.14824 5.39651e+06
5 3913762 12879555 816 1 1.14533 2.57991e+06
6 9851363 137446 1406 1 1.99967 3.56362e+06
7 15772703 17058457 1526 1 2.16693 3.9142e+06
8 178641 6143030 2595 1 3.73468 4.405e+06
9 5006289 14630626 1797 1 2.59109 4.33794e+06
10 3760568 11074481 2255 1 3.25527 4.62135e+06
11 2011514 14147708 1802 1 2.60853 4.73685e+06
12 5066866 15035648 112 1 0.207253 248127
13 4246704 9711839 677 1 0.949552 2.26128e+06
14 1781146 15992987 791 1 1.12034 2.59573e+06
15 4699624 5037035 747 1 1.05066 2.44075e+06
16 6469872 16658240 1137 1 1.62983 3.45902e+06
17 7468941 11377198 2512 1 3.64164 4.83932e+06
18 12506302 16456890 2157 1 3.12814 5.21161e+06
19 7048527 11513220 991 1 1.41084 3.01583e+06
20 15625254 6825945 395 1 0.536447 1.25709e+06
21 2344813 8084576 1380 1 1.97329 3.32803e+06
22 17275835 7415449 1591 1 2.28312 4.43163e+06
23 16089641 4692705 2261 1 3.27015 4.55976e+06
24 10701360 16979109 2159 1 3.09255 4.63851e+06
25 12837743 6580104 1872 1 2.67115 4.4797e+06
26 4990472 12995590 1704 1 2.46034 4.46362e+06
27 1674999 6542743 1133 1 1.62698 3.81153e+06
28 8576596 7465267 620 1 0.866921 1.91046e+06
29 2880249 16709641 1372 1 1.97195 3.91642e+06
30 12164746 14056119 610 1 0.789323 1.50177e+06
31 10640793 8291979 1137 1 1.59776 3.09331e+06
32 15379452 9571173 1596 1 2.29856 4.72443e+06
33 8844290 11940868 1542 1 2.10278 2.6916e+06
34 8618486 11515639 1418 1 2.0429 4.35497e+06
35 12153984 15845245 1912 1 2.75526 4.59966e+06
36 12894028 14118256 877 1 1.24034 2.47442e+06
37 1660967 7054658 1783 1 2.5419 4.16828e+06
38 15081473 13696102 2972 1 4.27593 4.2959e+06
39 10729402 16772203 761 1 1.04149 2.06404e+06
40 6457620 11071814 2507 1 3.6441 4.62285e+06
41 11811991 9795766 1931 1 2.75623 4.18079e+06
42 1854589 16931244 1283 1 1.83501 3.42781e+06
43 12899490 9050242 3262 1 4.70476 4.81632e+06
44 2209591 17939667 1712 1 2.47985 4.84553e+06
45 10049981 2597299 828 1 1.14629 2.27186e+06
46 3685763 15577635 2964 1 4.31276 4.84449e+06
47 2098004 8742996 2900 1 4.17103 4.46817e+06
48 14587884 14475609 1106 1 1.58043 3.6755e+06
49 7677034 5479818 2568 1 3.72336 4.46647e+06
50 11329876 1295092 1572 1 2.26961 4.54791e+06
51 3573250 2154712 1699 1 2.44927 4.19079e+06
52 11644367 2906276 1601 1 2.26526 3.89599e+06
53 161025 5098983 1149 1 1.63705 3.20072e+06
54 2934828 8204303 2619 1 3.74798 4.38971e+06
55 2031357 9635571 1733 1 2.4243 3.59044e+06
56 16598455 5708317 2948 1 4.27839 4.63426e+06
57 4149154 1810037 3456 1 5.03212 4.90094e+06
58 11853978 3450367 1551 1 2.2091 3.7118e+06
59 9586483 5773031 2783 1 4.04791 5.19185e+06
60 12658620 14123267 932 1 1.23295 1.97081e+06
61 14716813 3599614 2875 1 4.17671 4.58209e+06
62 11251493 16711048 2006 1 2.90345 4.3673e+06
63 5610037 482865 529 1 0.72889 1.7266e+06
64 15899222 10112323 2288 1 3.29024 4.61988e+06
65 12543963 3226081 937 1 1.33042 3.01581e+06
66 1462785 7312146 1457 1 2.01953 2.94837e+06
67 16342346 15373243 2815 1 4.07047 5.64269e+06
68 18034933 6395164 96 1 0.189674 200281
69 74792 1600487 509 1 0.70301 1.66638e+06
70 4523195 1516520 1194 1 1.65345 2.5255e+06
71 47884 3474766 3511 1 5.04985 4.54493e+06
72 2241391 9705168 2109 1 3.06203 5.25921e+06
73 5143892 13671876 1991 1 2.88354 4.6842e+06
74 10093466 9269766 2410 1 3.47384 4.95091e+06
75 10970908 1058646 1382 1 1.98192 4.12404e+06
76 11900816 5585637 3095 1 4.4773 5.05215e+06
77 15715877 1111062 3296 1 4.75358 4.58216e+06
78 7875768 16084960 1177 1 1.59617 2.50038e+06
79 12560254 6163650 267 1 0.388313 780733
80 2382817 7053293 3043 1 4.42262 4.75948e+06
81 398375 13131132 1563 1 2.21338 3.92774e+06
82 4729058 14383207 2924 1 4.23138 4.77963e+06
83 14501389 7947424 1556 1 2.2418 3.90829e+06
84 9055258 13746907 1040 1 1.48506 3.52234e+06
85 8007037 16849491 1887 1 2.73016 4.77089e+06
86 8156497 9915611 1868 1 2.57429 3.06021e+06
87 11816235 4326638 1155 1 1.64834 3.32762e+06
88 6775029 12391662 1372 1 1.89944 3.05099e+06
89 17276492 5992470 2463 1 3.5132 4.75742e+06
90 10978273 11795925 2111 1 2.97686 4.1786e+06
91 1351445 14939461 3168 1 4.60877 4.76593e+06
92 16429605 16526313 853 1 1.147 1.9698e+06
93 11580325 15444718 617 1 0.862762 2.01372e+06
94 14868076 1200483 1766 1 2.45308 3.26029e+06
95 12659726 1108332 1509 1 2.13078 3.72236e+06
96 3234934 16424460 773 1 1.06805 2.07944e+06
97 3449135 9162805 1939 1 2.75602 3.95432e+06
98 9364986 6146756 1984 1 2.86808 4.76173e+06
99 1237620 17290210 950 1 1.34043 2.60069e+06
max-ST-CON-level 3511
min_time 0.189674 s
max_time 5.04985 s
mean_time 2.445 s
stddev_time 1.18586
min_CONPS                   0.198026 
max_CONPS                   5.27221 
mean_CONPS                  0.624243 
stddev_CONPS                0.733184 
mean_ST, mean_time, stddev_ST: 0.624243, 2.445, 0.733184 
-----ST_CON_VISITED_NODES-----
min_visited, max_visited, mean_visited, stddev_visited: 25385, 1.64455e+07, 6.8447e+06, 4.4218e+06
