SCALE 16
Edgefactor 16.0
MPI-Nodes 1
Num-ST-CON=100
Filename graphs/dense/soc-Epinions1.txt
Seed1 1498278413
Seed2 69354519
ST-CON-RUN RED-V BLUE-V DEPTH MN-FOUND TIME(Sec) TEPS
0 34950 678 2 1 0.000603052 1.26142e+07
1 13763 1791 2 1 0.000568637 360511
2 25026 39805 2 1 0.000557478 762362
3 593 56173 2 1 0.000563909 4.29502e+06
4 12658 36781 2 1 0.000555839 2.59428e+06
5 16214 53357 2 1 0.000561048 468766
6 40812 569 2 1 0.000560952 5.87573e+06
7 65343 70670 4 1 0.000891631 2.57057e+07
8 740 25449 2 1 0.000557284 446810
9 20740 60612 3 1 0.000745438 7.57689e+07
10 15579 45879 2 1 0.000572116 561075
11 8333 58611 3 1 0.000721591 1.15675e+07
12 20991 62290 2 1 0.000558666 211217
13 17593 40234 2 1 0.000560247 819281
14 7378 66256 3 1 0.000754245 8.97281e+07
15 19469 20867 2 1 0.000561386 2.82515e+06
16 26803 69012 3 1 0.000720002 9.96942e+06
17 30942 47133 3 1 0.000733065 1.63069e+07
18 51811 68178 3 1 0.000713582 1.16315e+06
19 29200 47697 3 1 0.000747556 4.56153e+06
20 64732 28278 3 1 0.000733149 1.61168e+07
21 9714 33493 2 1 0.000566982 756638
22 71570 30720 2 1 0.000566426 686762
23 66656 19441 2 1 0.000564426 2.06227e+06
24 44333 70341 3 1 0.000717506 2.55886e+06
25 53184 27260 2 1 0.000562557 247086
26 20674 53838 2 1 0.00055891 1.86076e+06
27 6939 27105 2 1 0.000559859 1.08956e+06
28 35531 30927 2 1 0.000560802 356632
29 11932 69225 3 1 0.00074604 5.56659e+07
30 50396 58232 3 1 0.000738104 1.06354e+06
31 44083 34352 2 1 0.000560478 1.14723e+06
32 63714 39651 3 1 0.000722239 1.70525e+07
33 36640 49469 3 1 0.000735644 3.90841e+07
34 35704 47707 2 1 0.000592807 374489
35 50351 65644 3 1 0.000747548 803962
36 53417 58489 3 1 0.000714857 225220
37 6881 29226 2 1 0.000559976 564310
38 62480 56740 3 1 0.000716 857542
39 44450 69484 4 1 0.000886387 1.39894e+07
40 26752 45868 3 1 0.000724293 9.8289e+06
41 48935 40582 2 1 0.000565088 295529
42 7683 70143 3 1 0.000734395 2.61099e+07
43 53440 37493 2 1 0.00056553 634803
44 9153 74321 2 1 0.000566715 518779
45 41635 10760 2 1 0.000589961 2.54085e+06
46 15269 64535 3 1 0.000729975 2.18816e+07
47 8691 36220 2 1 0.000561482 835289
48 60435 59970 3 1 0.00077166 2.10326e+06
49 31804 22701 2 1 0.000564027 420193
50 46937 5365 2 1 0.00056235 337868
51 14803 8926 2 1 0.000561625 535945
52 48240 12040 2 1 0.000559624 752291
53 667 21124 2 1 0.000561067 5.82462e+06
54 12158 33989 2 1 0.000561943 437767
55 8415 39918 2 1 0.000570147 3.27635e+06
56 68764 23648 3 1 0.00075176 8.58652e+06
57 17189 7498 2 1 0.000562007 1.45906e+06
58 49109 14294 3 1 0.000745154 5.08982e+07
59 39715 23916 3 1 0.000759183 7.56932e+07
60 52442 58510 3 1 0.000714379 727905
61 60969 14912 3 1 0.00134899 1.026e+08
62 46613 69231 2 1 0.000562214 106721
63 23241 2000 2 1 0.000563962 3.9985e+06
64 65867 41893 2 1 0.000561919 743879
65 51967 13365 2 1 0.000561338 366980
66 6060 30292 2 1 0.000560514 469212
67 67703 63688 3 1 0.00072019 306863
68 74715 26494 2 1 0.000561721 151321
69 309 6630 2 1 0.000565491 2.51993e+06
70 18738 6282 2 1 0.000564943 6.16523e+06
71 198 14395 1 1 0.000431653 479552
72 9285 40206 2 1 0.000568294 276265
73 21310 56640 2 1 0.000565595 6.94313e+06
74 41815 38403 2 1 0.000561451 525424
75 45450 4385 2 1 0.000564262 1.03144e+06
76 49303 23140 2 1 0.00056225 1.00133e+06
77 65108 4602 3 1 0.000755716 9.48213e+07
78 32627 66637 2 1 0.000562245 736334
79 52035 25534 2 1 0.000562755 511768
80 9871 29220 2 1 0.000561133 465130
81 1650 54400 2 1 0.00061296 8.56826e+06
82 19591 59587 2 1 0.000566616 347678
83 60076 32924 2 1 0.000564265 763825
84 37514 56951 3 1 0.000721664 7.52566e+06
85 33171 69804 3 1 0.000725695 6.35804e+06
86 33790 41078 3 1 0.000727259 1.53082e+07
87 48952 17924 2 1 0.000562222 476680
88 28067 51336 3 1 0.000735875 2.13569e+07
89 71573 24825 2 1 0.000565503 746238
90 45481 48868 2 1 0.000564482 591693
91 5598 61891 3 1 0.000739173 1.41794e+07
92 68065 68465 3 1 0.000719651 347391
93 47975 63984 3 1 0.000777896 547631
94 61595 4973 3 1 0.000748061 7.0791e+07
95 52447 4591 3 1 0.000740448 4.95106e+07
96 13401 68043 3 1 0.00073607 1.63734e+07
97 14289 37959 2 1 0.000598911 2.16226e+06
98 38797 25464 2 1 0.00056828 424087
99 5127 71630 2 1 0.000565626 1.88994e+06
max-ST-CON-level 4
min_time 0.000431653 s
max_time 0.00134899 s
mean_time 0.000640081 s
stddev_time 0.000116509
min_CONPS                   741.295 
max_CONPS                   2316.68 
mean_CONPS                  1602.94 
stddev_CONPS                236.685 
mean_ST, mean_time, stddev_ST: 1602.94, 0.000640081, 236.685 
-----ST_CON_VISITED_NODES-----
min_visited, max_visited, mean_visited, stddev_visited: 3, 4432, 237.61, 603.483
