SCALE 16
Edgefactor 16.0
MPI-Nodes 1
Num-ST-CON=100
Filename graphs/symmetric/hugetrace-00020.mtx.alt
Seed1 632946733
Seed2 1805625117
ST-CON-RUN RED-V BLUE-V DEPTH MN-FOUND TIME(Sec) TEPS
0 7369862 143051 1815 1 2.46647 4.49689e+06
1 2902360 377741 1728 1 2.32558 4.58794e+06
2 5277209 8393555 368 1 0.462663 1.28425e+06
3 125142 11845030 1056 1 1.40521 3.57765e+06
4 2669149 7756066 973 1 1.32048 3.94968e+06
5 3418995 11251357 341 1 0.431579 1.21242e+06
6 8605981 120070 1739 1 2.31238 4.5816e+06
7 13778761 14901973 570 1 0.734019 2.02457e+06
8 156058 5366445 1344 1 1.76661 3.47286e+06
9 4373408 12781062 1093 1 1.46577 3.7536e+06
10 3285168 9674475 317 1 0.407748 1.23173e+06
11 1757224 12359194 1099 1 1.45431 3.25382e+06
12 4426327 13134882 2264 1 3.07814 4.91209e+06
13 3709847 8484095 1522 1 2.04597 4.50649e+06
14 1555978 13971197 1077 1 1.45065 4.07783e+06
15 4105511 4400267 306 1 0.39397 1.17741e+06
16 5651968 14552350 854 1 1.13996 3.29359e+06
17 6524738 9938923 1248 1 1.66667 3.91241e+06
18 10925290 14376455 1719 1 2.32649 4.80546e+06
19 6157471 10057750 1630 1 2.23314 5.37155e+06
20 13649952 5963027 945 1 1.20952 2.62164e+06
21 2048388 7062546 1366 1 1.84019 4.58768e+06
22 15091871 6478008 1816 1 2.46157 4.678e+06
23 14055633 4099466 1413 1 1.90479 5.11158e+06
24 9348523 14832656 275 1 0.364171 1.27089e+06
25 11214831 5748265 1732 1 2.35642 4.51762e+06
26 4359590 11352723 328 1 0.420482 1.20495e+06
27 1463250 5715627 994 1 1.2878 2.73618e+06
28 7492366 6521529 1816 1 2.40914 3.80399e+06
29 2516136 14597254 788 1 1.03719 2.91588e+06
30 10626912 12279182 839 1 1.09008 2.88211e+06
31 9295613 7243730 1553 1 2.10931 5.77026e+06
32 13435223 8361212 1219 1 1.61611 3.67698e+06
33 7726219 10431336 912 1 1.22277 3.61726e+06
34 7528960 10059864 526 1 0.661015 1.79573e+06
35 10617511 13842133 1767 1 2.36959 4.90706e+06
36 11264000 12333465 1319 1 1.77598 3.938e+06
37 1450992 6162828 1563 1 2.11064 4.77734e+06
38 13174914 11964678 906 1 1.17746 2.76283e+06
39 9373021 14651907 903 1 1.20819 4.06063e+06
40 5641265 9672145 1763 1 2.40751 6.61717e+06
41 10318751 8557412 600 1 0.810728 2.63758e+06
42 1620137 14790842 1401 1 1.89527 4.47206e+06
43 11268771 7906135 1968 1 2.67983 4.76602e+06
44 1930261 15671783 243 1 0.329893 867783
45 8779490 2268956 865 1 1.1533 3.35916e+06
46 3219819 13608353 990 1 1.31691 3.44403e+06
47 1832780 7637730 873 1 1.1553 3.19821e+06
48 12743724 12645641 745 1 0.968419 2.6581e+06
49 6706524 4787075 374 1 0.468372 1.16457e+06
50 9897584 1131370 1839 1 2.4559 4.32421e+06
51 3121529 1882319 676 1 0.882245 2.64333e+06
52 10172318 2538873 1240 1 1.6704 4.24289e+06
53 140669 4454384 1327 1 1.78495 4.42906e+06
54 2563815 7167137 718 1 0.96296 2.92693e+06
55 1774558 8417469 462 1 0.562455 1.31255e+06
56 14500124 4986687 1297 1 1.70583 3.93517e+06
57 3624629 1581217 968 1 1.29473 3.63196e+06
58 10355430 3014181 1312 1 1.77935 4.51379e+06
59 8374586 5043220 921 1 1.22014 3.30577e+06
60 11058351 12337842 343 1 0.435221 1.32745e+06
61 12856353 3144560 1632 1 2.20755 4.35251e+06
62 9829110 14598482 1199 1 1.57261 3.33708e+06
63 4900832 421822 1591 1 2.12965 4.63472e+06
64 13889285 8833951 1950 1 2.64957 5.03028e+06
65 10958189 2818249 688 1 0.890335 2.24656e+06
66 1277863 6387765 1510 1 2.03754 4.02912e+06
67 14276391 13429800 1594 1 2.0886 4.31116e+06
68 15755006 5586705 2046 1 2.77703 4.11751e+06
69 65337 1398158 1398 1 1.88409 4.89639e+06
70 3951385 1324805 801 1 1.00399 2.20574e+06
71 41830 3035495 1078 1 1.40314 3.11411e+06
72 1958041 8478267 597 1 0.787775 2.57321e+06
73 4493615 11943514 1219 1 1.63877 3.86109e+06
74 8817477 8097907 355 1 0.450843 1.43661e+06
75 9583996 924815 1410 1 1.91222 4.2951e+06
76 10396347 4879516 1687 1 2.28645 5.84346e+06
77 13729119 970604 1893 1 2.54755 4.32782e+06
78 6880135 14051543 1633 1 2.16992 4.20455e+06
79 10972421 5384458 1529 1 2.05167 4.53964e+06
80 2081588 6161635 1312 1 1.74305 3.35832e+06
81 348013 11471130 801 1 1.06279 3.2619e+06
82 4131224 12564922 1242 1 1.65364 3.62369e+06
83 12668163 6942733 2127 1 2.85905 5.05733e+06
84 7910517 12009060 2488 1 3.367 5.13899e+06
85 6994809 14719424 1490 1 2.00615 4.94142e+06
86 7125375 8662106 1398 1 1.89799 4.44856e+06
87 10322459 3779677 1229 1 1.67074 4.55646e+06
88 5918549 10825142 1219 1 1.62902 3.78745e+06
89 15092445 5234918 1926 1 2.60501 4.18283e+06
90 9590429 10304716 487 1 0.640048 2.13368e+06
91 1180599 13050855 1104 1 1.47107 4.06694e+06
92 14352619 14437101 382 1 0.475704 795470
93 10116371 13492239 607 1 0.780081 2.24218e+06
94 12988495 1048721 1096 1 1.46656 4.21913e+06
95 11059318 968220 968 1 1.28367 3.3157e+06
96 2825982 14348124 881 1 1.14106 2.52907e+06
97 3013105 8004469 691 1 0.911495 2.86761e+06
98 8181090 5369699 1860 1 2.51308 4.05077e+06
99 1081163 15104429 1491 1 1.99196 3.30061e+06
max-ST-CON-level 2488
min_time 0.329893 s
max_time 3.367 s
mean_time 1.57118 s
stddev_time 0.712561
min_CONPS                   0.297 
max_CONPS                   3.03128 
mean_CONPS                  0.870142 
stddev_CONPS                0.616772 
mean_ST, mean_time, stddev_ST: 0.870142, 1.57118, 0.616772 
-----ST_CON_VISITED_NODES-----
min_visited, max_visited, mean_visited, stddev_visited: 190825, 1.1538e+07, 4.24996e+06, 2.77145e+06
