SCALE 16
Edgefactor 16.0
MPI-Nodes 1
Num-ST-CON=100
Filename graphs/streets/great-britain_osm.mtx.txt.alt
Seed1 524668792
Seed2 90648468
ST-CON-RUN RED-V BLUE-V DEPTH MN-FOUND TIME(Sec) TEPS
0 3561788 69135 755 1 0.565124 3.66165e+06
1 1402684 182559 1682 1 1.1631 3.81382e+06
2 2550428 4056530 213 1 0.139907 588217
3 60480 5724597 566 1 0.366532 2.90201e+06
4 1289976 3748437 2027 1 1.41133 4.6165e+06
5 1652369 5437680 437 1 0.252788 643087
6 4159193 58028 389 1 0.266065 2.82946e+06
7 6659152 7201990 429 1 0.252735 1.59476e+06
8 75421 2593555 273 1 0.177191 1.92475e+06
9 2113629 6176973 395 1 0.242205 1.972e+06
10 1587692 4675587 1356 1 0.972806 4.33313e+06
11 849250 5973087 1021 1 0.603651 2.8649e+06
12 2139204 6347971 371 1 0.222244 835385
13 1792935 4100287 1095 1 0.761804 3.77265e+06
14 751990 6752154 1684 1 1.24212 4.90299e+06
15 1984156 2126609 2735 1 1.91698 3.83054e+06
16 2731545 7033020 1199 1 0.86323 4.76041e+06
17 3153347 4803392 2028 1 1.47923 4.15145e+06
18 5280094 6948012 528 1 0.306027 1.55766e+06
19 2975851 4860820 1070 1 0.743522 3.75834e+06
20 6596900 2881878 198 1 0.134797 1.25607e+06
21 989967 3413265 238 1 0.154208 1.20564e+06
22 7293766 3130763 638 1 0.440471 3.25311e+06
23 6792961 1981235 668 1 0.467083 3.45114e+06
24 4518057 7168490 541 1 0.319773 1.4486e+06
25 5420027 2778085 2541 1 1.85665 3.9306e+06
26 2106951 5486669 270 1 0.17062 1.15693e+06
27 707176 2762311 491 1 0.290273 2.279e+06
28 3620993 3151796 1059 1 0.733519 4.05695e+06
29 1216026 7054722 1212 1 0.807089 3.39121e+06
30 5135891 5934419 818 1 0.474766 2.66101e+06
31 4492486 3500829 981 1 0.548058 2.42846e+06
32 6493123 4040899 918 1 0.599806 3.13883e+06
33 3734012 5041371 1078 1 0.732806 4.08442e+06
34 3638679 4861842 556 1 0.317045 1.67981e+06
35 5131348 6689779 1112 1 0.772468 3.61969e+06
36 5443790 5960653 1007 1 0.717624 3.76737e+06
37 701251 2978439 1116 1 0.795095 3.93994e+06
38 6367318 5782421 1035 1 0.748004 4.60788e+06
39 4529897 7081135 1425 1 1.00715 4.63714e+06
40 2726373 4674461 1293 1 0.905683 4.2316e+06
41 4986960 4135720 258 1 0.161974 513047
42 782997 7148282 222 1 0.147011 1.11147e+06
43 5446096 3820964 880 1 0.647343 4.31406e+06
44 932878 7574032 1216 1 0.899534 3.93807e+06
45 4243049 1096566 870 1 0.605218 3.74796e+06
46 1556109 6576795 1046 1 0.696249 3.70003e+06
47 885766 3691247 379 1 0.224679 1.20871e+06
48 6158927 6111525 510 1 0.328499 2.24063e+06
49 3241203 2313550 1336 1 0.989648 4.47143e+06
50 4783413 546781 1651 1 1.05357 3.78536e+06
51 1508607 909708 1069 1 0.778678 4.91213e+06
52 4916190 1227014 143 1 0.105231 579479
53 67984 2152764 498 1 0.285624 1.70257e+06
54 1239068 3463813 1176 1 0.831186 5.26751e+06
55 857628 4068087 814 1 0.581225 4.0808e+06
56 7007780 2410021 2090 1 1.40343 4.0675e+06
57 1751750 764188 868 1 0.474228 1.68621e+06
58 5004686 1456726 949 1 0.650085 3.41825e+06
59 4047362 2437343 829 1 0.602677 4.73108e+06
60 5344402 5962769 622 1 0.396201 2.49553e+06
61 6213360 1519738 2404 1 1.50723 3.81156e+06
62 4750321 7055316 1469 1 0.90408 3.01542e+06
63 2368528 203863 381 1 0.260028 2.36117e+06
64 6712567 4269369 386 1 0.25477 1.95059e+06
65 5295995 1362034 1912 1 1.45154 4.75216e+06
66 617580 3087149 620 1 0.417646 3.01273e+06
67 6899652 6490502 1815 1 1.36044 4.94306e+06
68 7614253 2700004 1053 1 0.663957 3.02642e+06
69 31577 675717 1346 1 0.97276 4.16512e+06
70 1909669 640266 818 1 0.596534 3.6615e+06
71 20216 1467027 594 1 0.39946 2.95474e+06
72 946303 4097470 720 1 0.505566 3.75138e+06
73 2171724 5772193 449 1 0.300157 2.2746e+06
74 4261408 3913646 1179 1 0.8317 3.442e+06
75 4631859 446954 671 1 0.410704 2.52172e+06
76 5024461 2358226 680 1 0.496424 3.58572e+06
77 6635160 469084 664 1 0.417899 2.1144e+06
78 3325107 6790985 1117 1 0.784532 3.9023e+06
79 5302873 2602260 618 1 0.373084 2.17551e+06
80 1006013 2977863 2383 1 1.68606 3.93394e+06
81 168192 5543894 860 1 0.596694 3.8879e+06
82 1996583 6072514 676 1 0.435026 2.49048e+06
83 6122410 3355360 587 1 0.37384 2.34853e+06
84 3823082 5803871 497 1 0.322013 2.31702e+06
85 3380528 7113766 286 1 0.187398 1.81503e+06
86 3443630 4186318 631 1 0.414475 2.93401e+06
87 4988752 1826684 540 1 0.324911 2.06992e+06
88 2860381 5231694 1074 1 0.733421 4.11918e+06
89 7294043 2529989 577 1 0.375443 2.68604e+06
90 4634968 4980177 638 1 0.417835 2.93224e+06
91 570573 6307361 363 1 0.216611 686331
92 6936492 6977322 1042 1 0.698329 3.54859e+06
93 4889152 6520678 1437 1 1.05453 4.95807e+06
94 6277223 506837 2069 1 1.52012 4.55097e+06
95 5344869 467932 1008 1 0.674458 3.97401e+06
96 1365772 6934320 1061 1 0.794057 5.33463e+06
97 1456206 3868488 1112 1 0.646532 3.19883e+06
98 3953847 2595127 659 1 0.462768 3.64322e+06
99 522516 7299835 1488 1 0.968003 3.5194e+06
max-ST-CON-level 2735
min_time 0.105231 s
max_time 1.91698 s
mean_time 0.646149 s
stddev_time 0.406371
min_CONPS                   0.521654 
max_CONPS                   9.50293 
mean_CONPS                  2.36357 
stddev_CONPS                1.73721 
mean_ST, mean_time, stddev_ST: 2.36357, 0.646149, 1.73721 
-----ST_CON_VISITED_NODES-----
min_visited, max_visited, mean_visited, stddev_visited: 56173, 6.95749e+06, 2.24935e+06, 1.86615e+06
