SCALE 16
Edgefactor 16.0
MPI-Nodes 1
Num-ST-CON=100
Filename graphs/dense/amazon0302.txt
Seed1 761848973
Seed2 1771627414
ST-CON-RUN RED-V BLUE-V DEPTH MN-FOUND TIME(Sec) TEPS
0 120714 2343 4 1 0.00176201 819520
1 47539 6187 4 1 0.00137248 942088
2 86438 137482 4 1 0.00139908 806241
3 2049 194016 4 1 0.00142237 3.79719e+06
4 43719 127040 4 1 0.00141654 1.65192e+06
5 56001 184291 5 1 0.00160163 2.83586e+06
6 140961 1966 5 1 0.00158736 4.25674e+06
7 225689 244087 4 1 0.00215859 6.3662e+06
8 2556 87899 3 1 0.00122966 406615
9 71634 209347 3 1 0.00123743 162433
10 53809 158463 4 1 0.00143286 4.62362e+06
11 28782 202437 4 1 0.00140615 842728
12 72501 215143 5 1 0.00158869 1.89967e+06
13 60765 138965 3 1 0.00124245 199606
14 25486 228841 4 1 0.00142505 1.88133e+06
15 67246 72074 4 1 0.00143707 3.47235e+06
16 92576 238360 5 1 0.0016337 4.78485e+06
17 106872 162794 5 1 0.00232539 7.64516e+06
18 178951 235479 5 1 0.00159803 2.77154e+06
19 100856 164741 6 1 0.00177524 3.15732e+06
20 223579 97671 4 1 0.00134397 464297
21 33551 115681 6 1 0.00202199 5.89962e+06
22 247197 106106 7 1 0.00254848 1.60362e+07
23 230224 67147 4 1 0.00138276 1.89115e+06
24 153124 242951 5 1 0.00153849 1.66592e+06
25 183693 94153 4 1 0.00135821 798844
26 71408 185952 4 1 0.00139371 1.11644e+06
27 23967 93619 4 1 0.00137676 1.59796e+06
28 122721 106819 4 1 0.0013594 1.00044e+06
29 41213 239096 6 1 0.0020289 5.7997e+06
30 174063 201127 4 1 0.00141474 1.23132e+06
31 152257 118648 4 1 0.00139144 4.37461e+06
32 220062 136952 3 1 0.00118145 609423
33 126551 170860 4 1 0.00161821 585214
34 123320 164775 4 1 0.00138531 1.72524e+06
35 173909 226727 5 1 0.00154218 2.22996e+06
36 184499 202016 6 1 0.00240027 1.58924e+07
37 23766 100944 6 1 0.00234184 7.14694e+06
38 215798 195975 7 1 0.00252697 1.20658e+07
39 153525 239991 5 1 0.00154636 2.86803e+06
40 92401 158425 5 1 0.00156005 2.06532e+06
41 169016 140166 4 1 0.00136006 677174
42 26537 242267 5 1 0.00183972 5.67968e+06
43 184577 129498 5 1 0.00220434 1.15795e+07
44 31616 256696 4 1 0.00136329 787069
45 143803 37164 4 1 0.00138071 3.03613e+06
46 52739 222898 4 1 0.00135757 869935
47 30020 125102 5 1 0.00157302 4.47801e+06
48 208736 207129 4 1 0.00123906 1.61816e+06
49 109849 78410 7 1 0.00245888 5.96736e+06
50 162117 18531 5 1 0.00215767 5.80254e+06
51 51129 30831 4 1 0.00138844 2.22336e+06
52 166617 41585 5 1 0.0015445 2.73292e+06
53 2304 72960 5 1 0.00155718 5.334e+06
54 41994 117394 4 1 0.00139931 5.68209e+06
55 29066 137874 5 1 0.00153429 1.9742e+06
56 237505 81679 6 1 0.00168562 1.91443e+06
57 59369 25899 3 1 0.00121109 159360
58 169617 49370 4 1 0.00139694 1.01292e+06
59 137171 82605 4 1 0.00136879 470489
60 181130 202088 6 1 0.00168979 876439
61 210581 51506 6 1 0.00242292 1.95591e+07
62 160996 239116 4 1 0.00137519 1.24201e+06
63 80273 6909 4 1 0.00138619 2.79399e+06
64 227499 144695 5 1 0.00154522 1.41986e+06
65 179489 46161 4 1 0.0020311 8.67509e+06
66 20930 104628 4 1 0.00138551 1.23204e+06
67 233840 219973 7 1 0.00300737 4.42898e+07
68 258059 91507 5 1 0.0015326 1.96073e+06
69 1070 22901 3 1 0.00120886 498816
70 64721 21699 4 1 0.00135977 560390
71 685 49719 3 1 0.00121759 1.73869e+06
72 32071 138870 4 1 0.0014343 3.32007e+06
73 73603 195629 5 1 0.00155807 3.99083e+06
74 144426 132639 4 1 0.00136737 1.1299e+06
75 156981 15148 6 1 0.00169841 3.49269e+06
76 170287 79924 6 1 0.00235155 5.21358e+06
77 224876 15898 5 1 0.00161677 5.47264e+06
78 112693 230157 3 1 0.00122895 881242
79 179723 88194 6 1 0.00172616 3.27085e+06
80 34095 100924 3 1 0.00120675 2.32194e+06
81 5700 187891 5 1 0.00153453 3.57959e+06
82 67667 205807 4 1 0.00139319 3.07281e+06
83 207498 113718 6 1 0.00231411 5.39559e+06
84 129570 196702 4 1 0.00138127 604516
85 114571 241097 5 1 0.00155284 1.62025e+06
86 116710 141881 5 1 0.00154426 1.02897e+06
87 169077 61909 5 1 0.00220225 6.3208e+06
88 96943 177310 6 1 0.00233078 6.85308e+06
89 247207 85745 5 1 0.00158375 5.38974e+06
90 157086 168786 5 1 0.00157083 5.46017e+06
91 19337 213766 4 1 0.00138634 3.62536e+06
92 235089 236472 5 1 0.00155066 4.97466e+06
93 165701 220996 4 1 0.00139458 1.57395e+06
94 212745 17177 5 1 0.00155129 1.38723e+06
95 181146 15858 4 1 0.00139984 2.7046e+06
96 46288 235015 3 1 0.00121318 236569
97 49353 131109 3 1 0.00120993 539700
98 134002 87953 5 1 0.00154817 3.20119e+06
99 17708 247403 5 1 0.00155698 4.48432e+06
max-ST-CON-level 7
min_time 0.00118145 s
max_time 0.00300737 s
mean_time 0.00160903 s
stddev_time 0.000375398
min_CONPS                   332.516 
max_CONPS                   846.421 
mean_CONPS                  648.699 
stddev_CONPS                120.947 
mean_ST, mean_time, stddev_ST: 648.699, 0.00160903, 120.947 
-----ST_CON_VISITED_NODES-----
min_visited, max_visited, mean_visited, stddev_visited: 54, 36510, 1992.54, 4097.17
