SCALE 16
Edgefactor 16.0
MPI-Nodes 1
Num-ST-CON=100
Filename graphs/dense/amazon0302.txt
Seed1 210121114
Seed2 1790578428
ST-CON-RUN RED-V BLUE-V DEPTH MN-FOUND TIME(Sec) TEPS
0 120714 2343 4 1 0.00172086 842022
1 47539 6187 4 1 0.00138442 934686
2 86438 137482 4 1 0.0013724 821917
3 2049 194016 4 1 0.00140669 3.83807e+06
4 43719 127040 4 1 0.00140226 1.66874e+06
5 56001 184291 5 1 0.00158083 2.87506e+06
6 140961 1966 5 1 0.00159639 4.23894e+06
7 225689 244087 4 1 0.00216191 6.35641e+06
8 2556 87899 3 1 0.00120661 414383
9 71634 209347 3 1 0.00121249 165775
10 53809 158463 4 1 0.00143684 4.60943e+06
11 28782 202437 4 1 0.00136025 871166
12 72501 215143 5 1 0.00157008 1.92156e+06
13 60765 138965 3 1 0.00121386 204307
14 25486 228841 4 1 0.00140636 1.90705e+06
15 67246 72074 4 1 0.00141101 3.53647e+06
16 92576 238360 5 1 0.00158885 4.91991e+06
17 106872 162794 5 1 0.00214843 8.27487e+06
18 178951 235479 5 1 0.00152769 2.89915e+06
19 100856 164741 6 1 0.00170193 3.2945e+06
20 223579 97671 4 1 0.00133759 463520
21 33551 115681 6 1 0.00205612 5.7988e+06
22 247197 106106 7 1 0.00254626 1.60486e+07
23 230224 67147 4 1 0.00136163 1.92343e+06
24 153124 242951 5 1 0.00150992 1.69744e+06
25 183693 94153 4 1 0.00134606 803826
26 71408 185952 4 1 0.00134202 1.16317e+06
27 23967 93619 4 1 0.00134261 1.6386e+06
28 122721 106819 4 1 0.0013556 1.00399e+06
29 41213 239096 6 1 0.00201592 5.83705e+06
30 174063 201127 4 1 0.00137634 1.26422e+06
31 152257 118648 4 1 0.00138213 4.40406e+06
32 220062 136952 3 1 0.00120082 599591
33 126551 170860 4 1 0.00137296 689750
34 123320 164775 4 1 0.00134439 1.77924e+06
35 173909 226727 5 1 0.00152516 2.25485e+06
36 184499 202016 6 1 0.00247105 1.54372e+07
37 23766 100944 6 1 0.0025527 6.5566e+06
38 215798 195975 7 1 0.00249946 1.21987e+07
39 153525 239991 5 1 0.00151754 2.9238e+06
40 92401 158425 5 1 0.00149256 2.15871e+06
41 169016 140166 4 1 0.00156006 590363
42 26537 242267 5 1 0.00188427 5.54538e+06
43 184577 129498 5 1 0.00244034 1.04584e+07
44 31616 256696 4 1 0.00137932 777922
45 143803 37164 4 1 0.00134097 3.12461e+06
46 52739 222898 4 1 0.00155192 760990
47 30020 125102 5 1 0.00153912 4.576e+06
48 208736 207129 4 1 0.00134813 1.48725e+06
49 109849 78410 7 1 0.00247287 5.93116e+06
50 162117 18531 5 1 0.00200169 6.25671e+06
51 51129 30831 4 1 0.00135445 2.27768e+06
52 166617 41585 5 1 0.00152422 2.77256e+06
53 2304 72960 5 1 0.00153694 5.40163e+06
54 41994 117394 4 1 0.00141332 5.62577e+06
55 29066 137874 5 1 0.0015199 1.9929e+06
56 237505 81679 6 1 0.00165762 1.94677e+06
57 59369 25899 3 1 0.00140377 137487
58 169617 49370 4 1 0.00136122 1.03951e+06
59 137171 82605 4 1 0.00135421 475553
60 181130 202088 6 1 0.00164128 902347
61 210581 51506 6 1 0.00240612 1.96931e+07
62 160996 239116 4 1 0.00135384 1.26159e+06
63 80273 6909 4 1 0.00136259 2.84239e+06
64 227499 144695 5 1 0.00151446 1.4487e+06
65 179489 46161 4 1 0.00199976 8.81104e+06
66 20930 104628 4 1 0.00135928 1.25581e+06
67 233840 219973 7 1 0.00299317 4.45001e+07
68 258059 91507 5 1 0.00153013 1.9652e+06
69 1070 22901 3 1 0.00117856 511641
70 64721 21699 4 1 0.00134811 565236
71 685 49719 3 1 0.0012102 1.74929e+06
72 32071 138870 4 1 0.00124201 3.83652e+06
73 73603 195629 5 1 0.00154468 4.02738e+06
74 144426 132639 4 1 0.00131584 1.17492e+06
75 156981 15148 6 1 0.00170955 3.47343e+06
76 170287 79924 6 1 0.00232054 5.28326e+06
77 224876 15898 5 1 0.00154363 5.73129e+06
78 112693 230157 3 1 0.0011845 915999
79 179723 88194 6 1 0.00170715 3.30728e+06
80 34095 100924 3 1 0.00123619 2.26827e+06
81 5700 187891 5 1 0.00153141 3.581e+06
82 67667 205807 4 1 0.00136325 3.14176e+06
83 207498 113718 6 1 0.00233246 5.35315e+06
84 129570 196702 4 1 0.00135874 614540
85 114571 241097 5 1 0.00152523 1.64959e+06
86 116710 141881 5 1 0.00150746 1.05409e+06
87 169077 61909 5 1 0.00216492 6.4298e+06
88 96943 177310 6 1 0.00228967 6.97612e+06
89 247207 85745 5 1 0.00153805 5.54987e+06
90 157086 168786 5 1 0.00159976 5.36081e+06
91 19337 213766 4 1 0.00137469 3.65609e+06
92 235089 236472 5 1 0.00154836 4.98204e+06
93 165701 220996 4 1 0.0013578 1.61658e+06
94 212745 17177 5 1 0.00150785 1.42719e+06
95 181146 15858 4 1 0.00136737 2.76882e+06
96 46288 235015 3 1 0.00118466 242263
97 49353 131109 3 1 0.00119236 547655
98 134002 87953 5 1 0.00154245 3.20918e+06
99 17708 247403 5 1 0.00153685 4.54826e+06
max-ST-CON-level 7
min_time 0.00117856 s
max_time 0.00299317 s
mean_time 0.00159528 s
stddev_time 0.000383023
min_CONPS                   334.095 
max_CONPS                   848.493 
mean_CONPS                  655.403 
stddev_CONPS                123.369 
mean_ST, mean_time, stddev_ST: 655.403, 0.00159528, 123.369 
-----ST_CON_VISITED_NODES-----
min_visited, max_visited, mean_visited, stddev_visited: 54, 36510, 1992.55, 4097.1
